0 0 0.0478516 0.00195312 0.0439453 0.0253906 0.0429688 0.0360977 0.043499 0.0410156 0.0410156 0.0488281 0.0419922 0.0625 0.0517578 0.0732422 0.0507812 0.0771484 0.0634766 0.0800781 0.0722656 0.09375 0.0927734 0.0996094 0.0878906 0.106445 0.0947266 0.118164 0.112305 0.113281 0.125 0.117188 0.128906 0.12207 0.125 0.128906 0.128906 0.131836 0.133789 0.129883 0.139648 0.125977 0.148438 0.116211 0.150391 0.109375 0.150391 0.112305 0.164062 0.103516 0.169922 0.0986328 0.186523 0.0751953 0.201172 0.0712891 0.212891 0.0537109 0.210938 0.0507812 0.201172 0.0302734 0.195312 0.0234375 0.194336 0.00585938 0.192383 0 0.179301
0 0.00878906 0.236328 0.0117188 0.231445 0.0224609 0.237305 0.0322266 0.231445 0.0400391 0.226562 0.0488281 0.240234 0.0556641 0.237305 0.0605469 0.244141 0.0634766 0.25293 0.0742188 0.253906 0.0820312 0.263672 0.0878906 0.275391 0.0908203 0.291992 0.0839844 0.327148 0.078125 0.331055 0.078125 0.341797 0.0693359 0.348633 0.0673828 0.355469 0.0585938 0.359375 0.0537109 0.357422 0.0458984 0.367188 0.0263672 0.363281 0.0283203 0.357422 0.0224609 0.347656 0.0146484 0.338867 0.00488281 0.341797 0 0.334961 0 0.240234 0.00195312 0.239258 0.00585938 0.237305 0.00878906 0.241211
0 0 0.40625 0.015625 0.404297 0.015625 0.398438 0.0195312 0.395508 0.0273438 0.396484 0.0290244 0.400028 0.03125 0.396484 0.0351562 0.395508 0.0400391 0.399414 0.0400391 0.40332 0.0429688 0.40625 0.0471016 0.404246 0.0556641 0.407227 0.0595703 0.404297 0.0693359 0.405273 0.0703125 0.40918 0.0712891 0.410156 0.0751953 0.40918 0.0820312 0.410156 0.0820312 0.413086 0.0820312 0.418945 0.0810547 0.425781 0.0820498 0.435278 0.0839844 0.438477 0.0849609 0.441406 0.0878906 0.44043 0.0878906 0.4375 0.09375 0.435547 0.0957031 0.438477 0.0957031 0.443359 0.0976562 0.447266 0.09375 0.452148 0.0898438 0.46582 0.0878906 0.472656 0.0820312 0.481445 0.0712891 0.485352 0.0712891 0.495117 0.0644531 0.498047 0.0595703 0.49707 0.0428828 0.501862 0.03125 0.49707 0.0263672 0.500977 0.0146484 0.498047 0.00878906 0.501953 0 0.505779
0 0 0.569336 0.0078125 0.55957 0.0078125 0.555664 0.0117188 0.552734 0.0175781 0.550781 0.0263672 0.556641 0.0332031 0.551758 0.0419922 0.550781 0.0478516 0.553711 0.0488281 0.557617 0.0527344 0.557617 0.0556641 0.561523 0.0605469 0.564453 0.0595703 0.568359 0.0625 0.569336 0.0615234 0.573242 0.0644531 0.574219 0.0751953 0.561523 0.0820312 0.56543 0.0878906 0.573242 0.0927734 0.574219 0.0957031 0.576172 0.0947266 0.582031 0.09375 0.584961 0.0927734 0.605469 0.0845557 0.645365 0.0800781 0.650391 0.0771484 0.652344 0.0687803 0.668372 0.0703125 0.672852 0.0576172 0.682617 0.0537109 0.688477 0.0498047 0.689453 0.0449219 0.689453 0.0390625 0.696289 0.0380859 0.691406 0.0341797 0.689453 0.0332031 0.691406 0.0322266 0.693359 0.0292969 0.694336 0.0244141 0.693359 0.0253906 0.69043 0.0185547 0.69043 0.0166016 0.695312 0.0136719 0.693359 0.0107422 0.695312 0.00683594 0.696289 0.00488281 0.695312 0.00390625 0.691406 0.00195312 0.69043 0 0.69043
0 0 0.719727 0.00488281 0.71875 0.0214844 0.713867 0.0253906 0.709961 0.0292969 0.706055 0.0410156 0.703125 0.0439453 0.702148 0.0458984 0.697266 0.0527344 0.704102 0.0537109 0.711914 0.0625 0.713867 0.0673828 0.716797 0.0712891 0.71875 0.0761719 0.767578 0.0742188 0.773438 0.0712891 0.791016 0.0771484 0.796875 0.0771484 0.811523 0.0673828 0.820312 0.0664062 0.826172 0.0664062 0.844727 0.0576172 0.84668 0.0478516 0.850586 0.0380859 0.863281 0.0292969 0.860352 0.0234375 0.856445 0.0175781 0.858398 0.0136719 0.863281 0.00878906 0.863281 0.00976562 0.860352 0.00390625 0.861328 0.00195312 0.857422 0 0.857422
0 0.0078125 0.883789 0.0126953 0.886719 0.0244141 0.883789 0.0302734 0.87793 0.046875 0.892578 0.0615234 0.891602 0.0673828 0.90332 0.0585938 0.915039 0.0644531 0.920898 0.0722656 0.916016 0.0771484 0.917969 0.078125 0.926758 0.0722656 0.929688 0.0742188 0.938477 0.0712891 0.944336 0.0800781 0.942383 0.0839844 0.944336 0.0839844 0.953125 0.0800781 0.956055 0.0722656 0.966797 0.0625 0.973633 0.0644531 0.994141 0.0506855 1 0 1 0 0.887695
0 0.126953 0.919922 0.123047 0.923828 0.116666 0.924413 0.112305 0.922852 0.104492 0.919922 0.0996094 0.914062 0.102539 0.908203 0.103616 0.901851 0.109375 0.898438 0.112305 0.896484 0.118164 0.898438 0.125 0.897461 0.12793 0.897461 0.133789 0.899414 0.131058 0.908559 0.129594 0.915145
0 0.12793 0.828125 0.124532 0.830234 0.119141 0.829102 0.112759 0.829211 0.107128 0.820338 0.110352 0.813477 0.117188 0.806641 0.128906 0.804688 0.133404 0.811978 0.134429 0.816584 0.132812 0.822266 0.133789 0.825195 0.130859 0.826172
0 0.22168 0.824219 0.21582 0.825195 0.209961 0.828125 0.205078 0.824219 0.200195 0.821289 0.193359 0.814453 0.201172 0.801758 0.202148 0.795898 0.212891 0.791016 0.216797 0.78125 0.223633 0.785156 0.229492 0.794922 0.230332 0.799969 0.228516 0.814453 0.230469 0.818359
0 0.211914 0.910156 0.204102 0.912109 0.199219 0.907227 0.194336 0.907227 0.186523 0.904297 0.189453 0.886719 0.193359 0.884766 0.198242 0.875 0.204102 0.878906 0.212891 0.87207 0.216797 0.875 0.224609 0.875 0.225586 0.881836 0.224609 0.892578 0.219727 0.90332 0.21582 0.907227
0 0.203125 0.994141 0.19043 0.991211 0.187095 0.976042 0.194322 0.967632 0.204047 0.963032 0.214298 0.963558 0.21824 0.973939 0.217451 0.981956
0 0.296875 0.984375 0.290039 0.987305 0.27908 0.978329 0.276093 0.961151 0.283203 0.957031 0.289062 0.948242 0.303427 0.953086 0.305664 0.963867
0 0.308953 0.890501 0.303711 0.892578 0.302083 0.894533 0.292969 0.894531 0.283203 0.891602 0.280723 0.887812 0.28125 0.875 0.288086 0.867188 0.295898 0.862305 0.305816 0.864361 0.314453 0.867188 0.31543 0.87207 0.313477 0.876953 0.30957 0.876953 0.3125 0.881836
0 0.380859 0.966797 0.374023 0.96582 0.37207 0.966797 0.369141 0.962891 0.368164 0.958984 0.361328 0.952148 0.368164 0.950195 0.369141 0.941406 0.367188 0.935547 0.379883 0.927734 0.387321 0.929751 0.388672 0.927734 0.398438 0.931641 0.402344 0.949219 0.395508 0.949219 0.398438 0.956055 0.393555 0.958008 0.394531 0.962891 0.389648 0.963867 0.383789 0.962891
0 0.478516 0.861328 0.470703 0.860352 0.464844 0.847656 0.461914 0.841797 0.46582 0.841797 0.46875 0.827148 0.474609 0.826172 0.482422 0.824219 0.487305 0.825195 0.491211 0.828125 0.494958 0.836546 0.496094 0.848633 0.491211 0.852539 0.484375 0.857422
0 0.485352 0.948242 0.481445 0.949219 0.477539 0.954102 0.458592 0.945645 0.456055 0.924805 0.464844 0.918945 0.46875 0.913086 0.474609 0.910156 0.482422 0.915039 0.487305 0.924805 0.489258 0.9375
0 0.387695 0.847656 0.383789 0.84375 0.380859 0.845703 0.376953 0.844727 0.374023 0.84082 0.37793 0.827148 0.374023 0.819336 0.378906 0.814453 0.389648 0.817383 0.399414 0.817383 0.399414 0.824219 0.40332 0.828125 0.401367 0.84082 0.395508 0.84375 0.392578 0.84375
0 0.576172 0.84082 0.572266 0.844727 0.56543 0.84375 0.557559 0.840349 0.555173 0.823862 0.561246 0.807593 0.567383 0.801758 0.573242 0.805664 0.582031 0.801758 0.588867 0.802734 0.591797 0.817383 0.589844 0.831055 0.586914 0.838867
0 0.573828 0.925599 0.556641 0.932617 0.547852 0.928711 0.547852 0.921875 0.541992 0.922852 0.542591 0.908679 0.555606 0.893928 0.572266 0.891602 0.58077 0.910197
0 0.661133 0.821289 0.657802 0.820532 0.649414 0.819336 0.645508 0.81543 0.641495 0.801371 0.651367 0.791992 0.661133 0.789062 0.666016 0.790039 0.669922 0.798828 0.668945 0.801758 0.672852 0.804688 0.668945 0.816406 0.663086 0.81543
0 0.658203 0.916992 0.650391 0.918945 0.644531 0.90918 0.642578 0.897461 0.637214 0.890449 0.643555 0.886719 0.655273 0.879883 0.666016 0.887695 0.667969 0.90625 0.665039 0.912109 0.662109 0.916992
0 0.665039 1 0.647461 1 0.626953 1 0.626953 0.994141 0.628906 0.983398 0.626953 0.975586 0.643555 0.967773 0.649414 0.96875 0.65625 0.964844 0.663086 0.978516 0.665039 0.990234
0 0.75 0.807617 0.737305 0.804688 0.729492 0.795898 0.727346 0.786349 0.743188 0.774026 0.757812 0.771484 0.762695 0.783203 0.761719 0.788086 0.758789 0.790039 0.759766 0.791992 0.758789 0.795898 0.756836 0.799805 0.755859 0.804688
0 0.74707 0.902344 0.742188 0.899414 0.737517 0.900575 0.722656 0.886719 0.727539 0.873047 0.734375 0.873047 0.745341 0.863217 0.754883 0.873047 0.759766 0.881836 0.755859 0.888672 0.754883 0.891602 0.750977 0.892578 0.75293 0.896484
0 0.75 0.987305 0.736328 0.992188 0.721869 0.984289 0.720703 0.979492 0.716797 0.975586 0.71737 0.965316 0.727933 0.95143 0.745117 0.952148 0.75 0.958984 0.754883 0.958984 0.757467 0.973923 0.755859 0.978516 0.750977 0.982422
0 0.845703 0.796875 0.837891 0.795898 0.835938 0.797852 0.827148 0.791992 0.820312 0.789062 0.81543 0.768555 0.822266 0.762695 0.829102 0.762695 0.834961 0.760742 0.847656 0.759766 0.851562 0.762695 0.854848 0.772621 0.855469 0.782227 0.853516 0.790039 0.853516 0.793945 0.850586 0.794922
0 0.921875 0.771484 0.915557 0.774061 0.911133 0.767578 0.90625 0.766602 0.904297 0.758789 0.908203 0.750977 0.917969 0.735352 0.921875 0.732422 0.927734 0.734375 0.936523 0.735352 0.9375 0.737305 0.941406 0.741211 0.945312 0.750977 0.943359 0.755859 0.941406 0.759766 0.943359 0.763672 0.938477 0.766602 0.933594 0.768555 0.927734 0.771484
0 0.920898 0.861328 0.913086 0.862305 0.905273 0.855469 0.897461 0.854492 0.897461 0.825195 0.90625 0.826172 0.915039 0.821289 0.928711 0.824219 0.935547 0.833008 0.93457 0.837891 0.936523 0.84082 0.9375 0.849609 0.9375 0.859375 0.930664 0.862305 0.928711 0.862305 0.928711 0.858398 0.925781 0.857422
0 0.837891 0.964844 0.833984 0.964844 0.821289 0.966797 0.809736 0.955468 0.814535 0.93915 0.829102 0.935547 0.845703 0.947266
0 0.927734 0.958008 0.922852 0.958984 0.915039 0.956055 0.912109 0.957031 0.899414 0.949219 0.894531 0.944336 0.896035 0.929982 0.90625 0.918945 0.915039 0.916016 0.920898 0.918945 0.929688 0.917969 0.936881 0.927695 0.939005 0.941419 0.932617 0.946289 0.935547 0.951172 0.930664 0.955078 0.927734 0.955078
0 0.953125 0.676758 0.941406 0.680664 0.939453 0.678711 0.929688 0.683594 0.927734 0.68457 0.918945 0.682617 0.918142 0.666158 0.925781 0.654297 0.932617 0.649414 0.946289 0.652344 0.950195 0.657227 0.955078 0.658203 0.956055 0.669922
0 0.950195 0.594727 0.942383 0.59082 0.936523 0.59082 0.931641 0.591797 0.926758 0.587891 0.919922 0.586914 0.916992 0.578125 0.920898 0.569336 0.923828 0.5625 0.931641 0.553711 0.938477 0.552734 0.938477 0.558594 0.944336 0.556641 0.947266 0.558594 0.954102 0.557617 0.958008 0.561523 0.953125 0.567383 0.955078 0.574219 0.956055 0.580078 0.954102 0.581055 0.951172 0.583008 0.953125 0.587891 0.953125 0.591797 0.951172 0.592773
0 0.863281 0.606445 0.845703 0.608398 0.833008 0.603516 0.829021 0.590565 0.835938 0.583008 0.846428 0.579916 0.862605 0.58565 0.869568 0.593842
0 0.849609 0.699219 0.842773 0.699219 0.833008 0.700195 0.830197 0.684049 0.837891 0.674805 0.84668 0.672852 0.854492 0.676758 0.859375 0.685547 0.854492 0.697266
0 0.774414 0.617188 0.770508 0.619141 0.770508 0.62207 0.764648 0.625 0.758789 0.628906 0.755859 0.628906 0.754883 0.624023 0.751953 0.625977 0.744141 0.625977 0.743164 0.616211 0.740234 0.605469 0.744141 0.599609 0.751187 0.593795 0.762695 0.59082 0.771424 0.593795 0.776367 0.597656 0.777344 0.607422
0 0.753906 0.710938 0.75 0.711914 0.746094 0.711914 0.736328 0.705078 0.741988 0.693508 0.749023 0.6875 0.761489 0.686885 0.769531 0.693359 0.770508 0.700195 0.768555 0.707031 0.764648 0.708008 0.761719 0.710938 0.755859 0.707031
0 0.675781 0.638672 0.669922 0.639648 0.658203 0.635742 0.65625 0.632812 0.651367 0.629883 0.649414 0.62793 0.652344 0.62207 0.655273 0.616211 0.660156 0.615234 0.662512 0.608696 0.667969 0.605469 0.672852 0.605469 0.679688 0.609375 0.681641 0.614258 0.681641 0.623047 0.681641 0.628906 0.678711 0.632812 0.680664 0.635742
0 0.671875 0.734375 0.667969 0.734375 0.665039 0.737305 0.660156 0.737305 0.654297 0.732422 0.643555 0.730469 0.642578 0.712891 0.644531 0.704102 0.65332 0.707031 0.657227 0.705078 0.662109 0.705078 0.664062 0.701172 0.670898 0.699219 0.674805 0.704102 0.679688 0.704102 0.678711 0.709961 0.681641 0.713867 0.677734 0.71582 0.677734 0.719727 0.675781 0.726562
0 0.577148 0.657227 0.566406 0.657227 0.5625 0.651367 0.555805 0.648764 0.563477 0.631836 0.5625 0.625977 0.568359 0.620117 0.576172 0.623047 0.591485 0.621885 0.592773 0.626953 0.597656 0.634766 0.592773 0.640625 0.59082 0.649414 0.584961 0.65332 0.582031 0.655273 0.581055 0.65332
0 0.49707 0.675781 0.494141 0.675781 0.489258 0.676758 0.485352 0.673828 0.482422 0.678711 0.473633 0.677734 0.47168 0.673828 0.467773 0.672852 0.464844 0.666016 0.466797 0.654297 0.46582 0.649414 0.470703 0.647461 0.475586 0.646484 0.480469 0.643555 0.491341 0.641866 0.49707 0.643555 0.501953 0.646484 0.505859 0.65332 0.504883 0.65918 0.500977 0.665039 0.500977 0.668945 0.498047 0.671875
0 0.480469 0.773438 0.474609 0.772461 0.469727 0.767578 0.466797 0.758789 0.46875 0.74707 0.466797 0.741211 0.46898 0.738918 0.483398 0.732422 0.490234 0.734375 0.495117 0.742188 0.493006 0.756521 0.491211 0.765625 0.487305 0.766602 0.486328 0.768555 0.483398 0.771484
0 0.578125 0.75293 0.571289 0.750977 0.565795 0.753903 0.561523 0.751953 0.555664 0.75 0.557617 0.733398 0.555664 0.729492 0.557617 0.725586 0.556641 0.72168 0.560547 0.720703 0.56543 0.720703 0.569336 0.72168 0.572218 0.712038 0.580078 0.713867 0.582031 0.717773 0.585938 0.720703 0.588867 0.727539 0.591797 0.737305 0.587891 0.74707
0 0.405698 0.69479 0.399414 0.696289 0.396484 0.698242 0.388672 0.699219 0.382812 0.697266 0.37987 0.693355 0.373312 0.678802 0.387695 0.663086 0.390625 0.658203 0.410003 0.660353 0.420252 0.672037 0.416992 0.679688 0.411133 0.689453
0 0.3125 0.712891 0.308594 0.717773 0.305664 0.71875 0.291992 0.71582 0.291016 0.705078 0.280044 0.696635 0.291992 0.674805 0.295898 0.673828 0.298828 0.670898 0.306641 0.671875 0.3125 0.671875 0.316406 0.676758 0.322266 0.681641 0.322266 0.698242
0 0.310382 0.793797 0.301758 0.796875 0.284964 0.787442 0.286133 0.77832 0.291016 0.774414 0.291016 0.770508 0.293945 0.767578 0.297852 0.768555 0.310547 0.767578 0.313456 0.770634 0.317556 0.782522 0.313477 0.788086
0 0.389648 0.787109 0.384766 0.786133 0.380859 0.780273 0.373047 0.774414 0.370117 0.773438 0.371094 0.771484 0.370117 0.769531 0.373047 0.767578 0.374023 0.766602 0.386719 0.748047 0.393555 0.75 0.398438 0.75 0.404297 0.751953 0.40625 0.762695 0.408203 0.770508 0.40332 0.776367 0.40332 0.776367 0.399414 0.782227 0.395508 0.78418
0 0.226562 0.720703 0.22168 0.719727 0.217773 0.72168 0.209961 0.725586 0.198242 0.720703 0.197849 0.705722 0.208008 0.689453 0.214844 0.689453 0.219727 0.686523 0.222656 0.685547 0.228516 0.6875 0.231445 0.697266 0.233398 0.701172 0.235352 0.706055 0.233398 0.708008 0.231445 0.711914 0.229492 0.71582 0.230469 0.717773 0.228516 0.72168
0 0.136719 0.731445 0.128165 0.735262 0.114258 0.733398 0.113129 0.724695 0.117188 0.716797 0.118164 0.713867 0.12207 0.713867 0.129883 0.710938 0.138672 0.709961 0.141602 0.716797 0.140625 0.722656
0 0.225586 0.636719 0.219727 0.635742 0.213867 0.637695 0.208984 0.633789 0.203125 0.625 0.204102 0.621094 0.202148 0.615234 0.205078 0.611328 0.206055 0.606445 0.209961 0.603516 0.212809 0.599538 0.223633 0.598633 0.232231 0.603351 0.238281 0.615234 0.236328 0.626953 0.228516 0.62793 0.227539 0.630859
0 0.140625 0.557617 0.131836 0.55957 0.128906 0.555664 0.119401 0.552846 0.117188 0.545898 0.118164 0.540039 0.118164 0.536133 0.121094 0.532227 0.124023 0.53125 0.128667 0.530269 0.130859 0.529297 0.140804 0.530922 0.144531 0.53418 0.147981 0.54345 0.144531 0.554688
0 0.230469 0.538086 0.222656 0.539062 0.216797 0.541016 0.21582 0.538086 0.210938 0.537109 0.206055 0.526367 0.207447 0.521395 0.208008 0.516602 0.213867 0.514648 0.220009 0.511842 0.222656 0.510742 0.225586 0.509766 0.230469 0.512695 0.234375 0.511719 0.236889 0.514066 0.240234 0.518555 0.24173 0.52545 0.240234 0.53125 0.238281 0.53418 0.234375 0.536133
0 0.317383 0.519531 0.31543 0.521484 0.301758 0.516602 0.300781 0.504883 0.302734 0.499023 0.306641 0.498047 0.3125 0.496094 0.322266 0.501953 0.326172 0.509766 0.326172 0.515625 0.324219 0.517578 0.320312 0.517578
0 0.302734 0.625977 0.297852 0.617188 0.286133 0.608398 0.288424 0.602126 0.290039 0.592773 0.296875 0.59082 0.300271 0.581891 0.303711 0.578125 0.306641 0.577148 0.30957 0.582031 0.325195 0.587891 0.326172 0.595703 0.327148 0.609375 0.325195 0.613281 0.321289 0.612305 0.320312 0.619141 0.320312 0.619141 0.319336 0.623047
0 0.40625 0.509766 0.398411 0.506213 0.393555 0.495117 0.392578 0.493164 0.396484 0.491211 0.394531 0.487305 0.398438 0.486328 0.399414 0.483398 0.40625 0.481445 0.412109 0.480469 0.417969 0.489258 0.418945 0.498047 0.416016 0.501953 0.413086 0.501953 0.412109 0.505859 0.410156 0.509766
0 0.40332 0.59668 0.400532 0.599838 0.382812 0.586914 0.387695 0.578125 0.387695 0.575195 0.390625 0.570312 0.395508 0.569336 0.400391 0.564453 0.404297 0.564453 0.411133 0.563477 0.416992 0.571289 0.418945 0.577148 0.418945 0.587891 0.416016 0.589844 0.414062 0.59375 0.411133 0.597656
0 0.504883 0.495117 0.496094 0.496094 0.489258 0.491211 0.479492 0.479492 0.480469 0.474609 0.483398 0.473633 0.484375 0.466797 0.485352 0.46582 0.486328 0.463867 0.485352 0.461914 0.488281 0.458008 0.499023 0.456055 0.507812 0.459961 0.509766 0.463867 0.510742 0.467773 0.513672 0.470703 0.511719 0.473633 0.514648 0.477539 0.511719 0.484375 0.509766 0.489258 0.50293 0.490234
0 0.496094 0.584961 0.491211 0.584961 0.480469 0.585938 0.479492 0.583008 0.474609 0.578125 0.473633 0.571289 0.476562 0.564453 0.488281 0.566406 0.496094 0.55957 0.50293 0.56543 0.501953 0.576172 0.5 0.583984
0 0.600586 0.476562 0.592773 0.478516 0.587891 0.477539 0.578925 0.473997 0.575195 0.469727 0.572949 0.462207 0.579102 0.447266 0.584961 0.443359 0.597656 0.447266 0.605413 0.458169 0.606445 0.463867 0.604492 0.46875
0 0.594727 0.571289 0.583984 0.570312 0.574219 0.569336 0.567383 0.558594 0.569396 0.547001 0.578125 0.537109 0.59082 0.536133 0.597983 0.541349 0.602539 0.548828 0.600586 0.560547 0.595703 0.567383
0 0.6875 0.458984 0.681641 0.456055 0.675781 0.456055 0.66868 0.447978 0.672852 0.43457 0.669689 0.430315 0.672852 0.424805 0.680664 0.428711 0.692383 0.426758 0.695931 0.435025 0.696289 0.444336 0.692383 0.451172
0 0.674805 0.554688 0.668945 0.552734 0.663086 0.550781 0.661447 0.538477 0.662109 0.526367 0.661133 0.520508 0.676081 0.515095 0.683594 0.517578 0.689453 0.520508 0.692383 0.52832 0.69043 0.53418 0.693359 0.537109 0.691406 0.543945 0.689453 0.544922 0.686523 0.549805 0.681641 0.553711
0 0.772461 0.444336 0.761719 0.444336 0.751953 0.441406 0.749023 0.436523 0.750977 0.431641 0.753906 0.425781 0.751953 0.417969 0.759695 0.414686 0.768555 0.40918 0.780273 0.413086 0.789062 0.421875 0.789062 0.427734 0.791016 0.431641 0.78418 0.436523 0.780273 0.441406 0.777344 0.441406
0 0.765625 0.542969 0.758789 0.541992 0.755859 0.542969 0.750977 0.540039 0.745117 0.524414 0.746094 0.516602 0.749023 0.513672 0.74707 0.509766 0.75293 0.500977 0.770276 0.500215 0.77832 0.503906 0.784913 0.513088 0.786133 0.524414 0.783203 0.535156 0.777344 0.537109 0.771484 0.538086 0.770508 0.541016
0 0.873047 0.424805 0.868164 0.430664 0.861328 0.430664 0.854492 0.432617 0.844727 0.420898 0.84082 0.404297 0.848633 0.392578 0.85546 0.387708 0.869141 0.387695 0.875977 0.393555 0.885742 0.408203 0.882812 0.418945
0 0.854492 0.516602 0.848633 0.515625 0.836914 0.510742 0.834961 0.50293 0.841797 0.487305 0.84668 0.487305 0.862953 0.491084 0.871094 0.500977 0.867188 0.508789 0.860352 0.513672
0 0.953125 0.413086 0.950195 0.408203 0.936523 0.401367 0.936523 0.382812 0.942383 0.375977 0.954108 0.374209 0.960938 0.373047 0.96582 0.380859 0.970159 0.388907 0.972656 0.393555 0.969727 0.399414 0.96582 0.40332 0.966797 0.40918 0.958008 0.412109 0.956055 0.410156
0 0.935547 0.498047 0.929688 0.487305 0.927734 0.477539 0.94057 0.464717 0.951172 0.463867 0.959717 0.466651 0.969727 0.480469 0.964844 0.488281 0.962891 0.496094 0.957031 0.5 0.951172 0.498047 0.944336 0.49707 0.942383 0.499023
0 0.978534 0.0380283 0.97168 0.0390625 0.962326 0.0426943 0.952148 0.0341797 0.954102 0.0146484 0.969727 0 0.987305 0 0.990234 0.00585938 0.990234 0.0146484 0.989258 0.0253906 0.984375 0.0273438
0 0.889648 0.0517578 0.883249 0.0576748 0.868164 0.0605469 0.860352 0.0517578 0.860352 0.0390625 0.855469 0.0332031 0.860352 0.0292969 0.861328 0.0224609 0.868164 0.0175781 0.879811 0.00954102 0.883789 0.0078125 0.892578 0.00878906 0.901367 0.0185547 0.90332 0.0371094
0 0.87793 0.151367 0.873047 0.150391 0.866211 0.147461 0.861328 0.141602 0.864258 0.134766 0.855469 0.129883 0.856445 0.125 0.864258 0.124023 0.867188 0.115234 0.873047 0.113281 0.878583 0.101879 0.881836 0.101562 0.883789 0.104492 0.886719 0.102539 0.889648 0.104492 0.892578 0.118164 0.892578 0.129883 0.891602 0.136719 0.886719 0.139648 0.884766 0.146484
0 0.967773 0.12793 0.96582 0.131836 0.953125 0.125977 0.946289 0.125 0.943359 0.121094 0.947266 0.112305 0.941406 0.105469 0.945136 0.101143 0.958984 0.0908203 0.982422 0.0986328 0.983398 0.112305 0.983398 0.124023 0.979492 0.123047 0.976562 0.125977
0 0.97168 0.222656 0.967773 0.22168 0.956055 0.224609 0.946289 0.219727 0.944336 0.212891 0.944336 0.201172 0.945627 0.193727 0.965765 0.182676 0.980469 0.188477 0.980469 0.193359 0.983398 0.198242 0.980469 0.206055 0.978516 0.210938 0.975586 0.216797
0 0.882267 0.233266 0.869141 0.241211 0.856445 0.240234 0.852539 0.235352 0.845703 0.223633 0.84668 0.212891 0.852539 0.208008 0.856445 0.206055 0.857954 0.200603 0.864258 0.198242 0.869141 0.194336 0.87793 0.196289 0.883789 0.204102 0.885742 0.211914 0.886719 0.22168 0.885742 0.227539 0.882812 0.229492
0 0.789062 0.163086 0.78418 0.162109 0.776367 0.167969 0.765625 0.163086 0.766602 0.160156 0.763521 0.157403 0.764648 0.143555 0.764648 0.138672 0.774414 0.131836 0.78125 0.130859 0.794922 0.12793 0.805664 0.132812 0.802734 0.142578 0.801758 0.146484 0.796875 0.147461 0.794922 0.154297 0.791992 0.15625
0 0.702148 0.185547 0.691406 0.185547 0.681641 0.181641 0.674805 0.175781 0.672852 0.165039 0.681103 0.15485 0.695265 0.146956 0.703125 0.146484 0.703125 0.151367 0.707031 0.15332 0.708984 0.157227 0.708984 0.161133 0.708008 0.164062 0.711914 0.167969 0.708984 0.170898 0.704102 0.173828 0.706055 0.178711 0.705078 0.181641 0.703125 0.181641
0 0.789062 0.249023 0.779297 0.25293 0.775391 0.25293 0.775391 0.249023 0.772461 0.24707 0.772461 0.246094 0.763672 0.245117 0.765625 0.231445 0.767578 0.226562 0.769531 0.21582 0.777344 0.208984 0.78418 0.210938 0.791992 0.211914 0.796875 0.219727 0.799805 0.220703 0.803711 0.219727 0.806641 0.223633 0.810547 0.230469 0.799805 0.235352 0.795898 0.239258 0.794922 0.242188 0.793945 0.246094
0 0.705078 0.268555 0.697251 0.273907 0.688477 0.279297 0.679688 0.277344 0.676758 0.273438 0.670898 0.269531 0.671412 0.263681 0.672852 0.257812 0.677734 0.248047 0.682617 0.243164 0.689414 0.239218 0.699219 0.239258 0.703125 0.243164 0.705078 0.248047 0.708008 0.25293
0 0.773438 0.351562 0.769531 0.347656 0.766602 0.348633 0.757812 0.338867 0.757812 0.330078 0.756836 0.328125 0.762695 0.323242 0.763672 0.317383 0.769513 0.311002 0.775391 0.307617 0.779297 0.30957 0.782227 0.313477 0.787166 0.315833 0.791016 0.321289 0.790039 0.331055 0.789062 0.336914 0.78418 0.344727 0.780273 0.345703 0.779297 0.349609
0 0.694336 0.361328 0.689453 0.361328 0.682617 0.362305 0.677904 0.360244 0.668945 0.352539 0.666016 0.347656 0.670898 0.344727 0.670898 0.338867 0.690911 0.32308 0.693359 0.322266 0.696289 0.323242 0.697266 0.330078 0.696289 0.336914 0.701172 0.336914 0.703125 0.337891 0.703125 0.344727 0.703125 0.349609 0.700195 0.355469 0.697266 0.355469
0 0.970801 0.313208 0.961202 0.319735 0.947266 0.322266 0.9375 0.319336 0.931641 0.305664 0.9375 0.289062 0.952148 0.277344 0.96582 0.274414 0.97168 0.277344 0.97168 0.28418 0.97168 0.290039 0.975586 0.293945 0.978516 0.301758 0.975586 0.307617 0.972656 0.308594
0 0.869141 0.333984 0.864258 0.335938 0.852157 0.332214 0.847656 0.325195 0.842773 0.322266 0.846397 0.31148 0.858876 0.298617 0.875 0.296875 0.881836 0.300781 0.884766 0.306641 0.884766 0.306641 0.882812 0.3125 0.889648 0.320312 0.884766 0.323242 0.882812 0.331055 0.875977 0.335938
0 0.595744 0 0.592773 0.00195312 0.594727 0.00585938 0.600778 0.0144863 0.603516 0.0195312 0.611328 0.0185547 0.618164 0.0136719 0.621094 0.0126953 0.626953 0.00488281 0.629883 0
0 0.62207 0.102539 0.614258 0.106445 0.609375 0.103516 0.599465 0.104438 0.594727 0.101562 0.594727 0.0927734 0.597656 0.0898438 0.59668 0.0859375 0.595703 0.0839844 0.592773 0.0830078 0.59375 0.0742188 0.595703 0.0722656 0.59668 0.0683594 0.603516 0.0605469 0.609375 0.0585938 0.616211 0.0605469 0.620117 0.0644531 0.625 0.0693359 0.629883 0.0810547 0.62793 0.0869141 0.625 0.0908203 0.625977 0.0957031 0.624023 0.0996094
0 0.501953 0.0117188 0.506836 0.0117188 0.509766 0.0126953 0.513672 0.0175781 0.513672 0.0224609 0.52832 0.0253906 0.532227 0.0224609 0.538086 0.0244141 0.540039 0.0175781 0.537109 0.00878906 0.537109 0 0.50293 0 0.5 0.00292969
0 0.515625 0.123047 0.509766 0.123047 0.505859 0.12207 0.503906 0.116211 0.500977 0.112305 0.499023 0.104492 0.5 0.0986328 0.500977 0.0908203 0.513672 0.0830078 0.517578 0.078125 0.520508 0.0791016 0.530273 0.0898438 0.532227 0.0957031 0.53125 0.102539 0.53125 0.109375 0.53418 0.113281 0.52832 0.118164 0.524414 0.12207 0.518555 0.125
0 0.607422 0.197266 0.601562 0.201172 0.589844 0.198242 0.586733 0.189764 0.583289 0.173832 0.597714 0.157686 0.615234 0.157227 0.626132 0.172109 0.621094 0.179688 0.618164 0.1875 0.618164 0.197266
0 0.53125 0.214844 0.525391 0.21875 0.518555 0.217773 0.510742 0.21875 0.506836 0.213867 0.50293 0.213867 0.499023 0.211914 0.495665 0.20591 0.492188 0.198242 0.494141 0.19043 0.507812 0.175781 0.516602 0.174805 0.523438 0.177734 0.529297 0.182617 0.526367 0.191406 0.53125 0.197266
0 0.507812 0.306641 0.498047 0.305664 0.485352 0.292969 0.488281 0.289062 0.485978 0.281908 0.491211 0.27832 0.501953 0.271484 0.508789 0.272461 0.515625 0.274414 0.521484 0.28125 0.521484 0.294922 0.516602 0.300781 0.513672 0.304688
0 0.609375 0.289062 0.605469 0.291992 0.59668 0.293945 0.59375 0.292969 0.587891 0.292969 0.582031 0.280273 0.583008 0.275391 0.584961 0.266602 0.587891 0.255859 0.600586 0.250977 0.61386 0.261455 0.618164 0.268555 0.617188 0.274414 0.616211 0.28125 0.614258 0.287109
0 0.419922 0.325195 0.411133 0.326172 0.404297 0.322266 0.395728 0.315263 0.398438 0.308594 0.395508 0.303711 0.395508 0.298828 0.405273 0.294922 0.408203 0.291992 0.414062 0.290039 0.419922 0.287109 0.428711 0.292969 0.435547 0.306641 0.43457 0.311523 0.43457 0.316406 0.429688 0.319336 0.426758 0.324219
0 0.421875 0.228516 0.416387 0.229537 0.404297 0.224609 0.398438 0.220703 0.395508 0.208984 0.398438 0.207031 0.40332 0.193359 0.411133 0.189453 0.419922 0.192383 0.435547 0.198242 0.438477 0.208008 0.435547 0.21582 0.435547 0.21582 0.432617 0.21875 0.432617 0.22168 0.426758 0.228516
0 0.337891 0.251953 0.329102 0.253906 0.324219 0.25 0.321289 0.25 0.316406 0.245117 0.313477 0.242188 0.310547 0.235352 0.307617 0.232422 0.310547 0.232422 0.313477 0.217773 0.320312 0.217773 0.322266 0.212891 0.329102 0.209961 0.33921 0.215052 0.344727 0.22168 0.34668 0.237305 0.342773 0.240234 0.342773 0.240234
0 0.338867 0.334961 0.333008 0.339844 0.319336 0.342773 0.3125 0.335938 0.307617 0.336914 0.306641 0.333008 0.306641 0.320312 0.305664 0.313477 0.308594 0.307617 0.31543 0.303711 0.319336 0.304688 0.326172 0.300781 0.333984 0.300781 0.34082 0.304688 0.339844 0.308594 0.34082 0.31543 0.342773 0.316406 0.34082 0.324219
0 0.508789 0.397461 0.499023 0.399414 0.493164 0.396484 0.484375 0.390625 0.486328 0.383789 0.487305 0.378906 0.492188 0.374023 0.500977 0.365234 0.515625 0.369141 0.521484 0.378906 0.522461 0.386719 0.520508 0.392578 0.515625 0.394531
0 0.604492 0.386719 0.59375 0.386719 0.577148 0.380859 0.575195 0.373047 0.577148 0.358398 0.582031 0.356445 0.586914 0.352539 0.59082 0.344727 0.598633 0.342773 0.605469 0.345703 0.613805 0.353793 0.619999 0.364411 0.611328 0.374023 0.610352 0.378906
0 0.419922 0.415039 0.411811 0.414732 0.402344 0.410156 0.396484 0.401367 0.393555 0.396484 0.393555 0.393555 0.394822 0.388063 0.399414 0.386719 0.399414 0.380859 0.40332 0.37793 0.413086 0.375977 0.425781 0.381836 0.425781 0.386719 0.428711 0.388672 0.429688 0.392578 0.429688 0.404297 0.424805 0.40625 0.424805 0.40625 0.423828 0.411133
0 0.326172 0.432617 0.30957 0.43457 0.306641 0.429688 0.299805 0.426758 0.294765 0.414229 0.294922 0.40918 0.298828 0.40625 0.303711 0.40918 0.305386 0.399128 0.314453 0.393555 0.322266 0.397461 0.329102 0.40332 0.334961 0.413086 0.333984 0.420898 0.332031 0.425781 0.327148 0.427734
0 0.239258 0.439453 0.232422 0.448242 0.219254 0.444766 0.207031 0.430664 0.208008 0.425781 0.211914 0.427734 0.214844 0.419922 0.227539 0.415039 0.234375 0.418945 0.237305 0.425781
0 0.148438 0.363281 0.139648 0.37207 0.137695 0.367188 0.133789 0.367188 0.125 0.364258 0.12207 0.359375 0.12207 0.352539 0.128906 0.344727 0.129947 0.340857 0.137695 0.338867 0.149113 0.347676 0.151367 0.349609
0 0.148438 0.461914 0.143555 0.464844 0.135742 0.466797 0.130859 0.464844 0.125977 0.464844 0.124023 0.458984 0.118164 0.453125 0.124023 0.447266 0.123129 0.442585 0.125 0.436523 0.131836 0.433594 0.135742 0.435547 0.140625 0.432617 0.152431 0.444244 0.151367 0.452148
0 0.237305 0.354492 0.233398 0.357422 0.223633 0.357422 0.216797 0.350586 0.216797 0.333008 0.219727 0.322266 0.224609 0.322266 0.227539 0.316406 0.232422 0.316406 0.240234 0.321289 0.243164 0.329102 0.245117 0.333008 0.248047 0.34082 0.246094 0.348633
0 0.238281 0.268555 0.226562 0.266602 0.21875 0.254883 0.22168 0.237305 0.21875 0.231445 0.228516 0.225586 0.239258 0.226562 0.25 0.240234 0.25293 0.25293 0.246094 0.262695
0 0.158203 0.274414 0.148438 0.27832 0.138672 0.276367 0.136719 0.272461 0.130859 0.263672 0.138672 0.256836 0.140625 0.25293 0.144531 0.250977 0.152344 0.253906 0.160156 0.265625
0 0.24691 0.167295 0.238281 0.168945 0.232422 0.169922 0.225949 0.165078 0.223633 0.155273 0.22168 0.143555 0.226562 0.136719 0.226562 0.131836 0.231445 0.12793 0.239258 0.128906 0.246094 0.131836 0.253906 0.141602 0.25293 0.148438 0.257812 0.149414 0.256836 0.154297 0.251953 0.166016
0 0.34082 0.15625 0.325195 0.158203 0.313477 0.147461 0.314453 0.136719 0.313477 0.125977 0.319336 0.12207 0.325195 0.114258 0.330078 0.113281 0.336914 0.112305 0.347656 0.116211 0.350586 0.121094 0.349609 0.12793 0.352539 0.134766 0.352539 0.142578 0.351562 0.149414 0.345703 0.150391
0 0.428711 0.136719 0.418945 0.138672 0.415039 0.130859 0.407227 0.128906 0.407227 0.120117 0.404297 0.119141 0.405983 0.101747 0.410156 0.0986328 0.415039 0.0996094 0.417969 0.0966797 0.426481 0.0971182 0.431641 0.0966797 0.435547 0.100586 0.436523 0.107422 0.44043 0.114258 0.4375 0.124023 0.435547 0.134766
0 0.417969 0.0419922 0.415039 0.03125 0.410156 0.0214844 0.412109 0.0146484 0.412437 0.0105176 0.417969 0.00390625 0.431641 0 0.438477 0.00585938 0.443359 0.0126953 0.445312 0.0224609 0.443359 0.0322266 0.43457 0.0419922 0.426758 0.0390625 0.420898 0.0410156
0 0.344727 0.0634766 0.337891 0.0683594 0.325195 0.0605469 0.319336 0.0556641 0.314453 0.0429688 0.320312 0.0253906 0.34375 0.0175781 0.357422 0.0390625 0.355469 0.046875 0.357422 0.0566406
0 0.254883 0.0722656 0.250977 0.0761719 0.240234 0.0751953 0.227539 0.0703125 0.222656 0.0576172 0.2272 0.0452568 0.236328 0.0380859 0.248742 0.0377891 0.256836 0.0449219 0.262695 0.0556641 0.257812 0.0664062
0 0.164062 0.0917969 0.150391 0.09375 0.144531 0.0878906 0.144531 0.0839844 0.139648 0.0810547 0.138672 0.0732422 0.14375 0.0652061 0.148438 0.0605469 0.157227 0.0625 0.171887 0.0734375 0.171875 0.0791016 0.168945 0.0839844 0.167969 0.0888672
0 0.162727 0.176171 0.15918 0.177734 0.157463 0.179109 0.148438 0.179688 0.145508 0.174805 0.146484 0.163086 0.151367 0.165039 0.156729 0.163931 0.160891 0.168582
0 0.117188 0.633789 0.120117 0.626953 0.12793 0.623047 0.131836 0.625 0.130859 0.629883 0.132812 0.632812 0.129883 0.638672 0.125977 0.641602 0.119141 0.642578 0.116211 0.637695
0 0.112305 0.979492 0.117188 0.983398 0.123047 0.988281 0.12207 0.994141 0.116211 1 0.107422 0.996094 0.107422 0.993164 0.103516 0.990234 0.103516 0.984375 0.107422 0.980469 0.109375 0.978516
0 0.53418 1 0.53418 0.995117 0.541992 0.989258 0.550781 0.995117 0.556641 0.989258 0.563477 0.993164 0.564453 0.996094 0.561523 1
0 1 0.938477 0.989258 0.936523 0.981445 0.927734 0.987305 0.914062 1 0.90625
0 1 0.839844 0.992188 0.838867 0.984375 0.831055 0.996094 0.818359 1 0.818359
