0 0 0 0.00488281 0.0175781 0.0195312 0.0185547 0.000976562 0.0292969 0.015625 0.0458984 0.0419922 0.0615234 0.0771484 0.0546875 0.0996094 0.0400391 0.103516 0.0166016 0.0878906 0.0136719 0.106445 0
0 0.0751953 0.0546875 0.103516 0.0703125 0.117188 0.078125 0.117188 0.078125 0.103516 0.0917969 0.126953 0.0947266 0.124023 0.130859 0.105469 0.126953 0.108398 0.142578 0.0830078 0.139648 0.0703125 0.128906 0.0556641 0.155273 0.0458984 0.134766 0.0292969 0.126953 0.0185547 0.0927734 0.0351562 0.0615234
0 0.0849609 0.149414 0.117188 0.166016 0.125 0.192383 0.12207 0.22168 0.0986328 0.235352 0.0800781 0.232422 0.0585938 0.223633 0.0458984 0.207031 0.0693359 0.197266 0.0380859 0.195312 0.0556641 0.173828 0.0576172 0.158203
0 0.116211 0.231445 0.129883 0.239258 0.144531 0.258789 0.150391 0.290039 0.137695 0.30957 0.124023 0.305664 0.121094 0.329102 0.109375 0.332031 0.105469 0.322266 0.0976562 0.333984 0.0722656 0.325195 0.0517578 0.301758 0.0644531 0.287109 0.0439453 0.28418 0.0517578 0.266602 0.0517578 0.254883 0.0644531 0.254883 0.0595703 0.239258 0.0742188 0.232422 0.0791016 0.240234 0.0791016 0.227539
0 0.123047 0 0.124023 0.0175781 0.147461 0.0136719 0.132812 0.0302734 0.145508 0.0380859 0.163086 0.0458984 0.194336 0.0439453 0.193359 0.0244141 0.214844 0.0322266 0.211914 0.0205078 0.203125 0.00878906 0.21875 0
0 0.191406 0.046875 0.199219 0.0585938 0.208008 0.046875 0.209961 0.0644531 0.222656 0.0673828 0.239258 0.0810547 0.222656 0.09375 0.243164 0.107422 0.229492 0.115234 0.211914 0.110352 0.21875 0.136719 0.207031 0.138672 0.189453 0.114258 0.178711 0.132812 0.163086 0.135742 0.157227 0.126953 0.173828 0.109375 0.144531 0.118164 0.138672 0.103516 0.168945 0.0917969 0.150391 0.0810547 0.149414 0.0576172 0.180664 0.0546875
0 0.208008 0.154297 0.22168 0.139648 0.222656 0.151367 0.231445 0.150391 0.226562 0.170898 0.25 0.166992 0.253906 0.1875 0.240234 0.196289 0.255859 0.202148 0.238281 0.226562 0.21875 0.238281 0.203125 0.236328 0.201172 0.220703 0.19043 0.233398 0.176758 0.219727 0.169922 0.203125 0.161133 0.189453 0.173828 0.185547 0.162109 0.170898 0.181641 0.15332 0.192383 0.15918 0.201172 0.137695
0 0.231445 0 0.237305 0.0146484 0.256836 0.0136719 0.25 0.0439453 0.257812 0.0507812 0.272461 0.0263672 0.286133 0.0507812 0.291016 0.0351562 0.311523 0.0292969 0.303711 0.0166016 0.319336 0.0205078 0.322266 0
0 0.290039 0.046875 0.326172 0.0332031 0.317383 0.0595703 0.342773 0.0625 0.333984 0.0693359 0.339844 0.0791016 0.328125 0.107422 0.302734 0.0898438 0.304688 0.112305 0.289062 0.107422 0.286133 0.0869141 0.261719 0.106445 0.255859 0.0976562 0.273438 0.0839844 0.245117 0.0800781 0.245117 0.0683594 0.275391 0.0673828 0.258789 0.0390625 0.262695 0.0322266 0.280273 0.046875 0.286133 0.0429688
0 0.342773 0.00195312 0.333984 0.0205078 0.347656 0.0185547 0.350586 0.0283203 0.360352 0.0302734 0.362305 0.0205078 0.375 0.0283203 0.388672 0.0224609 0.384766 0.0136719 0.401367 0.0166016 0.390625 0
0 0.384766 0.03125 0.387695 0.0380859 0.400391 0.0380859 0.415039 0.0507812 0.411133 0.0595703 0.422852 0.0693359 0.414062 0.0810547 0.408203 0.0966797 0.408203 0.0966797 0.40332 0.107422 0.395508 0.102539 0.393555 0.117188 0.370117 0.114258 0.354492 0.106445 0.330078 0.09375 0.342773 0.0791016 0.332031 0.0683594 0.333008 0.0585938 0.345703 0.0634766 0.34375 0.0429688 0.352539 0.0439453 0.352539 0.0341797 0.362305 0.0332031 0.368164 0.0380859
0 0.479492 0.00683594 0.485352 0.0117188 0.495117 0.00390625 0.500977 0.0166016 0.507812 0.0136719 0.514648 0.0136719 0.522461 0.0214844 0.513672 0.0380859 0.539062 0.0322266 0.530273 0.0537109 0.535156 0.0615234 0.526367 0.0703125 0.530273 0.0820312 0.516602 0.0947266 0.503906 0.0917969 0.509766 0.108398 0.493164 0.104492 0.485352 0.111328 0.475586 0.0976562 0.466797 0.103516 0.454102 0.0957031 0.4375 0.0839844 0.432617 0.0703125 0.432617 0.0537109 0.443359 0.0478516 0.431641 0.0351562 0.449219 0.0244141 0.450195 0.0107422
0 0.515625 0.135742 0.520508 0.12207 0.525391 0.131836 0.525391 0.148438 0.540039 0.145508 0.541992 0.165039 0.538086 0.172852 0.554688 0.206055 0.512695 0.214844 0.490234 0.211914 0.477539 0.217773 0.464844 0.19043 0.464844 0.175781 0.478516 0.167969 0.475586 0.142578 0.477539 0.130859 0.499023 0.125 0.50293 0.140625
0 0.595703 0 0.59375 0.0273438 0.597656 0.0380859 0.604492 0.0517578 0.620117 0.0498047 0.620117 0.0498047 0.610352 0.0605469 0.625 0.0654297 0.635742 0.0576172 0.634766 0.0703125 0.643555 0.0722656 0.646484 0.0585938 0.65918 0.0761719 0.671875 0.0644531 0.683594 0.0644531 0.683594 0.0410156 0.699219 0.0429688 0.689453 0.0244141 0.697266 0.00195312
0 0.694336 0.101562 0.706055 0.105469 0.717773 0.118164 0.717773 0.130859 0.723633 0.137695 0.728516 0.157227 0.713867 0.182617 0.697266 0.180664 0.6875 0.197266 0.679688 0.178711 0.664062 0.19043 0.660156 0.183594 0.661133 0.174805 0.644531 0.174805 0.645508 0.158203 0.636719 0.15332 0.647461 0.134766 0.632812 0.132812 0.649414 0.112305 0.655273 0.119141 0.65625 0.102539 0.679688 0.0927734
0 0.779297 0.0078125 0.772461 0 0.833008 0 0.820312 0.0166016 0.838867 0.0244141 0.823242 0.0351562 0.818359 0.0576172 0.80957 0.0507812 0.802734 0.0615234 0.787109 0.0507812 0.774414 0.0498047 0.763672 0.0361328 0.776367 0.0244141 0.761719 0.00976562
0 0.810547 0.0917969 0.828125 0.0810547 0.830078 0.0927734 0.84082 0.0878906 0.84668 0.0986328 0.852539 0.100586 0.859375 0.114258 0.84668 0.151367 0.821289 0.166992 0.791992 0.167969 0.785156 0.157227 0.774414 0.15918 0.764648 0.138672 0.763672 0.112305 0.765625 0.0888672 0.777344 0.0927734 0.783203 0.0771484 0.791992 0.0908203 0.791992 0.0908203 0.797852 0.0742188
0 0.90332 0.166016 0.919922 0.164062 0.927734 0.183594 0.922852 0.189453 0.925781 0.208008 0.910156 0.205078 0.905273 0.212891 0.884766 0.209961 0.870117 0.205078 0.867188 0.186523 0.879883 0.179688 0.881836 0.15918 0.897461 0.157227
0 1 0.166016 0.994141 0.15918 0.972656 0.162109 0.984375 0.175781 0.96875 0.19043 0.970703 0.222656 1 0.212891
0 0.821289 0.253906 0.835938 0.246094 0.849609 0.254883 0.860352 0.253906 0.869141 0.270508 0.875977 0.285156 0.865234 0.293945 0.868164 0.307617 0.859375 0.330078 0.839844 0.338867 0.810547 0.338867 0.787109 0.329102 0.772461 0.313477 0.772461 0.291016 0.787109 0.291992 0.773438 0.279297 0.77832 0.269531 0.796875 0.273438 0.796875 0.273438 0.78125 0.253906 0.801758 0.244141 0.806641 0.258789 0.814453 0.237305
0 0.707031 0.262695 0.720703 0.250977 0.723633 0.261719 0.742188 0.269531 0.727539 0.285156 0.75293 0.288086 0.754883 0.302734 0.738281 0.30957 0.748047 0.317383 0.727539 0.342773 0.716797 0.333984 0.701172 0.354492 0.674805 0.350586 0.673828 0.333008 0.651367 0.333008 0.642578 0.305664 0.650391 0.299805 0.649414 0.276367 0.661133 0.256836 0.678711 0.267578 0.675781 0.241211 0.691406 0.244141 0.701172 0.243164
0 0.561523 0.273438 0.577148 0.264648 0.576172 0.28418 0.59668 0.279297 0.599609 0.290039 0.585938 0.299805 0.600586 0.308594 0.589844 0.323242 0.577148 0.326172 0.583008 0.336914 0.573242 0.336914 0.568359 0.355469 0.553711 0.348633 0.546875 0.359375 0.52832 0.349609 0.510742 0.354492 0.508789 0.335938 0.495117 0.338867 0.501953 0.324219 0.486328 0.303711 0.504883 0.303711 0.489258 0.290039 0.492188 0.27832 0.500977 0.283203 0.500977 0.265625 0.514648 0.267578 0.523438 0.282227 0.529297 0.25 0.541016 0.264648 0.543945 0.25293
0 0.407227 0.295898 0.423828 0.27832 0.423828 0.300781 0.441406 0.299805 0.436523 0.310547 0.453125 0.320312 0.43457 0.333008 0.443359 0.345703 0.427734 0.367188 0.40918 0.364258 0.412109 0.375977 0.385742 0.378906 0.381836 0.345703 0.360352 0.369141 0.354492 0.354492 0.371094 0.341797 0.348633 0.339844 0.345703 0.298828 0.363281 0.307617 0.356445 0.291016 0.373047 0.286133 0.369141 0.272461 0.380859 0.272461 0.388672 0.280273 0.394531 0.269531 0.40625 0.270508
0 0.237305 0.313477 0.249023 0.300781 0.259766 0.3125 0.264648 0.305664 0.271484 0.311523 0.265625 0.330078 0.28125 0.345703 0.277344 0.357422 0.273438 0.371094 0.243164 0.367188 0.238281 0.378906 0.230469 0.369141 0.213867 0.378906 0.219727 0.363281 0.198242 0.360352 0.201172 0.344727 0.189453 0.326172 0.220703 0.318359 0.219727 0.297852
0 0.139648 0.454102 0.147461 0.447266 0.15332 0.457031 0.162109 0.453125 0.167969 0.463867 0.178711 0.46582 0.188477 0.499023 0.169922 0.508789 0.174805 0.518555 0.166992 0.526367 0.151367 0.524414 0.164062 0.539062 0.149414 0.554688 0.125 0.548828 0.112305 0.526367 0.109375 0.541016 0.0986328 0.540039 0.0976562 0.517578 0.0839844 0.518555 0.0888672 0.508789 0.0820312 0.498047 0.0996094 0.489258 0.0810547 0.478516 0.0849609 0.464844 0.102539 0.469727 0.0927734 0.445312 0.102539 0.453125 0.121094 0.438477 0.139648 0.446289
0 0 0.588867 0.0205078 0.592773 0.0175781 0.608398 0.0302734 0.594727 0.0507812 0.618164 0.0390625 0.626953 0.0546875 0.633789 0.0400391 0.661133 0.0302734 0.679688 0 0.679688
0 0.172852 0.676758 0.19043 0.667969 0.207031 0.679688 0.199219 0.693359 0.214844 0.695312 0.211914 0.719727 0.200195 0.739258 0.182617 0.746094 0.162109 0.745117 0.137695 0.74707 0.139648 0.729492 0.128906 0.720703 0.138672 0.711914 0.132812 0.704102 0.132812 0.6875 0.151367 0.69043 0.146484 0.671875 0.162109 0.670898 0.168945 0.663086
0 0.046875 0.741211 0.0605469 0.746094 0.0664062 0.758789 0.0771484 0.75 0.0820312 0.766602 0.0771484 0.772461 0.0810547 0.77832 0.0683594 0.787109 0.0361328 0.795898 0.0302734 0.786133 0.0332031 0.764648 0.0244141 0.75293 0.0332031 0.741211 0.0410156 0.748047
0 0.0322266 0.814453 0.0400391 0.799805 0.0439453 0.805664 0.0527344 0.797852 0.0576172 0.805664 0.0693359 0.803711 0.0712891 0.821289 0.0878906 0.806641 0.0869141 0.821289 0.103516 0.833008 0.0869141 0.862305 0.0732422 0.882812 0.0498047 0.893555 0.0283203 0.880859 0.0126953 0.87793 0 0.856445 0.0117188 0.848633 0.00390625 0.830078 0.015625 0.813477
0 0.289062 0.547852 0.295898 0.53125 0.320312 0.550781 0.332031 0.56543 0.324219 0.570312 0.332031 0.582031 0.323242 0.605469 0.303711 0.619141 0.27832 0.62207 0.258789 0.614258 0.239258 0.599609 0.233398 0.589844 0.234375 0.569336 0.239258 0.547852 0.25293 0.538086 0.264648 0.545898 0.263672 0.529297 0.286133 0.524414
0 0.305664 0.62793 0.317383 0.634766 0.341797 0.649414 0.339844 0.657227 0.352539 0.65625 0.349609 0.668945 0.333984 0.673828 0.348633 0.679688 0.347656 0.692383 0.333984 0.69043 0.34375 0.706055 0.330078 0.716797 0.338867 0.729492 0.320312 0.736328 0.310547 0.712891 0.291992 0.717773 0.266602 0.704102 0.259766 0.68457 0.25293 0.676758 0.25293 0.676758 0.262695 0.658203 0.268555 0.637695 0.283203 0.636719
0 0.329102 0.746094 0.341797 0.739258 0.347656 0.753906 0.362305 0.758789 0.362305 0.758789 0.351562 0.766602 0.357422 0.77832 0.34082 0.77832 0.329102 0.793945 0.316406 0.777344 0.296875 0.776367 0.299805 0.765625 0.316406 0.759766 0.30957 0.741211
0 0.348633 0.835938 0.352539 0.823242 0.359375 0.836914 0.375 0.826172 0.375977 0.841797 0.389648 0.844727 0.384766 0.860352 0.40625 0.870117 0.389648 0.876953 0.396484 0.889648 0.374023 0.893555 0.378906 0.910156 0.360352 0.914062 0.360352 0.914062 0.350586 0.902344 0.341797 0.914062 0.318359 0.905273 0.330078 0.87793 0.301758 0.882812 0.303711 0.855469 0.321289 0.852539 0.311523 0.837891 0.329102 0.836914 0.337891 0.822266
0 0.482422 0.830078 0.504883 0.821289 0.518555 0.833008 0.504883 0.848633 0.521484 0.859375 0.5 0.867188 0.514648 0.883789 0.485352 0.895508 0.485352 0.895508 0.475586 0.885742 0.474609 0.897461 0.458008 0.894531 0.463867 0.875 0.439453 0.873047 0.427734 0.845703 0.448242 0.839844 0.452148 0.829102 0.460938 0.829102 0.461914 0.807617 0.479492 0.807617
0 0.479492 0.717773 0.494141 0.712891 0.493164 0.726562 0.503906 0.733398 0.494141 0.740234 0.506836 0.751953 0.495117 0.758789 0.494141 0.770508 0.482422 0.774414 0.479492 0.785156 0.467773 0.780273 0.461914 0.788086 0.442383 0.780273 0.417969 0.780273 0.418945 0.767578 0.432617 0.760742 0.413086 0.757812 0.416992 0.741211 0.432617 0.741211 0.419922 0.730469 0.426758 0.719727 0.438477 0.724609 0.433594 0.708984 0.448242 0.720703 0.452148 0.699219 0.463867 0.711914 0.47168 0.699219
0 0.581055 0.394531 0.595703 0.391602 0.59668 0.40625 0.614258 0.410156 0.597656 0.423828 0.613281 0.433594 0.613281 0.433594 0.59668 0.44043 0.603516 0.457031 0.585938 0.451172 0.579102 0.462891 0.560547 0.454102 0.550781 0.469727 0.545898 0.458008 0.53125 0.464844 0.538086 0.450195 0.520508 0.445312 0.536133 0.432617 0.514648 0.419922 0.52832 0.415039 0.524414 0.393555 0.537109 0.402344 0.537109 0.382812 0.550781 0.390625 0.557617 0.371094 0.564453 0.376953 0.576172 0.375977
0 0.585938 0.476562 0.601562 0.469727 0.601562 0.480469 0.619141 0.487305 0.616211 0.496094 0.630859 0.506836 0.613281 0.513672 0.621094 0.53125 0.611328 0.530273 0.610352 0.544922 0.597656 0.540039 0.592773 0.555664 0.580078 0.547852 0.564453 0.549805 0.544922 0.541016 0.536133 0.522461 0.537109 0.5 0.544922 0.496094 0.541992 0.482422 0.548828 0.478516 0.561523 0.470703 0.569336 0.476562 0.583984 0.462891
0 0.706055 0.453125 0.716797 0.449219 0.716797 0.449219 0.731445 0.457031 0.728516 0.464844 0.734375 0.463867 0.74707 0.456055 0.75293 0.462891 0.739258 0.472656 0.749023 0.485352 0.749023 0.485352 0.737305 0.492188 0.753906 0.5 0.742188 0.505859 0.742188 0.522461 0.731445 0.523438 0.719727 0.510742 0.711914 0.527344 0.711914 0.527344 0.693359 0.533203 0.693359 0.514648 0.679688 0.520508 0.678711 0.505859 0.664062 0.500977 0.672852 0.476562 0.679688 0.475586 0.674805 0.463867 0.68457 0.463867 0.689453 0.446289 0.703125 0.454102
0 0.597656 0.578125 0.610352 0.571289 0.616211 0.585938 0.62793 0.583008 0.634766 0.591797 0.626953 0.602539 0.638672 0.608398 0.625 0.625 0.615234 0.644531 0.615234 0.651367 0.603516 0.649414 0.603516 0.649414 0.591797 0.651367 0.583008 0.642578 0.568359 0.65625 0.561523 0.643555 0.548828 0.639648 0.548828 0.628906 0.543945 0.614258 0.543945 0.591797 0.551758 0.589844 0.552734 0.575195 0.56543 0.574219 0.579102 0.567383 0.594727 0.5625 0.601562 0.567383
0 0.612305 0.672852 0.626953 0.662109 0.625977 0.674805 0.645508 0.667969 0.644531 0.679688 0.634766 0.688477 0.645508 0.698242 0.638672 0.707031 0.643555 0.716797 0.625977 0.716797 0.628906 0.742188 0.611328 0.731445 0.59668 0.744141 0.584961 0.737305 0.569336 0.732422 0.571289 0.717773 0.5625 0.712891 0.564453 0.682617 0.572266 0.663086 0.583984 0.667969 0.584961 0.654297 0.600586 0.647461 0.612305 0.652344
0 0.567383 0.733398 0.581055 0.729492 0.587891 0.744141 0.580078 0.762695 0.566406 0.760742 0.563477 0.744141 0.563477 0.734375
1 0.642578 0.702148 0.668945 0.701172 0.688477 0.716797 0.704102 0.727539 0.71582 0.742188 0.725586 0.764648 0.72168 0.779297 0.728516 0.793945 0.716797 0.803711 0.702148 0.802734 0.702148 0.827148 0.688477 0.849609 0.662109 0.865234 0.62793 0.863281 0.606445 0.847656 0.589844 0.827148 0.583008 0.791992 0.582031 0.763672 0.592773 0.75 0.612305 0.740234 0.626953 0.722656 0.634766 0.707031
0 0.674805 0.869141 0.6875 0.862305 0.693359 0.878906 0.703125 0.871094 0.714844 0.883789 0.711914 0.893555 0.727539 0.893555 0.730469 0.914062 0.736328 0.917969 0.730469 0.932617 0.717773 0.943359 0.707031 0.951172 0.691406 0.958008 0.654297 0.942383 0.634766 0.925781 0.636719 0.901367 0.657227 0.899414 0.648438 0.870117 0.662109 0.859375
0 0.952148 0.311523 0.96875 0.305664 0.974609 0.317383 0.987305 0.318359 0.986328 0.334961 1 0.336914 1 0.37793 0.991211 0.376953 1 0.395508 0.980469 0.385742 0.979492 0.402344 0.960938 0.402344 0.944336 0.412109 0.936523 0.400391 0.916016 0.407227 0.923828 0.387695 0.900391 0.375977 0.915039 0.367188 0.904297 0.355469 0.915039 0.349609 0.904297 0.338867 0.911133 0.328125 0.925781 0.329102 0.920898 0.313477
0 0.834961 0.452148 0.850586 0.439453 0.856445 0.451172 0.850586 0.462891 0.865234 0.46582 0.847656 0.478516 0.876953 0.480469 0.851562 0.486328 0.87207 0.500977 0.856445 0.514648 0.838867 0.519531 0.825195 0.530273 0.791992 0.522461 0.773438 0.505859 0.776367 0.489258 0.772461 0.474609 0.787109 0.458008 0.807617 0.449219 0.807617 0.449219
0 0.875 0.411133 0.891602 0.414062 0.898438 0.422852 0.921875 0.439453 0.904297 0.449219 0.915039 0.459961 0.924805 0.485352 0.901367 0.486328 0.902344 0.495117 0.884766 0.492188 0.875977 0.504883 0.866211 0.491211 0.851562 0.50293 0.852539 0.480469 0.84082 0.46875 0.832031 0.448242 0.84375 0.427734 0.862305 0.411133
0 0.979492 0.416016 1 0.407227 1 0.495117 0.987305 0.488281 0.981445 0.499023 0.970703 0.489258 0.952148 0.500977 0.957031 0.469727 0.925781 0.456055 0.942383 0.448242 0.936523 0.435547 0.946289 0.418945 0.954102 0.421875 0.955078 0.412109 0.963867 0.416016 0.97168 0.40332
0 0.758789 0.544922 0.753906 0.561523 0.771484 0.564453 0.777344 0.580078 0.769531 0.600586 0.769531 0.608398 0.732422 0.616211 0.714844 0.625 0.698242 0.625977 0.693359 0.616211 0.681641 0.614258 0.680664 0.597656 0.669922 0.587891 0.676758 0.575195 0.671875 0.5625 0.691406 0.546875 0.704102 0.541992 0.722656 0.539062 0.736328 0.530273 0.740234 0.537109 0.742188 0.552734
0 0.761719 0.607422 0.786133 0.624023 0.773438 0.634766 0.767578 0.648438 0.749023 0.640625 0.739258 0.645508 0.726562 0.634766 0.709961 0.643555 0.700195 0.635742 0.728516 0.614258
0 0.880859 0.521484 0.894531 0.525391 0.902344 0.541992 0.915039 0.558594 0.915039 0.579102 0.90332 0.595703 0.897461 0.608398 0.870117 0.602539 0.850586 0.594727 0.831055 0.577148 0.835938 0.555664 0.826172 0.541016 0.834961 0.538086 0.834961 0.513672 0.860352 0.506836
0 0.90918 0.495117 0.922852 0.49707 0.921875 0.504883 0.921875 0.504883 0.935547 0.510742 0.944336 0.522461 0.933594 0.53125 0.939453 0.540039 0.915039 0.537109 0.907227 0.547852 0.887695 0.540039 0.898438 0.524414 0.890625 0.5 0.90332 0.50293
0 1 0.499023 0.989258 0.505859 0.980469 0.5 0.969727 0.505859 0.972656 0.519531 0.959961 0.525391 0.958984 0.537109 0.942383 0.540039 0.945312 0.554688 0.956055 0.566406 0.944336 0.583008 0.956055 0.59082 0.958984 0.606445 0.972656 0.602539 0.979492 0.617188 1 0.601562
0 0.90625 0.638672 0.913086 0.625 0.923828 0.643555 0.944336 0.644531 0.9375 0.662109 0.947266 0.678711 0.943359 0.700195 0.924805 0.711914 0.882812 0.716797 0.869141 0.688477 0.876953 0.668945 0.849609 0.671875 0.868164 0.661133 0.84668 0.647461 0.878906 0.648438 0.890625 0.639648
0 1 0.626953 0.981445 0.618164 0.983398 0.628906 0.973633 0.634766 0.974609 0.644531 0.966797 0.647461 0.970703 0.670898 0.962891 0.678711 0.975586 0.688477 1 0.710938
0 0.804688 0.761719 0.819336 0.773438 0.842773 0.77832 0.860352 0.794922 0.873047 0.814453 0.869141 0.839844 0.842773 0.854492 0.836914 0.87207 0.822266 0.870117 0.822266 0.870117 0.805664 0.854492 0.78418 0.84668 0.761719 0.844727 0.756836 0.828125 0.749023 0.808594 0.753906 0.789062 0.763672 0.789062 0.764648 0.775391 0.788086 0.770508
0 0.8125 0.856445 0.823242 0.868164 0.818359 0.887695 0.827148 0.898438 0.820312 0.913086 0.80957 0.919922 0.785156 0.924805 0.758789 0.93457 0.753906 0.920898 0.743164 0.916016 0.744141 0.899414 0.736328 0.889648 0.751953 0.857422 0.761719 0.839844 0.791016 0.838867
0 0.829102 0.944336 0.861328 0.950195 0.861328 0.961914 0.851562 0.967773 0.859375 0.982422 0.857422 1 0.783203 1 0.774414 0.986328 0.776367 0.967773 0.78125 0.947266 0.803711 0.946289
0 0.93457 0.799805 0.954102 0.806641 0.964844 0.818359 0.975586 0.81543 0.977539 0.839844 0.976562 0.849609 0.984375 0.867188 0.972656 0.867188 0.978516 0.883789 0.953125 0.887695 0.931641 0.891602 0.90332 0.87793 0.891602 0.852539 0.881836 0.823242 0.899414 0.802734 0.920898 0.800781
0 0.947266 0.882812 0.975586 0.888672 0.982422 0.912109 1 0.902344 1 0.9375 1 0.96582 0.985352 0.969727 0.987305 0.989258 0.951172 0.984375 0.932617 0.970703 0.915039 0.949219 0.926758 0.939453 0.904297 0.914062 0.904297 0.893555 0.922852 0.888672 0.943359 0.900391
