0 0.863042 0.748771 0.845107 0.750374 0.838547 0.761456 0.849045 0.776474 0.865375 0.786681 0.876311 0.784493 0.88608 0.770642 0.885788 0.75679 0.87793 0.753906 0.873047 0.753906 0.867188 0.754883
0 0.964146 0.778472 0.957031 0.78125 0.950379 0.7781 0.944178 0.784053 0.944336 0.791992 0.947402 0.797571 0.956055 0.802734 0.973633 0.801758 0.970703 0.793945 0.972455 0.790626 0.967773 0.786133 0.967773 0.78125
0 0.624016 0.404279 0.610352 0.401367 0.606445 0.410156 0.584859 0.41672 0.584859 0.436298 0.600358 0.449146 0.625239 0.454245 0.643594 0.450573 0.645634 0.43487 0.632812 0.426758 0.634766 0.417969 0.630859 0.413086 0.623047 0.410156
0 0.602806 0.448942 0.588326 0.453021 0.574866 0.474639 0.578129 0.493197 0.593221 0.510125 0.604492 0.505859 0.611983 0.514815 0.622181 0.493401 0.615234 0.486328 0.626953 0.482422 0.636252 0.474639 0.628906 0.46875 0.632377 0.458731
0 0.679393 0.304437 0.657776 0.314164 0.639094 0.315862 0.632609 0.334854 0.640329 0.345354 0.658203 0.345703 0.674761 0.347823 0.673063 0.327905 0.682944 0.321112 0.680664 0.311523 0.677734 0.30957
0 0.558258 0.321139 0.535748 0.338136 0.523114 0.354674 0.521277 0.378332 0.539882 0.400842 0.55957 0.407227 0.575484 0.404287 0.569336 0.37793 0.59409 0.376035 0.597994 0.348702 0.594727 0.342773 0.580078 0.34375 0.572269 0.330326
0 0.493799 0.39045 0.478843 0.385136 0.451844 0.389376 0.425514 0.41459 0.457199 0.438689 0.456055 0.458008 0.471926 0.469705 0.478516 0.453125 0.509637 0.456316 0.512273 0.427058 0.503458 0.394054
0 0.490913 0.313079 0.478728 0.319045 0.476062 0.332881 0.476569 0.341513 0.489009 0.349002 0.502083 0.351668 0.50293 0.34082 0.509953 0.327804 0.506526 0.321584 0.495117 0.31543
0 0.534262 0.280969 0.518391 0.285445 0.509709 0.292364 0.514648 0.311523 0.52558 0.317324 0.54023 0.315696 0.549319 0.305522 0.553796 0.290058 0.548369 0.282461 0.541016 0.283203
0 0.521747 0.146841 0.49089 0.157522 0.478516 0.163086 0.477539 0.174805 0.492188 0.198242 0.472656 0.210938 0.482345 0.232292 0.513439 0.23158 0.548332 0.223035 0.559488 0.196213 0.557826 0.152775
0 0.410947 0.184104 0.390625 0.201827 0.39677 0.228766 0.401968 0.254522 0.441194 0.249324 0.458917 0.229711 0.451355 0.204663 0.439776 0.190013 0.425781 0.193359
0 0.415918 0.0650586 0.40625 0.0585938 0.394476 0.0659248 0.3726 0.0739385 0.365019 0.088667 0.354492 0.107422 0.358305 0.116174 0.366211 0.128906 0.39036 0.130686 0.405521 0.137833 0.426098 0.120073 0.443642 0.102528 0.437145 0.0821689 0.426758 0.0742188
0 0.477646 0.094082 0.454102 0.0830078 0.431296 0.0953809 0.4196 0.114225 0.43457 0.141602 0.451172 0.143555 0.469416 0.152562 0.489776 0.138916 0.478516 0.106445
0 0.329128 0.130688 0.314363 0.136779 0.304028 0.157449 0.307535 0.176644 0.326176 0.183657 0.343524 0.17609 0.351829 0.155974 0.347215 0.144161 0.336914 0.136719
0 0.282468 0.0340215 0.265561 0.0332158 0.247688 0.0438438 0.243501 0.0578525 0.255256 0.0826494 0.270508 0.0917969 0.286654 0.0873193 0.302435 0.0699287 0.313867 0.0641318 0.302273 0.0454541 0.290039 0.0380859
0 0.232422 0.00195312 0.202192 0 0.194105 0.0238945 0.207507 0.0467695 0.225586 0.0458984 0.224609 0.0400391 0.236328 0.0380859 0.243164 0.0302734 0.248635 0.0169629 0.235352 0.00683594
0 0.184427 0.101359 0.158188 0.10116 0.127973 0.115273 0.122606 0.137537 0.12793 0.140625 0.12207 0.15625 0.128371 0.169342 0.154212 0.187033 0.183632 0.181666 0.203907 0.165565 0.203907 0.135947 0.198738 0.117858
0 0.226369 0.132965 0.208081 0.134158 0.197348 0.16477 0.194365 0.187828 0.209672 0.198762 0.21875 0.191406 0.222656 0.178711 0.228516 0.166016 0.227539 0.145508
0 0.226767 0.191804 0.205299 0.196177 0.190589 0.209495 0.189794 0.229373 0.197266 0.232422 0.208479 0.245674 0.23114 0.238518 0.236109 0.215657 0.231445 0.203125
0 0.0763291 0.0494463 0.0508203 0.0528467 0.0399795 0.0683652 0.0455059 0.0819697 0.061874 0.0849453 0.0712891 0.0800781 0.0761719 0.0732422 0.0800781 0.0664062 0.0800781 0.0546875
0 0.667672 0.184884 0.640625 0.198242 0.639648 0.204102 0.629883 0.207031 0.63138 0.218939 0.643312 0.241063 0.667921 0.258712 0.693524 0.248769 0.705456 0.23112 0.691536 0.208002 0.685547 0.205078 0.673828 0.197266 0.675781 0.19043
0 0.71875 0.202148 0.711174 0.204273 0.698496 0.231368 0.679106 0.255729 0.677734 0.266602 0.668945 0.280273 0.675781 0.289062 0.682617 0.283203 0.685547 0.269531 0.693359 0.272461 0.701479 0.279593 0.705078 0.285156 0.720371 0.293514 0.720703 0.286133 0.739258 0.283203 0.740234 0.275391 0.75293 0.263672 0.748047 0.246094 0.743164 0.236328 0.749023 0.222656 0.739258 0.219727 0.735352 0.213867 0.728516 0.212891 0.722656 0.207031
0 0.669284 0 0.676636 0.0246221 0.691798 0.0407031 0.698242 0.0341797 0.701172 0.0449219 0.71592 0.05196 0.734375 0.0488281 0.740234 0.0322266 0.746094 0.0429688 0.75293 0.0332031 0.749023 0.0166016 0.752677 0
0 0.808942 0.254665 0.793615 0.25597 0.787256 0.269504 0.786277 0.288745 0.791992 0.299805 0.807476 0.311737 0.823292 0.300322 0.834544 0.282549 0.833729 0.266731 0.826172 0.260742
0 0.377253 0.727707 0.362553 0.736206 0.345786 0.755729 0.338206 0.780765 0.339844 0.821289 0.368524 0.842092 0.408031 0.859088 0.431229 0.847374 0.453968 0.819812 0.458984 0.779297 0.44043 0.761719 0.435547 0.748047
0 0.0888672 0.793945 0.0859375 0.796875 0.0888672 0.802734 0.0791016 0.805664 0.0693359 0.804688 0.0654297 0.811523 0.0712891 0.813477 0.0683594 0.819336 0.0722656 0.820312 0.0693359 0.824219 0.0615234 0.824219 0.0625 0.84375 0.0810547 0.84375 0.0927734 0.839844 0.0908203 0.833008 0.0957031 0.826172 0.101562 0.824219 0.101562 0.819336 0.0966797 0.816406 0.100586 0.811523 0.0957031 0.808594 0.0947266 0.807617 0.0976562 0.803711 0.09375 0.798828
