0 0.00292969 0.957031 0.00585938 0.958984 0.0107422 0.958984 0.0175781 0.956055 0.0283203 0.959961 0.0244141 0.975586 0.0253906 0.988281 0.0214844 0.993164 0.0195312 0.995117 0.0107422 0.993164 0.00683594 0.996094 0 0.995117 0 0.985352 0.00195312 0.978516 0.00195312 0.974609 0 0.96582 0 0.959961
0 0.046875 0.967773 0.0507812 0.959961 0.0595703 0.958984 0.0683594 0.960938 0.0712891 0.970703 0.0703125 0.984375 0.0634766 0.989258 0.0654297 1 0.0556641 1 0.0527344 0.998047 0.0449219 0.99707 0.0449219 0.991211 0.0449219 0.973633
0 0.106445 0.951172 0.124023 0.948242 0.125977 0.951172 0.129883 0.948242 0.135742 0.950195 0.136719 0.954102 0.138672 0.958008 0.141602 0.958008 0.146484 0.963867 0.144531 0.96875 0.140625 0.979492 0.143555 0.985352 0.145508 0.992188 0.138672 1 0.125 1 0.12207 0.999023 0.120117 1 0.112305 1 0.100586 0.988281 0.102539 0.974609 0.103516 0.959961
0 0.0195312 0.90918 0.0244141 0.90625 0.0302734 0.908203 0.0322266 0.914062 0.0332031 0.922852 0.0322266 0.927734 0.0322266 0.927734 0.0292969 0.932617 0.0253906 0.93457 0.0205078 0.930664 0.0175781 0.925781 0.015625 0.920898 0.015625 0.914062
0 0.0576172 0.911133 0.0595703 0.904297 0.0673828 0.901367 0.0761719 0.902344 0.0810547 0.90625 0.0878906 0.914062 0.0927734 0.916016 0.09375 0.921875 0.0878906 0.927734 0.0869141 0.93457 0.0869141 0.94043 0.0839844 0.946289 0.078125 0.949219 0.0654297 0.949219 0.0605469 0.948242 0.0546875 0.948242 0.0546875 0.94043 0.0556641 0.933594 0.0576172 0.930664 0.0537109 0.920898
0 0 0.852539 0.00683594 0.851562 0.0146484 0.847656 0.0263672 0.876953 0.0263672 0.880859 0.015625 0.886719 0.015625 0.898438 0.0078125 0.900391 0 0.896484
0 0 0.834961 0.00683594 0.84375 0.015625 0.845703 0.0244141 0.845703 0.0244141 0.848633 0.0283203 0.847656 0.0332031 0.841797 0.0332031 0.834961 0.0332031 0.829102 0.0351562 0.823242 0.0351562 0.814453 0.0332031 0.807617 0.0292969 0.803711 0.0175781 0.800781 0.0175781 0.800781 0.0136719 0.804688 0.0136719 0.804688 0.00976562 0.807617 0.00390625 0.80957 0 0.810547
0 0.0859375 0.911133 0.0859375 0.905273 0.0908203 0.90332 0.101562 0.90625 0.111328 0.904297 0.117188 0.907227 0.117188 0.916016 0.124023 0.916992 0.125977 0.927734 0.123047 0.938477 0.118164 0.945312 0.106445 0.947266 0.104492 0.943359 0.0966797 0.941406 0.0957031 0.949219 0.0888672 0.950195 0.0839844 0.949219 0.0800781 0.950195 0.0771484 0.950195 0.0771484 0.946289 0.0839844 0.944336 0.0878906 0.939453 0.0869141 0.93457 0.0849609 0.932617 0.0888672 0.927734 0.0898438 0.923828 0.0888672 0.919922 0.0888672 0.916016
0 0.0917969 0.864258 0.0966797 0.862305 0.104492 0.865234 0.111328 0.856445 0.119141 0.865234 0.124023 0.876953 0.125 0.882812 0.120117 0.890625 0.116211 0.900391 0.109375 0.900391 0.107422 0.892578 0.0976562 0.897461 0.0927734 0.892578 0.0927734 0.882812 0.0898438 0.881836 0.0888672 0.875977 0.0898438 0.875977 0.0898438 0.867188
0 0.0664062 0.814453 0.0712891 0.804688 0.0761719 0.802734 0.0791016 0.803711 0.0810547 0.807617 0.0917969 0.813477 0.09375 0.824219 0.0957031 0.827148 0.0996094 0.829102 0.100586 0.84082 0.0996094 0.847656 0.09375 0.853516 0.0830078 0.850586 0.0751953 0.850586 0.0683594 0.842773 0.0683594 0.836914 0.0634766 0.834961 0.0634766 0.827148 0.0634766 0.820312
0 0.0517578 0.795898 0.0546875 0.793945 0.0595703 0.793945 0.0644531 0.791992 0.0722656 0.795898 0.0751953 0.782227 0.0771484 0.773438 0.0751953 0.764648 0.0712891 0.766602 0.0625 0.760742 0.0566406 0.761719 0.0517578 0.767578 0.0517578 0.770508 0.0478516 0.77832 0.0478516 0.783203 0.046875 0.789062
0 0 0.793945 0.00488281 0.790039 0.00683594 0.787109 0.0126953 0.786133 0.0146484 0.78125 0.0146484 0.774414 0.0136719 0.772461 0.0126953 0.771484 0.0126953 0.768555 0.0107422 0.765625 0.00878906 0.764648 0.00976562 0.762695 0.00878906 0.759766 0.0078125 0.757812 0.00488281 0.755859 0.00292969 0.755859 0 0.755859
0 0 0.717773 0.00195312 0.713867 0.00488281 0.712891 0.0117188 0.712891 0.0136719 0.71582 0.0185547 0.71875 0.0185547 0.71875 0.0224609 0.724609 0.0244141 0.726562 0.0224609 0.731445 0.0224609 0.731445 0.0175781 0.733398 0.0117188 0.737305 0.0107422 0.740234 0.0146484 0.742188 0.0136719 0.745117 0.0117188 0.746094 0.00878906 0.74707 0.00488281 0.748047 0.00195312 0.74707 0.00195312 0.744141 0 0.743164
0 0 0.693359 0.00390625 0.698242 0.0078125 0.702148 0.0126953 0.702148 0.0166016 0.699219 0.0205078 0.694336 0.0205078 0.694336 0.0224609 0.68457 0.0244141 0.675781 0.0263672 0.668945 0.0283203 0.663086 0.0263672 0.655273 0.0185547 0.649414 0.0166016 0.646484 0.0117188 0.648438 0.0078125 0.648438 0.00390625 0.647461 0 0.648438
0 0 0.592773 0.00390625 0.592773 0.00878906 0.591797 0.0146484 0.587891 0.0166016 0.586914 0.0224609 0.584961 0.0253906 0.581055 0.0263672 0.574219 0.0283203 0.563477 0.0253906 0.5625 0.0263672 0.558594 0.0273438 0.555664 0.0253906 0.552734 0.0214844 0.546875 0.0146484 0.543945 0.00878906 0.545898 0.00488281 0.545898 0.00195312 0.545898 0 0.546875
0 0 0.507812 0.00292969 0.505859 0.0078125 0.504883 0.0107422 0.505859 0.0136719 0.505859 0.0166016 0.503906 0.0205078 0.505859 0.0244141 0.504883 0.0302734 0.507812 0.0283203 0.513672 0.03125 0.518555 0.0292969 0.525391 0.0263672 0.532227 0.0244141 0.533203 0.0224609 0.535156 0.0175781 0.537109 0.0126953 0.538086 0.00878906 0.537109 0.00585938 0.53418 0.00195312 0.525391 0 0.521484
0 0 0.486328 0.00585938 0.483398 0.0107422 0.482422 0.0126953 0.478516 0.015625 0.478516 0.0166016 0.474609 0.0185547 0.472656 0.0175781 0.469727 0.0185547 0.466797 0.015625 0.463867 0.0126953 0.459961 0.0126953 0.455078 0.0136719 0.453125 0.0146484 0.450195 0.0117188 0.445312 0.00878906 0.444336 0.00585938 0.444336 0.00292969 0.445312 0 0.447266
0 0.046875 0.457031 0.0488281 0.452148 0.0527344 0.452148 0.0566406 0.448242 0.0625 0.448242 0.0673828 0.449219 0.0722656 0.451172 0.0732422 0.451172 0.0771484 0.451172 0.0771484 0.458008 0.0791016 0.460938 0.0761719 0.463867 0.078125 0.46875 0.0791016 0.472656 0.0761719 0.479492 0.0693359 0.482422 0.0625 0.485352 0.0566406 0.485352 0.0507812 0.485352 0.0478516 0.482422 0.0507812 0.476562 0.0458984 0.475586 0.0449219 0.469727 0.0449219 0.464844 0.0439453 0.459961
0 0.0859375 0.516602 0.0898438 0.509766 0.0917969 0.505859 0.0859375 0.501953 0.0917969 0.5 0.102539 0.49707 0.108398 0.500977 0.111328 0.505859 0.117188 0.506836 0.124023 0.511719 0.125 0.516602 0.123047 0.521484 0.119141 0.524414 0.118164 0.52832 0.120117 0.533203 0.120117 0.538086 0.118164 0.541016 0.116211 0.545898 0.110352 0.545898 0.104492 0.542969 0.100586 0.542969 0.0957031 0.541992 0.0888672 0.536133 0.0888672 0.533203 0.0859375 0.530273 0.0839844 0.527344 0.0810547 0.522461 0.0859375 0.521484
0 0.0527344 0.556641 0.0566406 0.549805 0.0654297 0.544922 0.0771484 0.553711 0.0791016 0.55957 0.0791016 0.561523 0.0800781 0.564453 0.0800781 0.570312 0.0810547 0.575195 0.0810547 0.579102 0.0791016 0.583984 0.0771484 0.588867 0.0732422 0.592773 0.0693359 0.595703 0.0683594 0.598633 0.0615234 0.603516 0.0556641 0.601562 0.0527344 0.59668 0.0507812 0.592773 0.0488281 0.591797 0.0478516 0.586914 0.0458984 0.582031 0.0458984 0.577148 0.0478516 0.574219 0.0419922 0.568359 0.046875 0.563477 0.0498047 0.55957
0 0.0283203 0.612305 0.0283203 0.605469 0.0322266 0.604492 0.0351562 0.603516 0.0390625 0.603516 0.0439453 0.600586 0.0478516 0.600586 0.0507812 0.602539 0.0527344 0.606445 0.0537109 0.609375 0.0576172 0.611328 0.0625 0.612305 0.0664062 0.614258 0.0673828 0.619141 0.0654297 0.62207 0.0625 0.625977 0.0625 0.62793 0.0625 0.629883 0.0654297 0.629883 0.0644531 0.635742 0.0644531 0.640625 0.0644531 0.642578 0.0615234 0.649414 0.0625 0.652344 0.0585938 0.654297 0.0537109 0.65332 0.0517578 0.650391 0.0478516 0.649414 0.0458984 0.650391 0.0419922 0.651367 0.0351562 0.650391 0.0292969 0.643555 0.0263672 0.636719 0.0205078 0.630859 0.0205078 0.630859 0.0214844 0.62207 0.0234375 0.616211 0.0283203 0.614258
0 0.0556641 0.65625 0.0537109 0.664062 0.0507812 0.665039 0.0498047 0.667969 0.0498047 0.669922 0.0507812 0.676758 0.0507812 0.679688 0.0537109 0.680664 0.0566406 0.681641 0.0576172 0.686523 0.0576172 0.686523 0.0546875 0.688477 0.0566406 0.692383 0.0585938 0.693359 0.0634766 0.694336 0.0664062 0.700195 0.0722656 0.703125 0.0722656 0.704102 0.0761719 0.702148 0.0820312 0.703125 0.0830078 0.699219 0.0859375 0.696289 0.0869141 0.693359 0.0859375 0.691406 0.0849609 0.6875 0.0878906 0.683594 0.0888672 0.683594 0.0878906 0.677734 0.0869141 0.675781 0.0908203 0.675781 0.0927734 0.673828 0.0927734 0.670898 0.0917969 0.666992 0.0908203 0.664062 0.0957031 0.661133 0.0957031 0.657227 0.09375 0.655273 0.0898438 0.655273 0.0878906 0.655273 0.0859375 0.651367 0.0830078 0.65332 0.0800781 0.65332 0.078125 0.651367 0.0751953 0.650391 0.0722656 0.647461 0.0703125 0.646484 0.0683594 0.645508 0.0654297 0.645508 0.0634766 0.647461 0.0615234 0.648438 0.0615234 0.650391 0.0634766 0.652344 0.0625 0.654297 0.0605469 0.65625
0 0.0927734 0.621094 0.09375 0.617188 0.0927734 0.615234 0.0947266 0.614258 0.0986328 0.612305 0.102539 0.612305 0.104492 0.612305 0.108398 0.613281 0.114258 0.616211 0.117188 0.617188 0.118164 0.620117 0.118164 0.624023 0.120117 0.625977 0.120117 0.629883 0.119141 0.632812 0.115234 0.632812 0.115234 0.639648 0.111328 0.644531 0.106445 0.645508 0.106445 0.645508 0.102539 0.646484 0.0996094 0.645508 0.0976562 0.643555 0.0947266 0.645508 0.0888672 0.637695 0.0908203 0.634766 0.0927734 0.632812 0.09375 0.630859 0.0917969 0.629883 0.0898438 0.629883 0.0898438 0.62793 0.0898438 0.625 0.0927734 0.624023
0 0.118164 0.555664 0.12207 0.553711 0.125977 0.553711 0.129883 0.554688 0.132812 0.556641 0.133789 0.561523 0.134766 0.566406 0.136719 0.570312 0.134766 0.574219 0.135742 0.578125 0.133789 0.580078 0.132812 0.586914 0.12793 0.584961 0.121094 0.586914 0.115234 0.582031 0.115234 0.575195 0.116211 0.572266 0.117188 0.569336 0.118164 0.56543 0.118164 0.5625 0.116211 0.55957
0 0.165039 0.613281 0.171875 0.604492 0.178711 0.605469 0.18457 0.607422 0.19043 0.607422 0.195312 0.608398 0.197266 0.610352 0.200195 0.612305 0.200195 0.617188 0.200195 0.62207 0.200195 0.626953 0.199219 0.631836 0.199219 0.638672 0.197266 0.640625 0.192383 0.647461 0.1875 0.649414 0.185547 0.642578 0.179688 0.642578 0.173828 0.648438 0.167969 0.646484 0.164062 0.647461 0.164062 0.643555 0.161133 0.634766 0.15625 0.626953 0.162109 0.624023 0.162109 0.616211
0 0.19043 0.666992 0.196289 0.658203 0.204102 0.65918 0.210938 0.654297 0.214844 0.660156 0.212891 0.665039 0.21875 0.665039 0.21875 0.671875 0.213867 0.670898 0.213867 0.678711 0.21875 0.682617 0.219727 0.688477 0.220703 0.697266 0.217773 0.698242 0.211914 0.700195 0.209961 0.705078 0.204102 0.702148 0.200195 0.697266 0.198242 0.702148 0.193359 0.703125 0.19043 0.704102 0.189453 0.705078 0.1875 0.705078 0.18457 0.69043 0.180664 0.688477 0.176758 0.688477 0.172852 0.68457 0.176758 0.680664 0.180664 0.681641 0.185547 0.674805 0.179688 0.674805 0.181641 0.668945 0.186523 0.667969
0 0.188477 0.708984 0.19043 0.704102 0.193359 0.704102 0.195312 0.701172 0.198242 0.702148 0.199219 0.700195 0.203125 0.706055 0.208008 0.710938 0.208984 0.714844 0.211914 0.712891 0.21875 0.716797 0.219727 0.72168 0.21875 0.726562 0.21582 0.733398 0.214844 0.736328 0.21875 0.743164 0.214844 0.74707 0.211914 0.75 0.209961 0.751953 0.202148 0.750977 0.192383 0.75293 0.192383 0.74707 0.189453 0.744141 0.182617 0.751953 0.177734 0.741211 0.181641 0.737305 0.183594 0.720703 0.185547 0.71582 0.1875 0.710938
0 0.116211 0.662109 0.116211 0.654297 0.12207 0.650391 0.128906 0.650391 0.137695 0.652344 0.144531 0.657227 0.146484 0.663086 0.145508 0.666992 0.146484 0.668945 0.146484 0.673828 0.146484 0.676758 0.143555 0.679688 0.146484 0.683594 0.144531 0.69043 0.139648 0.697266 0.131836 0.701172 0.12793 0.695312 0.12207 0.697266 0.118164 0.695312 0.110352 0.696289 0.107422 0.691406 0.107422 0.68457 0.109375 0.680664 0.108398 0.674805 0.110352 0.671875 0.111328 0.666016
0 0.0966797 0.706055 0.103516 0.700195 0.110352 0.700195 0.117188 0.703125 0.123047 0.702148 0.12793 0.704102 0.134766 0.703125 0.137695 0.707031 0.135742 0.709961 0.131836 0.714844 0.130859 0.71875 0.130859 0.722656 0.134766 0.72168 0.138672 0.727539 0.135742 0.736328 0.132812 0.741211 0.129883 0.746094 0.12793 0.750977 0.125977 0.755859 0.123047 0.760742 0.123047 0.764648 0.117188 0.766602 0.111328 0.763672 0.112305 0.758789 0.107422 0.756836 0.104492 0.754883 0.101562 0.756836 0.0966797 0.750977 0.0966797 0.743164 0.0927734 0.736328 0.09375 0.71582 0.0957031 0.713867
0 0.131836 0.796875 0.126953 0.782227 0.130859 0.776367 0.133789 0.766602 0.141602 0.758789 0.150391 0.757812 0.15625 0.760742 0.162109 0.766602 0.164062 0.773438 0.164062 0.77832 0.163086 0.782227 0.164062 0.787109 0.160156 0.794922 0.154297 0.801758 0.147461 0.802734 0.145508 0.807617 0.140625 0.806641 0.140625 0.803711 0.137695 0.798828
0 0.130859 0.796875 0.12793 0.799805 0.12207 0.801758 0.120117 0.805664 0.117188 0.806641 0.114258 0.813477 0.114258 0.819336 0.115234 0.826172 0.119141 0.830078 0.124023 0.836914 0.12793 0.84082 0.12793 0.84082 0.132812 0.841797 0.132812 0.845703 0.133789 0.847656 0.138672 0.848633 0.140625 0.849609 0.144531 0.849609 0.147461 0.847656 0.148438 0.844727 0.150391 0.842773 0.15332 0.84375 0.154297 0.838867 0.160156 0.832031 0.158203 0.820312 0.154297 0.819336 0.154297 0.814453 0.152344 0.808594 0.147461 0.806641 0.146484 0.80957 0.143555 0.807617 0.139648 0.808594 0.140625 0.803711 0.138672 0.802734 0.138672 0.799805 0.134766 0.798828 0.132812 0.798828
0 0.168945 0.928711 0.166992 0.922852 0.167969 0.915039 0.173828 0.914062 0.180664 0.911133 0.189453 0.908203 0.196289 0.911133 0.205078 0.917969 0.207031 0.921875 0.205078 0.929688 0.204102 0.933594 0.199219 0.939453 0.198242 0.950195 0.192383 0.958008 0.186523 0.954102 0.177734 0.954102 0.171875 0.950195 0.172852 0.935547
0 0.18457 0.964844 0.193359 0.959961 0.202148 0.966797 0.207031 0.975586 0.209961 0.984375 0.208008 1 0.196289 1 0.194336 0.994141 0.186523 0.990234 0.182617 0.977539 0.183594 0.969727
0 0.238281 1 0.237305 0.986328 0.227539 0.972656 0.246094 0.963867 0.250977 0.966797 0.256836 0.958008 0.269531 0.963867 0.271484 0.970703 0.274414 0.982422 0.270508 0.991211 0.265625 1
0 0.260742 0.911133 0.270508 0.911133 0.27832 0.918945 0.280273 0.926758 0.280273 0.9375 0.285156 0.94043 0.290039 0.949219 0.28418 0.955078 0.277344 0.953125 0.273438 0.959961 0.266602 0.960938 0.264648 0.960938 0.261719 0.954102 0.253906 0.952148 0.25 0.948242 0.25 0.942383 0.250977 0.936523 0.250977 0.927734
0 0.228516 0.90332 0.235352 0.90918 0.242188 0.913086 0.242188 0.919922 0.24707 0.919922 0.251953 0.919922 0.255859 0.921875 0.256836 0.916992 0.259766 0.913086 0.260742 0.910156 0.271484 0.910156 0.272461 0.90332 0.276367 0.898438 0.275391 0.888672 0.277344 0.875977 0.267578 0.867188 0.263672 0.864258 0.259766 0.861328 0.254883 0.854492 0.25 0.850586 0.243164 0.848633 0.238281 0.848633 0.233398 0.851562 0.228516 0.855469 0.228516 0.862305 0.228516 0.869141 0.226562 0.873047 0.227539 0.876953 0.227539 0.889648 0.227539 0.895508 0.229492 0.899414
0 0.203125 0.825195 0.204102 0.817383 0.208984 0.810547 0.217773 0.80957 0.222656 0.811523 0.226562 0.8125 0.227539 0.818359 0.236328 0.824219 0.240234 0.832031 0.241211 0.836914 0.240234 0.841797 0.241211 0.844727 0.233398 0.848633 0.227539 0.848633 0.223633 0.848633 0.217773 0.850586 0.214844 0.850586 0.208984 0.848633 0.206055 0.84668 0.206055 0.844727 0.204102 0.842773 0.201172 0.837891 0.201172 0.832031
0 0.19043 0.793945 0.200195 0.802734 0.208008 0.800781 0.211914 0.796875 0.21875 0.792969 0.223633 0.787109 0.226562 0.782227 0.22168 0.771484 0.21875 0.765625 0.214844 0.761719 0.21582 0.757812 0.211914 0.750977 0.209961 0.745117 0.202148 0.755859 0.196289 0.757812 0.191406 0.760742 0.189453 0.765625 0.189453 0.770508 0.1875 0.777344 0.188477 0.780273 0.191406 0.783203 0.19043 0.789062
0 0.236328 0.714844 0.242188 0.714844 0.248047 0.709961 0.256836 0.707031 0.262695 0.708008 0.263672 0.714844 0.270508 0.725586 0.269531 0.730469 0.270508 0.738281 0.270508 0.739258 0.264648 0.741211 0.258789 0.741211 0.258789 0.741211 0.256836 0.748047 0.251953 0.748047 0.24707 0.744141 0.236328 0.742188 0.235352 0.733398 0.232422 0.725586 0.236328 0.720703
0 0.0185547 0.40332 0.0273438 0.397461 0.0390625 0.399414 0.0507812 0.410156 0.0478516 0.416992 0.0458984 0.416016 0.0449219 0.420898 0.0410156 0.421875 0.0410156 0.428711 0.0380859 0.432617 0.0351562 0.43457 0.0302734 0.43457 0.0302734 0.435547 0.0263672 0.4375 0.0224609 0.43457 0.0205078 0.432617 0.0166016 0.427734 0.015625 0.423828 0.0166016 0.416992 0.0185547 0.410156 0.0166016 0.407227
0 0.0722656 0.404297 0.0751953 0.40332 0.0751953 0.398438 0.078125 0.395508 0.0839844 0.396484 0.0878906 0.391602 0.0917969 0.395508 0.0966797 0.397461 0.0986328 0.399414 0.0996094 0.402344 0.102539 0.405273 0.107422 0.408203 0.108398 0.413086 0.109375 0.417969 0.109375 0.424805 0.107422 0.429688 0.104492 0.429688 0.101562 0.436523 0.0957031 0.438477 0.0957031 0.438477 0.0888672 0.439453 0.0878906 0.441406 0.0830078 0.441406 0.078125 0.44043 0.0761719 0.4375 0.0732422 0.435547 0.0732422 0.431641 0.0693359 0.424805 0.0693359 0.416992 0.0703125 0.414062 0.0742188 0.410156
0 0.0263672 0.344727 0.0322266 0.338867 0.0361328 0.341797 0.0390625 0.342773 0.0439453 0.34375 0.0478516 0.344727 0.0478516 0.349609 0.0527344 0.351562 0.0556641 0.355469 0.0537109 0.359375 0.0517578 0.363281 0.0488281 0.367188 0.0517578 0.375977 0.0478516 0.380859 0.0439453 0.382812 0.0410156 0.379883 0.0380859 0.379883 0.0341797 0.375 0.03125 0.375 0.0273438 0.376953 0.0244141 0.373047 0.0224609 0.375 0.0205078 0.374023 0.0214844 0.370117 0.0185547 0.368164 0.0175781 0.363281 0.015625 0.360352 0.0166016 0.358398 0.0136719 0.352539 0.0107422 0.350586 0.0107422 0.344727 0.0185547 0.341797 0.0224609 0.342773
0 0.0214844 0.279297 0.0234375 0.272461 0.0292969 0.273438 0.0380859 0.27832 0.046875 0.28418 0.0537109 0.289062 0.0566406 0.295898 0.0546875 0.302734 0.0556641 0.311523 0.0537109 0.317383 0.0488281 0.321289 0.0390625 0.322266 0.0351562 0.328125 0.03125 0.329102 0.0244141 0.329102 0.0195312 0.328125 0.0146484 0.325195 0.0146484 0.316406 0.015625 0.310547 0.0166016 0.294922 0.0175781 0.294922 0.0195312 0.291016 0.0205078 0.289062 0.0214844 0.285156
0 0 0.264648 0.00683594 0.267578 0.0117188 0.270508 0.0195312 0.266602 0.0166016 0.259766 0.0214844 0.25293 0.0244141 0.246094 0.0244141 0.234375 0.0234375 0.228516 0.0166016 0.229492 0.0136719 0.22168 0.00585938 0.22168 0.00292969 0.21875 0 0.219727
0 0.015625 0.194336 0.0185547 0.188477 0.0273438 0.182617 0.0332031 0.177734 0.0410156 0.180664 0.0439453 0.1875 0.0478516 0.19043 0.046875 0.196289 0.0488281 0.205078 0.0478516 0.210938 0.0419922 0.210938 0.0419922 0.21875 0.0371094 0.219727 0.0351562 0.225586 0.0292969 0.225586 0.0263672 0.21875 0.0214844 0.216797 0.0195312 0.220703 0.0146484 0.217773 0.0146484 0.209961 0.0136719 0.204102 0.0136719 0.202148 0.0117188 0.197266
0 0.0107422 0.146484 0.0126953 0.12793 0.0214844 0.125977 0.0273438 0.123047 0.0341797 0.12793 0.0400391 0.131836 0.0419922 0.135742 0.0380859 0.141602 0.0332031 0.149414 0.0283203 0.152344 0.0234375 0.150391 0.0185547 0.155273
0 0 0.0976562 0.00878906 0.109375 0.0136719 0.109375 0.0166016 0.109375 0.0214844 0.108398 0.0283203 0.106445 0.0341797 0.0996094 0.0341797 0.0927734 0.0341797 0.0869141 0.0292969 0.0830078 0.0253906 0.078125 0.0253906 0.0712891 0.0205078 0.0683594 0.0185547 0.0664062 0.0146484 0.0703125 0.0107422 0.0703125 0.00488281 0.0751953 0.00390625 0.0791016 0.00292969 0.0830078
0 0.0205078 0.0322266 0.0224609 0.0185547 0.0302734 0.0175781 0.0410156 0.0224609 0.0478516 0.0283203 0.0507812 0.0361328 0.0449219 0.046875 0.0400391 0.0546875 0.0332031 0.0546875 0.0322266 0.046875 0.0263672 0.0458984 0.0263672 0.0380859
0 0.332031 0.52832 0.337891 0.525391 0.339844 0.518555 0.345703 0.509766 0.350586 0.513672 0.357422 0.513672 0.363281 0.517578 0.366211 0.523438 0.364258 0.536133 0.367188 0.541992 0.365234 0.546875 0.359375 0.547852 0.354492 0.552734 0.347656 0.551758 0.345703 0.546875 0.339844 0.541016 0.333984 0.537109
0 0.22168 0.663086 0.224609 0.658203 0.229492 0.657227 0.232422 0.65918 0.235352 0.658203 0.241211 0.65625 0.243164 0.65918 0.250977 0.658203 0.25293 0.665039 0.25293 0.670898 0.256836 0.675781 0.257812 0.683594 0.253906 0.68457 0.251953 0.686523 0.251953 0.691406 0.25 0.694336 0.241211 0.697266 0.239258 0.695312 0.236328 0.695312 0.233398 0.698242 0.228516 0.695312 0.225586 0.691406 0.222656 0.688477 0.217773 0.679688 0.219727 0.674805 0.219727 0.668945 0.22168 0.666992 0.223633 0.666016
0 0.232422 0.62793 0.235352 0.62207 0.241211 0.619141 0.244141 0.613281 0.251953 0.613281 0.255859 0.610352 0.260742 0.613281 0.267578 0.616211 0.267578 0.620117 0.271484 0.625 0.272461 0.628906 0.274414 0.632812 0.269531 0.637695 0.261719 0.635742 0.259766 0.638672 0.261719 0.642578 0.256836 0.644531 0.25293 0.644531 0.25293 0.648438 0.248047 0.646484 0.242188 0.648438 0.238281 0.645508 0.235352 0.640625 0.234375 0.637695 0.231445 0.635742
0 0.306641 0.662109 0.3125 0.65625 0.31543 0.650391 0.320312 0.649414 0.324219 0.654297 0.335938 0.657227 0.335938 0.664062 0.341797 0.666992 0.347656 0.667969 0.347656 0.675781 0.350586 0.679688 0.347656 0.682617 0.34375 0.682617 0.34375 0.689453 0.337891 0.688477 0.335938 0.692383 0.336914 0.696289 0.336914 0.699219 0.334961 0.701172 0.333008 0.704102 0.330078 0.705078 0.325195 0.705078 0.318359 0.704102 0.3125 0.700195 0.305664 0.694336 0.304688 0.69043 0.301758 0.685547 0.301758 0.681641 0.301758 0.677734 0.300781 0.673828 0.300781 0.670898 0.302734 0.666992 0.303711 0.668945 0.305664 0.666992
0 0.313477 0.729492 0.319336 0.726562 0.322266 0.720703 0.328125 0.716797 0.331055 0.717773 0.331055 0.720703 0.334961 0.722656 0.337891 0.727539 0.339844 0.729492 0.341797 0.733398 0.342773 0.737305 0.338867 0.742188 0.334961 0.741211 0.334961 0.749023 0.332031 0.75293 0.327148 0.753906 0.320312 0.753906 0.317383 0.748047 0.313477 0.739258
0 0.273438 0.774414 0.279297 0.772461 0.283203 0.772461 0.287109 0.769531 0.292969 0.766602 0.293945 0.769531 0.302734 0.773438 0.302734 0.773438 0.300781 0.776367 0.303711 0.789062 0.302734 0.794922 0.295898 0.803711 0.286133 0.805664 0.279297 0.805664 0.275391 0.803711 0.273438 0.803711 0.268555 0.795898 0.267578 0.788086 0.269531 0.788086 0.270508 0.779297
0 0.292969 0.820312 0.298828 0.810547 0.303711 0.80957 0.30957 0.810547 0.313477 0.8125 0.320312 0.811523 0.323242 0.81543 0.322266 0.818359 0.324219 0.819336 0.325195 0.824219 0.325195 0.827148 0.324219 0.833984 0.326172 0.837891 0.328125 0.842773 0.324219 0.84668 0.324219 0.84668 0.318359 0.851562 0.30957 0.852539 0.305664 0.853516 0.297852 0.851562 0.291992 0.844727 0.292969 0.838867 0.293945 0.831055 0.292969 0.826172
0 0.300781 0.866211 0.303711 0.858398 0.311523 0.856445 0.314453 0.860352 0.317383 0.859375 0.320312 0.863281 0.326172 0.864258 0.325195 0.873047 0.325195 0.876953 0.330078 0.881836 0.330078 0.881836 0.327148 0.885742 0.327148 0.889648 0.323242 0.893555 0.323242 0.893555 0.320312 0.895508 0.314453 0.891602 0.310547 0.891602 0.302734 0.888672 0.298828 0.878906 0.299805 0.875 0.297852 0.870117
0 0.3125 0.915039 0.328125 0.910156 0.332031 0.916016 0.332031 0.916016 0.337891 0.916992 0.34375 0.922852 0.345703 0.933594 0.34375 0.941406 0.34082 0.947266 0.34082 0.947266 0.337891 0.949219 0.333984 0.951172 0.331055 0.952148 0.321289 0.955078 0.317383 0.952148 0.314453 0.954102 0.310547 0.951172 0.305664 0.952148 0.304688 0.946289 0.305664 0.942383 0.301758 0.938477 0.302734 0.926758 0.306641 0.921875 0.30957 0.919922
0 0.288086 0.989258 0.289062 0.983398 0.291992 0.979492 0.294922 0.970703 0.301758 0.964844 0.308594 0.962891 0.30957 0.96582 0.313477 0.966797 0.317383 0.970703 0.322266 0.974609 0.324219 0.979492 0.325195 0.985352 0.322266 0.989258 0.319336 0.989258 0.319336 0.999023 0.314453 1 0.3125 0.999023 0.30957 1 0.296875 1 0.296875 0.995117 0.296875 0.993164
0 0.349609 0.984375 0.353516 0.973633 0.357422 0.969727 0.367188 0.964844 0.375 0.969727 0.379883 0.975586 0.382812 0.981445 0.380859 0.986328 0.37793 0.995117 0.378906 1 0.355469 1 0.355469 0.995117 0.350586 0.993164 0.351562 0.989258
0 0.392578 0.947266 0.390625 0.926758 0.396484 0.914062 0.40918 0.913086 0.412109 0.918945 0.416016 0.918945 0.424805 0.912109 0.4375 0.922852 0.44043 0.932617 0.43457 0.948242 0.428711 0.956055 0.424805 0.960938 0.424805 0.960938 0.414062 0.962891 0.401367 0.959961
0 0.361328 0.875 0.363281 0.865234 0.370117 0.865234 0.370117 0.865234 0.37793 0.859375 0.387695 0.869141 0.393555 0.875 0.395508 0.880859 0.394531 0.888672 0.390625 0.897461 0.380859 0.899414 0.373047 0.900391 0.364258 0.896484 0.359375 0.888672 0.360352 0.880859 0.363281 0.880859
0 0.34668 0.839844 0.350586 0.845703 0.358398 0.84668 0.363281 0.84668 0.371094 0.850586 0.379883 0.852539 0.382812 0.847656 0.384766 0.837891 0.387695 0.833984 0.387695 0.825195 0.386719 0.819336 0.386719 0.819336 0.379883 0.811523 0.374023 0.808594 0.366211 0.807617 0.360352 0.80957 0.360352 0.80957 0.356445 0.80957 0.351562 0.811523 0.350586 0.816406 0.352539 0.822266 0.353516 0.825195 0.350586 0.832031
0 0.353516 0.790039 0.353516 0.77832 0.358398 0.769531 0.370117 0.769531 0.376953 0.772461 0.378906 0.78125 0.381836 0.785156 0.379883 0.790039 0.374023 0.790039 0.375 0.797852 0.366211 0.802734 0.357422 0.804688 0.356445 0.800781
0 0.367188 0.733398 0.375 0.746094 0.383789 0.751953 0.391602 0.751953 0.399414 0.74707 0.401367 0.742188 0.397461 0.735352 0.40332 0.731445 0.395508 0.724609 0.395508 0.717773 0.388672 0.712891 0.381836 0.711914 0.376953 0.71875 0.37207 0.719727 0.37207 0.719727
0 0.360352 0.678711 0.361328 0.686523 0.369141 0.694336 0.374023 0.703125 0.379883 0.708008 0.387695 0.703125 0.393555 0.693359 0.393555 0.683594 0.394531 0.679688 0.394531 0.674805 0.394531 0.669922 0.397461 0.667969 0.401367 0.665039 0.400391 0.65918 0.393555 0.658203 0.389648 0.664062 0.380859 0.663086 0.375 0.657227 0.368164 0.655273 0.364258 0.662109 0.365234 0.666992 0.362305 0.669922 0.360352 0.669922
0 0.338867 0.615234 0.347656 0.610352 0.353516 0.604492 0.362305 0.604492 0.369141 0.609375 0.374023 0.611328 0.381836 0.613281 0.381836 0.617188 0.384766 0.623047 0.387695 0.631836 0.384766 0.639648 0.378906 0.643555 0.37207 0.646484 0.365234 0.649414 0.359375 0.649414 0.354492 0.650391 0.345703 0.652344 0.34375 0.646484 0.344727 0.637695 0.34375 0.631836 0.34082 0.626953 0.338867 0.623047
0 0.429688 1 0.424805 0.994141 0.424805 0.985352 0.431641 0.978516 0.44043 0.980469 0.446289 0.988281 0.444336 1
0 0.46582 1 0.463867 0.99707 0.470703 0.991211 0.474609 0.982422 0.475586 0.976562 0.480469 0.974609 0.484375 0.974609 0.491211 0.974609 0.493164 0.97168 0.495117 0.974609 0.49707 0.981445 0.5 0.985352 0.496094 0.992188 0.494141 0.995117 0.492188 1 0.46875 1
0 0.457031 0.953125 0.462891 0.955078 0.469727 0.953125 0.474609 0.955078 0.477539 0.953125 0.484375 0.954102 0.486328 0.950195 0.486328 0.944336 0.487305 0.939453 0.485352 0.93457 0.482422 0.932617 0.479492 0.926758 0.475586 0.920898 0.46875 0.922852 0.466797 0.925781 0.459961 0.929688 0.459961 0.929688 0.457031 0.936523 0.457031 0.942383 0.458984 0.947266
0 0.438477 0.875977 0.442383 0.874023 0.451172 0.874023 0.454102 0.878906 0.456055 0.885742 0.457031 0.892578 0.454102 0.897461 0.444336 0.904297 0.441406 0.90332 0.4375 0.904297 0.433594 0.897461 0.43457 0.890625 0.4375 0.886719 0.435547 0.882812
0 0.416992 0.844727 0.418945 0.827148 0.417969 0.822266 0.422852 0.81543 0.428711 0.81543 0.436523 0.817383 0.441406 0.817383 0.446289 0.821289 0.446289 0.826172 0.446289 0.833984 0.447266 0.839844 0.448242 0.841797 0.445312 0.844727 0.443359 0.850586 0.443359 0.850586 0.44043 0.852539 0.43457 0.852539 0.423828 0.852539
0 0.451172 0.770508 0.445312 0.761719 0.446289 0.750977 0.453125 0.749023 0.457031 0.75293 0.469727 0.751953 0.473633 0.75293 0.477539 0.753906 0.476562 0.765625 0.482422 0.771484 0.482422 0.77832 0.485352 0.783203 0.482422 0.795898 0.472656 0.793945 0.46875 0.805664 0.463867 0.811523 0.458984 0.80957 0.448242 0.813477 0.44043 0.808594 0.438477 0.793945 0.444336 0.790039 0.446289 0.78418 0.448242 0.77832 0.445312 0.773438 0.447266 0.770508
0 0.423828 0.726562 0.427734 0.719727 0.431641 0.716797 0.435547 0.713867 0.4375 0.707031 0.448242 0.708008 0.452148 0.714844 0.454102 0.722656 0.455078 0.728516 0.454102 0.736328 0.448242 0.74707 0.43457 0.748047 0.423828 0.743164 0.418945 0.739258 0.419922 0.737305 0.418945 0.732422 0.422852 0.732422
0 0.421875 0.667969 0.43457 0.663086 0.443359 0.663086 0.449219 0.668945 0.450195 0.675781 0.448242 0.679688 0.444336 0.686523 0.444336 0.694336 0.436523 0.704102 0.427734 0.703125 0.421875 0.695312 0.418945 0.685547 0.419922 0.676758 0.422852 0.675781 0.420898 0.672852
0 0.415039 0.620117 0.415039 0.613281 0.416992 0.608398 0.423828 0.606445 0.427734 0.608398 0.433594 0.610352 0.43457 0.616211 0.438477 0.621094 0.436523 0.625977 0.432617 0.628906 0.429688 0.634766 0.428711 0.637695 0.424805 0.638672 0.420898 0.635742 0.417969 0.62793
0 0.489258 0.603516 0.487305 0.597656 0.490234 0.59375 0.490234 0.588867 0.494141 0.583984 0.5 0.584961 0.503906 0.588867 0.504883 0.594727 0.510742 0.594727 0.515625 0.597656 0.518555 0.598633 0.523438 0.592773 0.52832 0.595703 0.532227 0.595703 0.536133 0.603516 0.536133 0.607422 0.535156 0.610352 0.532227 0.613281 0.532227 0.618164 0.53125 0.621094 0.530273 0.623047 0.53125 0.629883 0.532227 0.632812 0.535156 0.636719 0.535156 0.643555 0.532227 0.650391 0.532227 0.650391 0.52832 0.654297 0.521484 0.65332 0.516602 0.657227 0.510742 0.65918 0.505859 0.666016 0.500977 0.661133 0.49707 0.666992 0.494141 0.671875 0.488281 0.668945 0.482422 0.664062 0.486328 0.662109 0.486328 0.65625 0.486328 0.649414 0.486328 0.643555 0.482422 0.637695 0.476562 0.638672 0.474609 0.628906 0.479492 0.625977 0.481445 0.612305
0 0.474609 0.671875 0.479492 0.664062 0.486328 0.668945 0.493164 0.672852 0.491211 0.678711 0.490234 0.6875 0.487305 0.693359 0.481445 0.693359 0.475586 0.69043 0.47168 0.689453 0.472656 0.68457 0.470703 0.674805
0 0.515625 0.663086 0.536133 0.65918 0.538086 0.664062 0.549805 0.669922 0.556641 0.675781 0.548828 0.691406 0.548828 0.699219 0.543945 0.701172 0.541992 0.712891 0.53125 0.71582 0.524414 0.712891 0.520508 0.712891 0.519531 0.708984 0.508789 0.700195 0.511719 0.693359 0.513672 0.680664 0.509766 0.673828
0 0.482422 0.729492 0.483398 0.717773 0.495117 0.71875 0.501953 0.727539 0.50293 0.737305 0.500977 0.742188 0.501953 0.74707 0.49707 0.750977 0.489258 0.750977 0.487305 0.746094 0.481445 0.740234
0 0.47168 0.832031 0.477539 0.821289 0.482422 0.816406 0.493164 0.823242 0.492188 0.833984 0.492188 0.84082 0.5 0.845703 0.5 0.851562 0.493164 0.855469 0.488281 0.861328 0.479492 0.858398 0.46875 0.854492 0.46875 0.844727
0 0.526367 0.885742 0.53418 0.869141 0.547852 0.875 0.554688 0.875 0.561523 0.884766 0.561523 0.884766 0.55957 0.889648 0.555664 0.892578 0.555664 0.892578 0.551758 0.897461 0.550781 0.902344 0.541016 0.902344 0.533203 0.898438 0.527344 0.893555
0 0.512695 0.929688 0.517578 0.921875 0.53125 0.919922 0.53418 0.923828 0.544922 0.932617 0.542969 0.936523 0.540039 0.9375 0.537109 0.935547 0.539062 0.943359 0.536133 0.947266 0.537109 0.954102 0.538086 0.958008 0.532227 0.962891 0.527344 0.960938 0.522461 0.958008 0.516602 0.958008 0.509766 0.950195 0.509766 0.935547
0 0.514648 1 0.515625 0.992188 0.518555 0.988281 0.514648 0.983398 0.516602 0.978516 0.522461 0.97168 0.527344 0.970703 0.53418 0.970703 0.541016 0.97168 0.547852 0.977539 0.549805 0.983398 0.551758 0.988281 0.551758 0.989258 0.553711 0.992188 0.554688 0.996094 0.549805 1
0 0.570312 1 0.56543 0.996094 0.568359 0.992188 0.567383 0.982422 0.575195 0.972656 0.581055 0.972656 0.587891 0.973633 0.59375 0.970703 0.601562 0.973633 0.604492 0.978516 0.608398 0.984375 0.610352 0.990234 0.606445 0.99707 0.606445 1
0 0.553711 0.93457 0.553711 0.925781 0.5625 0.918945 0.567383 0.916016 0.577148 0.917969 0.582031 0.921875 0.584961 0.927734 0.586914 0.932617 0.587891 0.9375 0.587891 0.941406 0.585938 0.946289 0.581055 0.950195 0.579102 0.953125 0.572266 0.951172 0.572266 0.951172 0.567383 0.955078 0.560547 0.948242 0.556641 0.948242 0.551758 0.944336 0.549805 0.93457
0 0.592773 0.931641 0.598633 0.920898 0.598633 0.913086 0.604492 0.911133 0.606445 0.908203 0.610352 0.913086 0.614258 0.915039 0.619141 0.908203 0.625977 0.90918 0.630859 0.90918 0.632812 0.916016 0.632812 0.922852 0.637695 0.930664 0.637695 0.935547 0.643555 0.94043 0.629883 0.942383 0.626953 0.954102 0.620117 0.955078 0.617188 0.958008 0.609375 0.957031 0.606445 0.952148 0.600586 0.949219 0.595703 0.945312 0.595703 0.938477
0 0.650391 0.999023 0.645508 0.992188 0.646484 0.981445 0.65332 0.976562 0.660156 0.972656 0.666016 0.966797 0.671875 0.96582 0.677734 0.970703 0.685547 0.970703 0.68457 0.982422 0.68457 0.989258 0.685547 0.995117 0.68457 1
0 0.701172 0.916016 0.702148 0.90918 0.697266 0.900391 0.710938 0.897461 0.712891 0.902344 0.719727 0.897461 0.722656 0.900391 0.732422 0.895508 0.736328 0.902344 0.734375 0.911133 0.739258 0.914062 0.741211 0.916992 0.739258 0.923828 0.744141 0.926758 0.746094 0.931641 0.745117 0.939453 0.743164 0.944336 0.741211 0.950195 0.740234 0.954102 0.738281 0.959961 0.737305 0.964844 0.734375 0.969727 0.723633 0.97168 0.71875 0.973633 0.708984 0.972656 0.708984 0.96875 0.701172 0.96582 0.693359 0.958008 0.699219 0.956055 0.703125 0.952148 0.704102 0.946289 0.699219 0.939453 0.702148 0.935547 0.701172 0.929688 0.703125 0.924805 0.703125 0.924805 0.699219 0.920898
0 0.655273 0.948242 0.654297 0.94043 0.661133 0.936523 0.664062 0.9375 0.665039 0.931641 0.666992 0.924805 0.666016 0.918945 0.666992 0.915039 0.666992 0.908203 0.666016 0.901367 0.669922 0.904297 0.675781 0.902344 0.679688 0.900391 0.68457 0.904297 0.6875 0.910156 0.692383 0.912109 0.694336 0.916016 0.698242 0.917969 0.700195 0.923828 0.697266 0.928711 0.695312 0.933594 0.693359 0.938477 0.694336 0.942383 0.701172 0.947266 0.696289 0.952148 0.69043 0.956055 0.685547 0.960938 0.681641 0.961914 0.680664 0.958984 0.675781 0.958984 0.672852 0.957031 0.669922 0.955078 0.663086 0.954102
0 0.65918 0.860352 0.666016 0.864258 0.670898 0.864258 0.675781 0.863281 0.676758 0.859375 0.680664 0.855469 0.68457 0.855469 0.6875 0.857422 0.695312 0.858398 0.708008 0.859375 0.710938 0.861328 0.709961 0.864258 0.712891 0.868164 0.707031 0.870117 0.707031 0.875977 0.706055 0.878906 0.705078 0.880859 0.711914 0.883789 0.714844 0.886719 0.71582 0.893555 0.712891 0.896484 0.708008 0.897461 0.697266 0.900391 0.696289 0.904297 0.700195 0.90918 0.698242 0.912109 0.694336 0.911133 0.689453 0.90918 0.68457 0.90625 0.681641 0.902344 0.676758 0.899414 0.669922 0.904297 0.665039 0.896484 0.666992 0.888672 0.666992 0.879883 0.662109 0.87207
0 0.59375 0.880859 0.59375 0.875 0.597656 0.869141 0.601562 0.871094 0.608398 0.87207 0.608398 0.87793 0.609375 0.885742 0.614258 0.888672 0.610352 0.891602 0.610352 0.897461 0.610352 0.901367 0.605469 0.902344 0.603516 0.898438 0.599609 0.897461 0.599609 0.892578 0.59375 0.891602 0.59082 0.891602 0.588867 0.888672 0.59082 0.885742
0 0.532227 0.806641 0.539062 0.811523 0.547852 0.8125 0.548828 0.821289 0.542969 0.820312 0.545898 0.827148 0.542969 0.833984 0.547852 0.835938 0.545898 0.84082 0.541016 0.845703 0.536133 0.84668 0.53125 0.844727 0.527344 0.844727 0.522461 0.836914 0.525391 0.833008 0.527344 0.828125 0.521484 0.820312 0.526367 0.819336 0.526367 0.819336 0.529297 0.816406 0.526367 0.811523
0 0.530273 0.774414 0.53125 0.765625 0.536133 0.761719 0.536133 0.755859 0.540039 0.753906 0.545898 0.75 0.554688 0.746094 0.5625 0.745117 0.570312 0.74707 0.579102 0.754883 0.581055 0.762695 0.583008 0.766602 0.581055 0.771484 0.583008 0.78125 0.583008 0.78125 0.580078 0.78125 0.580078 0.789062 0.580078 0.794922 0.578125 0.793945 0.571289 0.796875 0.568359 0.804688 0.561523 0.799805 0.55957 0.806641 0.556641 0.8125 0.551758 0.813477 0.545898 0.807617 0.543945 0.802734 0.541016 0.796875 0.544922 0.792969 0.542969 0.791016 0.542969 0.78418 0.538086 0.785156 0.535156 0.78418 0.533203 0.780273
0 0.55957 0.816406 0.566406 0.814453 0.570312 0.811523 0.570312 0.806641 0.575195 0.808594 0.574219 0.797852 0.578125 0.795898 0.586914 0.797852 0.587891 0.804688 0.592773 0.8125 0.59668 0.817383 0.59668 0.825195 0.59375 0.827148 0.599609 0.832031 0.59668 0.839844 0.594727 0.84668 0.594727 0.852539 0.583984 0.851562 0.583008 0.854492 0.582031 0.856445 0.579102 0.859375 0.572266 0.861328 0.566406 0.855469 0.56543 0.850586 0.5625 0.849609 0.5625 0.84668 0.5625 0.84375 0.560547 0.838867 0.556641 0.835938 0.560547 0.832031 0.5625 0.831055 0.563477 0.827148 0.5625 0.824219 0.561523 0.822266
0 0.561523 0.743164 0.5625 0.733398 0.567383 0.725586 0.564453 0.712891 0.568359 0.707031 0.578125 0.703125 0.594727 0.706055 0.600586 0.717773 0.604492 0.727539 0.609375 0.735352 0.611328 0.742188 0.598633 0.750977 0.59668 0.755859 0.59668 0.763672 0.588867 0.760742 0.583984 0.760742 0.579102 0.758789 0.578125 0.75 0.571289 0.74707 0.566406 0.74707
0 0.583008 0.654297 0.594727 0.650391 0.607422 0.662109 0.609375 0.672852 0.606445 0.685547 0.598633 0.693359 0.588867 0.697266 0.588867 0.697266 0.578125 0.69043 0.577148 0.669922 0.573242 0.662109 0.577148 0.65625
0 0.573242 0.625 0.579102 0.614258 0.583008 0.607422 0.591797 0.617188 0.595703 0.625977 0.601562 0.62793 0.602539 0.641602 0.601562 0.647461 0.591797 0.637695 0.583984 0.643555 0.572266 0.640625
0 0.589844 0.55957 0.588867 0.551758 0.600586 0.546875 0.608398 0.545898 0.623047 0.550781 0.633789 0.551758 0.640625 0.5625 0.640625 0.566406 0.649414 0.572266 0.645508 0.580078 0.645508 0.592773 0.642578 0.594727 0.631836 0.591797 0.631836 0.604492 0.625977 0.602539 0.620117 0.611328 0.617188 0.623047 0.605469 0.625 0.597656 0.630859 0.591797 0.616211 0.586914 0.613281 0.583008 0.606445 0.579102 0.614258 0.577148 0.598633 0.580078 0.589844 0.582031 0.583984 0.584961 0.571289 0.587891 0.568359
0 0.65625 0.566406 0.663086 0.56543 0.670898 0.551758 0.679688 0.551758 0.688477 0.556641 0.691406 0.568359 0.699219 0.576172 0.700195 0.585938 0.699219 0.59375 0.694336 0.594727 0.688477 0.589844 0.6875 0.601562 0.677734 0.602539 0.669922 0.598633 0.667969 0.594727 0.65918 0.594727 0.654297 0.587891 0.648438 0.583984 0.651367 0.572266
0 0.658203 0.608398 0.664062 0.600586 0.672852 0.600586 0.675781 0.612305 0.683594 0.615234 0.689453 0.619141 0.685547 0.625 0.686523 0.632812 0.682617 0.638672 0.678711 0.641602 0.674805 0.647461 0.667969 0.648438 0.667969 0.649414 0.65918 0.649414 0.643555 0.644531 0.647461 0.634766 0.649414 0.630859 0.642578 0.620117 0.647461 0.611328
0 0.639648 0.670898 0.640625 0.658203 0.648438 0.658203 0.658203 0.661133 0.665039 0.661133 0.665039 0.669922 0.666016 0.675781 0.664062 0.680664 0.666016 0.688477 0.665039 0.691406 0.657227 0.691406 0.651367 0.691406 0.642578 0.694336 0.637695 0.69043 0.638672 0.683594 0.632812 0.677734
0 0.644531 0.720703 0.657227 0.698242 0.666016 0.711914 0.673828 0.710938 0.678711 0.720703 0.685547 0.728516 0.686523 0.733398 0.681641 0.743164 0.678711 0.757812 0.668945 0.755859 0.65918 0.756836 0.65332 0.751953 0.649414 0.749023 0.641602 0.741211 0.647461 0.736328 0.648438 0.728516 0.641602 0.724609
0 0.665039 0.758789 0.661133 0.767578 0.663086 0.770508 0.668945 0.773438 0.667969 0.779297 0.666016 0.788086 0.666016 0.792969 0.666016 0.796875 0.670898 0.798828 0.683594 0.799805 0.691406 0.796875 0.698242 0.794922 0.699219 0.798828 0.705078 0.797852 0.707031 0.790039 0.708984 0.785156 0.704102 0.776367 0.701172 0.767578 0.698242 0.761719 0.689453 0.754883 0.691406 0.75 0.68457 0.751953 0.683594 0.758789 0.678711 0.758789 0.673828 0.756836 0.669922 0.757812
0 0.609375 0.80957 0.606445 0.799805 0.626953 0.798828 0.633789 0.796875 0.638672 0.798828 0.638672 0.802734 0.644531 0.804688 0.65332 0.804688 0.677734 0.80957 0.688477 0.816406 0.69043 0.830078 0.69043 0.837891 0.69043 0.848633 0.69043 0.853516 0.677734 0.852539 0.666992 0.853516 0.662109 0.850586 0.652344 0.857422 0.638672 0.849609 0.632812 0.858398 0.625 0.855469 0.625977 0.849609 0.615234 0.844727 0.614258 0.837891 0.620117 0.829102 0.614258 0.826172 0.612305 0.820312 0.615234 0.814453
0 0.598633 0.795898 0.59668 0.790039 0.604492 0.786133 0.607422 0.779297 0.607422 0.770508 0.604492 0.762695 0.613281 0.758789 0.624023 0.756836 0.625977 0.762695 0.633789 0.764648 0.634766 0.772461 0.635742 0.780273 0.631836 0.785156 0.632812 0.790039 0.628906 0.795898 0.628906 0.795898 0.623047 0.797852 0.616211 0.796875 0.609375 0.792969
0 0.738281 0.879883 0.739258 0.865234 0.745117 0.851562 0.75293 0.854492 0.758789 0.854492 0.758789 0.858398 0.775391 0.870117 0.775391 0.870117 0.771484 0.875 0.774414 0.878906 0.770508 0.884766 0.768555 0.887695 0.768555 0.892578 0.767578 0.896484 0.763672 0.898438 0.759766 0.901367 0.755859 0.90332 0.75293 0.902344 0.753906 0.90625 0.755859 0.910156 0.755859 0.914062 0.75293 0.916016 0.750977 0.916016 0.74707 0.915039 0.744141 0.912109 0.744141 0.905273 0.739258 0.905273 0.736328 0.901367 0.738281 0.898438 0.735352 0.894531 0.734375 0.889648 0.729492 0.888672 0.729492 0.883789 0.736328 0.882812
0 0.74707 0.813477 0.746094 0.827148 0.75 0.833008 0.757812 0.835938 0.757812 0.841797 0.760742 0.851562 0.78125 0.847656 0.787109 0.84082 0.786133 0.827148 0.77832 0.806641 0.771484 0.805664 0.764648 0.807617 0.758789 0.801758 0.753906 0.805664 0.753906 0.811523
0 0.754883 0.790039 0.750977 0.782227 0.75293 0.779297 0.75293 0.769531 0.761719 0.761719 0.772461 0.759766 0.780273 0.760742 0.77832 0.770508 0.782227 0.78125 0.779297 0.788086 0.777344 0.788086 0.767578 0.789062 0.761719 0.793945
0 0.710938 0.713867 0.711914 0.708008 0.720703 0.703125 0.726562 0.703125 0.729492 0.710938 0.731445 0.71875 0.732422 0.726562 0.732422 0.732422 0.731445 0.736328 0.726562 0.740234 0.72168 0.744141 0.714844 0.745117 0.707031 0.740234 0.698242 0.735352 0.697266 0.727539 0.699219 0.719727
0 0.6875 0.692383 0.6875 0.683594 0.691406 0.677734 0.692383 0.665039 0.699219 0.663086 0.704102 0.655273 0.708984 0.655273 0.712891 0.663086 0.71582 0.669922 0.710938 0.673828 0.712891 0.693359 0.708984 0.696289 0.703125 0.695312 0.695312 0.700195
0 0.71582 0.662109 0.716797 0.655273 0.72168 0.658203 0.728516 0.654297 0.728516 0.649414 0.738281 0.644531 0.739258 0.649414 0.742188 0.651367 0.742188 0.65625 0.749023 0.657227 0.750977 0.662109 0.751953 0.669922 0.75293 0.675781 0.75 0.683594 0.746094 0.693359 0.736328 0.701172 0.722656 0.694336 0.720703 0.683594 0.722656 0.677734 0.723633 0.673828 0.719727 0.668945
0 0.696289 0.614258 0.706055 0.608398 0.713867 0.611328 0.71582 0.623047 0.716797 0.639648 0.716797 0.639648 0.708984 0.639648 0.702148 0.645508 0.696289 0.637695 0.695312 0.628906 0.693359 0.621094
0 0.793945 0.978516 0.799805 0.96875 0.803711 0.967773 0.805664 0.96582 0.814453 0.970703 0.822266 0.976562 0.823242 0.980469 0.821289 0.987305 0.823242 0.994141 0.817383 0.999023 0.813477 0.99707 0.807617 1 0.788086 1 0.789062 0.993164 0.792969 0.992188 0.791016 0.987305
0 0.842773 0.975586 0.845703 0.967773 0.852539 0.967773 0.855469 0.973633 0.855469 0.973633 0.856445 0.979492 0.855469 0.987305 0.852539 0.991211 0.849609 0.994141 0.844727 0.995117 0.844727 0.995117 0.84082 0.992188 0.835938 0.985352 0.834961 0.981445 0.841797 0.979492
0 0.794922 0.875 0.797852 0.866211 0.790039 0.859375 0.793945 0.847656 0.804688 0.84668 0.813477 0.855469 0.825195 0.856445 0.836914 0.859375 0.842773 0.870117 0.84375 0.876953 0.836914 0.882812 0.836914 0.888672 0.838867 0.895508 0.839844 0.904297 0.836914 0.90918 0.829102 0.910156 0.820312 0.907227 0.814453 0.916992 0.801758 0.912109 0.791016 0.907227 0.792969 0.894531 0.798828 0.887695
0 0.832031 0.821289 0.836914 0.811523 0.845703 0.808594 0.859375 0.808594 0.862305 0.81543 0.866211 0.817383 0.869141 0.822266 0.87207 0.833008 0.867188 0.837891 0.861328 0.852539 0.852539 0.852539 0.852539 0.852539 0.844727 0.853516 0.839844 0.855469 0.835938 0.856445 0.831055 0.854492 0.832031 0.845703 0.824219 0.830078 0.831055 0.825195
0 0.829102 0.773438 0.834961 0.758789 0.841797 0.754883 0.856445 0.759766 0.861328 0.766602 0.860352 0.775391 0.860352 0.775391 0.865234 0.782227 0.864258 0.789062 0.854492 0.791992 0.852539 0.799805 0.847656 0.804688 0.842773 0.795898 0.834961 0.799805 0.827148 0.795898 0.825195 0.787109
0 0.768555 0.712891 0.774414 0.713867 0.78125 0.711914 0.789062 0.71582 0.790039 0.719727 0.789062 0.724609 0.787109 0.731445 0.788086 0.737305 0.788086 0.737305 0.786133 0.742188 0.787109 0.748047 0.783203 0.75293 0.777344 0.756836 0.775391 0.751953 0.769531 0.753906 0.763672 0.746094 0.763672 0.738281 0.768555 0.736328 0.769531 0.727539 0.765625 0.725586 0.768555 0.71875
0 0.822266 0.701172 0.822266 0.695312 0.833984 0.695312 0.836914 0.685547 0.848633 0.696289 0.852539 0.708008 0.854492 0.71875 0.851562 0.731445 0.848633 0.739258 0.837891 0.740234 0.827148 0.744141 0.817383 0.733398 0.816406 0.720703 0.822266 0.711914 0.825195 0.706055
0 0.779297 0.655273 0.78418 0.654297 0.791016 0.651367 0.794922 0.65332 0.793945 0.660156 0.794922 0.666016 0.792969 0.675781 0.789062 0.686523 0.789062 0.69043 0.78125 0.692383 0.769531 0.688477 0.772461 0.683594 0.772461 0.672852 0.773438 0.664062 0.777344 0.661133
0 0.803711 0.654297 0.810547 0.654297 0.8125 0.648438 0.81543 0.647461 0.820312 0.647461 0.821289 0.652344 0.827148 0.651367 0.832031 0.652344 0.833008 0.658203 0.834961 0.662109 0.835938 0.666992 0.837891 0.670898 0.836914 0.674805 0.833984 0.679688 0.835938 0.682617 0.834961 0.68457 0.832031 0.689453 0.827148 0.693359 0.822266 0.693359 0.821289 0.6875 0.81543 0.688477 0.811523 0.6875 0.808594 0.688477 0.803711 0.686523 0.808594 0.681641 0.805664 0.677734 0.799805 0.673828 0.799805 0.673828 0.801758 0.666016 0.802734 0.660156
0 0.867188 0.878906 0.873047 0.869141 0.881836 0.865234 0.891602 0.870117 0.893555 0.878906 0.894531 0.887695 0.889648 0.895508 0.885742 0.901367 0.879883 0.901367 0.876953 0.905273 0.871094 0.902344 0.866211 0.889648
0 0.916992 0.871094 0.922852 0.858398 0.930664 0.857422 0.938477 0.859375 0.94043 0.864258 0.945312 0.868164 0.947266 0.876953 0.948242 0.887695 0.949219 0.896484 0.949219 0.896484 0.950195 0.902344 0.945312 0.90625 0.938477 0.907227 0.927734 0.904297 0.919922 0.902344 0.916016 0.897461 0.919922 0.890625 0.918945 0.884766 0.917969 0.875977
0 0.984375 0.87793 0.988281 0.87207 0.993164 0.861328 1 0.861328 1 0.898438 0.991211 0.898438 0.987305 0.893555 0.989258 0.888672 0.983398 0.883789
0 0.935547 0.820312 0.942383 0.8125 0.944336 0.807617 0.949219 0.806641 0.955078 0.802734 0.964844 0.804688 0.964844 0.80957 0.975586 0.816406 0.979492 0.823242 0.981445 0.827148 0.981445 0.833008 0.980469 0.839844 0.978516 0.84668 0.978516 0.852539 0.973633 0.855469 0.96875 0.855469 0.958008 0.852539 0.953125 0.854492 0.946289 0.860352 0.938477 0.856445 0.936523 0.850586 0.936523 0.84082 0.93457 0.832031
0 0.902344 0.773438 0.90625 0.764648 0.916016 0.758789 0.928711 0.761719 0.932617 0.770508 0.932617 0.780273 0.927734 0.78418 0.926758 0.800781 0.916016 0.798828 0.904297 0.790039
0 0.959961 0.767578 0.96875 0.756836 0.982422 0.754883 0.986328 0.764648 0.985352 0.774414 0.984375 0.78125 0.977539 0.789062 0.977539 0.789062 0.97168 0.787109 0.963867 0.78125
0 0.888672 0.711914 0.889648 0.700195 0.899414 0.694336 0.905273 0.700195 0.913086 0.701172 0.918945 0.705078 0.926758 0.704102 0.925781 0.714844 0.929688 0.720703 0.936523 0.726562 0.931641 0.738281 0.918945 0.744141 0.914062 0.75293 0.910156 0.758789 0.895508 0.751953 0.881836 0.742188 0.880859 0.725586
0 0.878906 0.680664 0.893555 0.689453 0.90625 0.686523 0.917969 0.678711 0.916016 0.665039 0.917969 0.65332 0.915039 0.649414 0.90625 0.650391 0.899414 0.645508 0.890625 0.645508 0.884766 0.649414 0.880859 0.65918
0 0.944336 0.712891 0.952148 0.704102 0.960938 0.703125 0.970703 0.708008 0.973633 0.713867 0.972656 0.72168 0.97168 0.732422 0.96582 0.738281 0.96582 0.738281 0.958984 0.740234 0.951172 0.741211 0.941406 0.728516 0.946289 0.722656
0 0.974609 0.709961 0.979492 0.707031 0.986328 0.706055 0.992188 0.709961 0.99707 0.712891 0.998047 0.717773 1 0.725586 1 0.729492 0.994141 0.733398 0.995117 0.733398 0.984375 0.735352 0.974609 0.734375 0.97168 0.728516 0.973633 0.71875
0 0.948242 0.657227 0.955078 0.651367 0.963867 0.648438 0.97168 0.657227 0.97168 0.663086 0.969727 0.673828 0.96875 0.680664 0.961914 0.681641 0.954102 0.680664 0.948242 0.677734 0.946289 0.666992
0 0.999023 0.62793 0.988281 0.631836 0.988281 0.631836 0.982422 0.626953 0.977539 0.625977 0.97168 0.616211 0.977539 0.607422 0.985352 0.59668 0.995117 0.591797 1 0.59082
0 0.916016 0.59668 0.918945 0.587891 0.927734 0.585938 0.935547 0.59375 0.94043 0.601562 0.945312 0.612305 0.946289 0.62207 0.943359 0.629883 0.936523 0.633789 0.929688 0.633789 0.925781 0.639648 0.917969 0.640625 0.907227 0.626953 0.90625 0.618164 0.908203 0.603516
0 0.952148 0.543945 0.959961 0.539062 0.96582 0.540039 0.972656 0.540039 0.985352 0.546875 0.986328 0.553711 0.991211 0.557617 0.991211 0.567383 0.985352 0.569336 0.981445 0.576172 0.969727 0.577148 0.96875 0.582031 0.973633 0.59082 0.966797 0.598633 0.958984 0.598633 0.958984 0.598633 0.951172 0.594727 0.948242 0.587891 0.942383 0.583984 0.947266 0.575195 0.943359 0.568359 0.945312 0.563477 0.947266 0.556641
0 1 0.52832 0.994141 0.53418 0.987305 0.544922 0.994141 0.552734 1 0.551758
0 0.854492 0.588867 0.869141 0.594727 0.883789 0.599609 0.891602 0.611328 0.890625 0.621094 0.885742 0.628906 0.879883 0.635742 0.875 0.639648 0.864258 0.637695 0.851562 0.630859 0.852539 0.621094 0.851562 0.607422 0.850586 0.598633 0.854492 0.59668
0 0.810547 0.608398 0.817383 0.597656 0.822266 0.599609 0.831055 0.599609 0.837891 0.603516 0.839844 0.611328 0.839844 0.616211 0.835938 0.625 0.832031 0.633789 0.824219 0.642578 0.816406 0.643555 0.816406 0.643555 0.80957 0.641602 0.80957 0.631836 0.807617 0.620117
0 0.78418 0.603516 0.790039 0.603516 0.795898 0.608398 0.795898 0.617188 0.795898 0.625 0.796875 0.62793 0.796875 0.640625 0.790039 0.641602 0.790039 0.647461 0.780273 0.650391 0.780273 0.650391 0.772461 0.644531 0.759766 0.635742 0.763672 0.629883 0.764648 0.620117 0.765625 0.606445 0.772461 0.604492 0.775391 0.608398 0.780273 0.608398
0 0.74707 0.548828 0.757812 0.540039 0.762695 0.545898 0.772461 0.538086 0.774414 0.542969 0.785156 0.548828 0.787109 0.555664 0.787109 0.5625 0.788086 0.572266 0.790039 0.577148 0.790039 0.583008 0.782227 0.588867 0.783203 0.599609 0.776367 0.603516 0.769531 0.599609 0.767578 0.603516 0.763672 0.605469 0.763672 0.610352 0.75293 0.605469 0.74707 0.597656 0.74707 0.587891 0.741211 0.581055 0.738281 0.573242 0.742188 0.563477 0.745117 0.560547
0 0.820312 0.555664 0.818359 0.544922 0.828125 0.546875 0.84082 0.539062 0.851562 0.543945 0.854492 0.551758 0.861328 0.557617 0.863281 0.568359 0.859375 0.572266 0.859375 0.585938 0.848633 0.584961 0.847656 0.59375 0.836914 0.591797 0.830078 0.583008 0.822266 0.582031 0.817383 0.575195 0.824219 0.564453
0 0.888672 0.553711 0.900391 0.540039 0.920898 0.549805 0.90918 0.558594 0.908203 0.570312 0.917969 0.578125 0.905273 0.589844 0.891602 0.583984 0.886719 0.564453
0 0.924805 0.155273 0.928711 0.144531 0.942383 0.140625 0.957031 0.147461 0.957031 0.147461 0.958008 0.154297 0.963867 0.164062 0.961914 0.179688 0.952148 0.183594 0.952148 0.183594 0.933594 0.181641 0.922852 0.169922
0 0.588867 0.220703 0.595703 0.203125 0.603516 0.205078 0.616211 0.205078 0.630859 0.212891 0.640625 0.225586 0.643555 0.233398 0.644531 0.243164 0.641602 0.257812 0.632812 0.264648 0.625977 0.268555 0.607422 0.271484 0.589844 0.255859 0.587891 0.238281 0.592773 0.228516
0 0.130859 0.210938 0.143555 0.204102 0.155273 0.204102 0.162109 0.210938 0.164062 0.219727 0.160156 0.228516 0.151367 0.236328 0.144531 0.237305 0.136719 0.234375 0.130859 0.229492 0.134766 0.222656 0.131836 0.219727
0 0.804688 0.525391 0.8125 0.519531 0.818359 0.513672 0.826172 0.511719 0.837891 0.512695 0.847656 0.516602 0.844727 0.525391 0.844727 0.532227 0.835938 0.535156 0.830078 0.537109 0.821289 0.539062 0.8125 0.532227
0 0.958008 0.386719 0.961914 0.382812 0.97168 0.381836 0.983398 0.385742 0.988281 0.392578 0.981445 0.401367 0.973633 0.40332 0.973633 0.411133 0.973633 0.413086 0.962891 0.413086 0.957031 0.40332 0.957031 0.397461 0.958008 0.392578 0.959961 0.390625
0 0.464844 0.510742 0.46875 0.505859 0.469727 0.5 0.478516 0.499023 0.489258 0.512695 0.488281 0.526367 0.480469 0.529297 0.473633 0.527344 0.470703 0.529297 0.462891 0.523438 0.464844 0.514648
