0 0.652344 0 0.664846 0.00688672 0.668945 0.0175781 0.68457 0.0205078 0.681641 0.0332031 0.692383 0.0410156 0.68457 0.0585938 0.68457 0.0722656 0.691406 0.0830078 0.685547 0.09375 0.676758 0.112305 0.673828 0.12793 0.667969 0.139648 0.652344 0.142578 0.632812 0.150391 0.620117 0.140625 0.606445 0.146484 0.594727 0.150391 0.587891 0.137695 0.573242 0.117188 0.558594 0.120117 0.551758 0.104492 0.555664 0.0927734 0.546875 0.0751953 0.548828 0.0625 0.558594 0.0498047 0.560547 0.0390625 0.5625 0.03125 0.579102 0.0136719 0.59082 0.0117188 0.587891 0
0 0.660924 0.184386 0.667969 0.195312 0.679688 0.209961 0.681641 0.226562 0.675781 0.236328 0.678711 0.251953 0.679688 0.261719 0.667969 0.267578 0.655273 0.265625 0.65918 0.277344 0.663086 0.300781 0.637695 0.308594 0.630859 0.296875 0.618164 0.295898 0.611328 0.301758 0.599609 0.303711 0.581055 0.296875 0.569336 0.288086 0.567383 0.271484 0.570312 0.263672 0.574219 0.256836 0.568359 0.248047 0.556641 0.244141 0.556641 0.244141 0.556641 0.228516 0.564453 0.222656 0.571289 0.22168 0.570312 0.214844 0.561523 0.216797 0.560547 0.204102 0.568359 0.195312 0.576172 0.197266 0.587891 0.189453 0.59375 0.191406 0.601562 0.19043 0.607422 0.189453 0.619141 0.186523 0.619141 0.186523 0.619141 0.176758 0.623047 0.167969 0.623047 0.167969 0.636719 0.166992 0.646484 0.173828
0 0.65918 0.353516 0.664062 0.358398 0.674805 0.365234 0.678711 0.385742 0.678711 0.399414 0.681641 0.412109 0.668945 0.4375 0.654297 0.433594 0.643555 0.4375 0.636719 0.446289 0.616211 0.450195 0.602539 0.450195 0.591797 0.455078 0.585938 0.445312 0.578125 0.446289 0.570312 0.457031 0.557617 0.453125 0.554688 0.445312 0.556641 0.423828 0.556641 0.416016 0.552734 0.405273 0.552734 0.396484 0.545898 0.390625 0.546875 0.37207 0.548828 0.360352 0.560547 0.356445 0.567383 0.356445 0.577148 0.352539 0.583008 0.352539 0.586914 0.352539 0.588867 0.342773 0.599609 0.339844 0.599609 0.333008 0.606445 0.327148 0.618164 0.330078 0.625 0.333984 0.630859 0.341797 0.646484 0.34082
0 0.685547 0.561523 0.678711 0.567383 0.679688 0.582031 0.666016 0.586914 0.658203 0.598633 0.652344 0.595703 0.655273 0.609375 0.645508 0.619141 0.638672 0.624023 0.623607 0.627736 0.618164 0.629883 0.609375 0.641602 0.598633 0.635742 0.584961 0.624023 0.571289 0.623047 0.569336 0.602539 0.555664 0.600586 0.547852 0.583008 0.547852 0.573242 0.530273 0.561523 0.536133 0.544922 0.546875 0.539062 0.553711 0.53125 0.567383 0.53125 0.579102 0.529297 0.581055 0.523438 0.591797 0.525391 0.594727 0.516602 0.594727 0.516602 0.608398 0.511719 0.620117 0.515625 0.620117 0.515625 0.626953 0.506836 0.629883 0.499023 0.642578 0.49707 0.651367 0.500977 0.663086 0.5 0.669922 0.506836 0.669922 0.506836 0.674805 0.514648 0.681641 0.524414 0.682617 0.532227 0.6875 0.543945 0.6875 0.543945
0 0.68077 0.662163 0.68457 0.670898 0.683594 0.68457 0.676758 0.691406 0.674805 0.703125 0.674805 0.720703 0.662109 0.71875 0.649414 0.724609 0.641853 0.729202 0.635742 0.732422 0.618164 0.740234 0.607422 0.738281 0.587891 0.740234 0.573242 0.726562 0.5625 0.707031 0.556641 0.691406 0.560547 0.677734 0.569336 0.674805 0.576172 0.662109 0.576172 0.646484 0.588867 0.645508 0.59668 0.637695 0.616211 0.638672 0.623047 0.646484 0.628906 0.649414 0.632812 0.641602 0.646484 0.639648 0.646484 0.639648 0.663086 0.639648 0.669922 0.642578
0 0.646484 0.764648 0.649414 0.774414 0.657227 0.779297 0.65918 0.796875 0.649414 0.800781 0.648438 0.816406 0.636719 0.819336 0.634766 0.829102 0.619141 0.831055 0.601562 0.835938 0.599609 0.827148 0.583984 0.819336 0.569336 0.806641 0.567383 0.797852 0.558594 0.78418 0.55957 0.770508 0.568359 0.755859 0.577148 0.749023 0.583008 0.739258 0.583008 0.739258 0.591797 0.740234 0.611328 0.739258 0.620117 0.739258 0.634766 0.737305 0.643555 0.75 0.643555 0.75 0.648438 0.754883
0 0.65332 0.864258 0.649414 0.875977 0.655273 0.892578 0.657227 0.908203 0.645508 0.926758 0.631836 0.938477 0.607414 0.941575 0.594727 0.942383 0.580078 0.947266 0.569336 0.924805 0.566406 0.916016 0.545898 0.915039 0.545898 0.878906 0.546875 0.87207 0.548828 0.851562 0.566406 0.841797 0.577148 0.833008 0.59668 0.828125 0.621283 0.826845 0.640625 0.830078 0.647461 0.84082
0 0.592773 0.972656 0.606445 0.96875 0.616211 0.972656 0.625 0.97168 0.634766 0.972656 0.646484 0.980469 0.652344 0.987305 0.658203 1 0.587891 1 0.583984 0.989258 0.584961 0.979492
0 0.708008 0.0498047 0.699219 0.0488281 0.692383 0.0380859 0.691104 0.0268936 0.698242 0.015625 0.710938 0.0146484 0.719727 0.0166016 0.722656 0.0332031 0.72168 0.0439453 0.71582 0.046875
0 0.708702 0.140715 0.702148 0.142578 0.697266 0.138672 0.696289 0.12793 0.696289 0.12207 0.702148 0.116211 0.708008 0.111328 0.71875 0.114258 0.72168 0.124023 0.720703 0.129883 0.714844 0.134766
0 0.788086 0 0.78418 0.00976562 0.78418 0.0224609 0.788969 0.0290732 0.796875 0.03125 0.806641 0.0273438 0.817383 0.0117188 0.818359 0
0 0.808594 0.123047 0.798828 0.126953 0.789062 0.124023 0.787109 0.117188 0.788239 0.107993 0.789434 0.100067 0.794922 0.0917969 0.801758 0.0849609 0.808594 0.0878906 0.813477 0.0908203 0.814406 0.101153 0.814406 0.108319 0.814453 0.116211 0.813477 0.120117
0 0.796875 0.214844 0.787109 0.213867 0.779297 0.208008 0.777344 0.197266 0.77832 0.193359 0.782227 0.1875 0.786133 0.183594 0.790039 0.18457 0.793945 0.180664 0.796875 0.175781 0.802734 0.179688 0.802734 0.179688 0.80957 0.185547 0.810547 0.195312 0.810547 0.202148 0.805664 0.207031 0.803711 0.208984
0 0.708984 0.229492 0.700195 0.228516 0.694336 0.223633 0.694336 0.216797 0.697266 0.209961 0.700195 0.206055 0.704102 0.203125 0.709961 0.200195 0.716797 0.208008 0.719727 0.212891 0.71875 0.222656 0.713867 0.225586
0 0.707031 0.319336 0.701118 0.319623 0.693359 0.320312 0.689453 0.319336 0.691406 0.308594 0.695312 0.301758 0.697266 0.301758 0.699219 0.297852 0.697266 0.292969 0.700195 0.286133 0.706055 0.285156 0.708984 0.287109 0.712891 0.287109 0.714844 0.285156 0.71875 0.287109 0.71875 0.291992 0.71875 0.291992 0.72168 0.295898 0.722656 0.299805 0.720703 0.305664 0.716797 0.310547 0.711914 0.316406
0 0.705078 0.411133 0.695934 0.410627 0.693359 0.410156 0.686523 0.402344 0.69043 0.395508 0.694336 0.391602 0.696289 0.388672 0.702148 0.381836 0.711914 0.382812 0.713867 0.389648 0.714844 0.393555 0.714844 0.399414 0.713867 0.404297 0.708984 0.408203
0 0.705078 0.498047 0.698442 0.497734 0.689453 0.495117 0.6875 0.490234 0.687461 0.484196 0.691974 0.48036 0.700195 0.473633 0.708008 0.472656 0.713867 0.478516 0.716797 0.487305 0.711914 0.493164 0.708008 0.496094
0 0.693359 0.682617 0.688477 0.678711 0.6875 0.673828 0.690227 0.668632 0.692889 0.661216 0.700195 0.65625 0.707031 0.657227 0.708984 0.666992 0.709961 0.671875 0.708984 0.677734 0.703125 0.681641 0.703125 0.681641 0.698242 0.683594
0 0.69043 0.856445 0.682617 0.855469 0.677734 0.847656 0.680664 0.838867 0.686523 0.833008 0.694221 0.833488 0.698222 0.836185 0.702148 0.84082 0.700195 0.847656 0.696289 0.852539
0 0.691406 0.946289 0.688477 0.945312 0.683114 0.944906 0.680676 0.939143 0.680621 0.931163 0.681641 0.926758 0.6875 0.921875 0.693365 0.920524 0.698242 0.921875 0.700195 0.926758 0.699219 0.931641 0.698242 0.938477 0.697266 0.941406
0 0.863281 1 0.852539 1 0.84473 0.989676 0.844048 0.980119 0.849118 0.972026 0.85731 0.969393 0.864258 0.96875 0.871094 0.975586 0.875977 0.988281 0.875977 0.99707 0.869141 1
0 0.78125 0.929688 0.774414 0.926758 0.768031 0.918722 0.767839 0.91101 0.770508 0.902344 0.779297 0.900391 0.78278 0.901756 0.790974 0.908601 0.791016 0.921875 0.787109 0.926758 0.787109 0.926758
0 0.862587 0.910045 0.853523 0.908196 0.845703 0.900391 0.845515 0.891301 0.857422 0.880859 0.861328 0.87793 0.868164 0.881836 0.873047 0.888672 0.878906 0.895508 0.875977 0.900391 0.875977 0.900391 0.87207 0.907227 0.870117 0.908203
0 0.780273 0.842773 0.773438 0.84375 0.766602 0.837891 0.765625 0.821289 0.768555 0.814453 0.772461 0.806641 0.78125 0.810547 0.791016 0.816406 0.795898 0.825195 0.794922 0.833008 0.793945 0.839844 0.793945 0.839844 0.790039 0.84375
0 0.788086 0.758789 0.772461 0.754883 0.766602 0.745117 0.772461 0.737305 0.773438 0.730469 0.780273 0.727539 0.785156 0.723633 0.796875 0.723633 0.804688 0.733398 0.806641 0.745117 0.802734 0.74707 0.800781 0.75293 0.797852 0.757812
0 0.86491 0 0.867188 0 0.8663 0.0112041 0.871094 0.015625 0.876953 0.0166016 0.887695 0.0126953 0.894531 0.00976562 0.900391 0.00878906 0.90625 0.00683594 0.905273 0.00195312 0.90332 0
0 0.884766 0.0986328 0.876953 0.0996094 0.866211 0.0966797 0.866211 0.0869141 0.866222 0.0794365 0.871094 0.0722656 0.882812 0.0644531 0.890625 0.0664062 0.894531 0.0683594 0.898438 0.0751953 0.896484 0.0839844 0.894531 0.0927734 0.889648 0.0947266 0.887695 0.0957031
0 0.889011 0.194423 0.881284 0.196843 0.871094 0.197266 0.869141 0.19043 0.866211 0.180664 0.871975 0.168914 0.878305 0.164632 0.883239 0.163515 0.891602 0.163086 0.894531 0.166992 0.899414 0.168945 0.900391 0.174805 0.901367 0.176758 0.897461 0.181641 0.897461 0.18457 0.896484 0.1875 0.893555 0.189453 0.890625 0.19043
0 0.883665 0.278767 0.878906 0.283203 0.868164 0.283203 0.863281 0.271484 0.862305 0.262695 0.869141 0.256836 0.874023 0.257812 0.875 0.251953 0.878906 0.24707 0.885742 0.250977 0.890625 0.255859 0.891602 0.262695 0.890625 0.270508 0.888672 0.275391
0 0.884766 0.37793 0.875977 0.378906 0.867188 0.375 0.860352 0.366211 0.859375 0.354492 0.863281 0.349609 0.870117 0.347656 0.876953 0.345703 0.878906 0.34082 0.887695 0.336914 0.893555 0.339844 0.893555 0.347656 0.898438 0.348633 0.900391 0.365234 0.899414 0.371094 0.893555 0.375 0.893555 0.375
0 0.791992 0.302734 0.78125 0.301758 0.777527 0.295016 0.780273 0.28125 0.785156 0.277344 0.791016 0.273438 0.797852 0.269531 0.805664 0.276367 0.805664 0.282227 0.803711 0.291016 0.797852 0.293945 0.793945 0.299805
0 0.799022 0.391966 0.792756 0.393219 0.780273 0.390625 0.77832 0.388672 0.77832 0.382812 0.779865 0.375583 0.783356 0.368063 0.790039 0.361328 0.796875 0.360352 0.799805 0.366211 0.805664 0.368164 0.811523 0.375977 0.811523 0.375977 0.8125 0.380859 0.80957 0.385742 0.803711 0.391602
0 0.792969 0.487305 0.783203 0.488281 0.775391 0.482422 0.776367 0.459961 0.78418 0.455078 0.791992 0.452148 0.797852 0.453125 0.801758 0.457031 0.803711 0.463867 0.803711 0.476562 0.798828 0.481445 0.793945 0.482422
0 0.785156 0.576172 0.779297 0.572266 0.776367 0.567383 0.772461 0.560547 0.775391 0.553711 0.783203 0.546875 0.792969 0.542969 0.801758 0.547852 0.805664 0.55957 0.804688 0.568359 0.799805 0.572266 0.791992 0.574219
0 0.881494 0.468967 0.864258 0.469727 0.858398 0.459961 0.862305 0.449219 0.863281 0.443359 0.869141 0.444336 0.870117 0.439453 0.880859 0.432617 0.891602 0.435547 0.893555 0.441406 0.893555 0.441406 0.899414 0.445312 0.899414 0.445312 0.896484 0.455078 0.890625 0.460938 0.886719 0.464844
0 0.874023 0.555664 0.864258 0.560547 0.864258 0.555664 0.861328 0.553711 0.859587 0.543229 0.858398 0.53125 0.863281 0.525391 0.868164 0.520508 0.873047 0.522461 0.879883 0.520508 0.883789 0.525391 0.890625 0.527344 0.885742 0.537109 0.892578 0.539062 0.891602 0.544922 0.887695 0.549805 0.881836 0.552734 0.878906 0.552734
0 0.876953 0.645508 0.864258 0.645508 0.860352 0.641602 0.855469 0.635742 0.850586 0.625977 0.857422 0.623047 0.860965 0.611015 0.873047 0.607422 0.883789 0.615234 0.890625 0.617188 0.897461 0.623047 0.895508 0.62793 0.895508 0.632812 0.894531 0.636719 0.888672 0.642578 0.882812 0.643555
0 0.883789 0.739258 0.865234 0.739258 0.861328 0.742188 0.854492 0.741211 0.851863 0.734095 0.848633 0.713867 0.853516 0.703125 0.87207 0.701172 0.878906 0.704102 0.888672 0.709961 0.891602 0.714844 0.896484 0.720703 0.898438 0.727539 0.896484 0.732422 0.892578 0.736328
0 0.876657 0.820526 0.873875 0.823192 0.867188 0.825195 0.859375 0.824219 0.853516 0.821289 0.852494 0.814964 0.856725 0.796886 0.863388 0.793524 0.871094 0.793351 0.878906 0.795898 0.885812 0.804418 0.887492 0.813805 0.883842 0.818557
0 0.955078 0.988281 0.947266 0.987305 0.94043 0.983398 0.936523 0.978516 0.935559 0.966524 0.939581 0.956395 0.950231 0.950809 0.957031 0.950195 0.962521 0.95714 0.96582 0.962891 0.96875 0.970703 0.97168 0.973633 0.97168 0.978516 0.967773 0.981445 0.962891 0.985352 0.958984 0.986328
0 0.956055 0.888672 0.947266 0.888672 0.942152 0.882786 0.940386 0.876477 0.940954 0.871492 0.939453 0.866211 0.941773 0.86348 0.949093 0.861776 0.957673 0.860768 0.961585 0.862345 0.965875 0.87124 0.965748 0.877676 0.962089 0.884805
0 0.959961 0.807617 0.952148 0.806641 0.947342 0.805023 0.94043 0.806641 0.935547 0.800781 0.938477 0.791992 0.935547 0.777344 0.935547 0.770508 0.945575 0.773446 0.950031 0.77091 0.959961 0.767578 0.967773 0.773438 0.972656 0.780273 0.973633 0.787109 0.972656 0.791016 0.974609 0.795898 0.97168 0.803711 0.967773 0.806641
0 0.963867 0.71875 0.958008 0.719727 0.948242 0.71875 0.938477 0.71582 0.931641 0.706055 0.93457 0.695312 0.938477 0.686523 0.945312 0.681641 0.957013 0.681594 0.96523 0.683359 0.970663 0.688928 0.977539 0.695312 0.976562 0.706055 0.971478 0.712492
0 0.965331 0.622311 0.959961 0.625977 0.956055 0.626953 0.949219 0.626953 0.942383 0.623047 0.94043 0.616211 0.944336 0.607422 0.946185 0.600747 0.952148 0.59668 0.959961 0.595703 0.96582 0.597656 0.973633 0.599609 0.977539 0.607422 0.975586 0.614258 0.973633 0.618164
0 0.9702 0.5338 0.96582 0.535156 0.953125 0.535156 0.952148 0.530273 0.952148 0.526367 0.955078 0.522461 0.954102 0.515625 0.961914 0.506836 0.969727 0.505859 0.974609 0.511719 0.977539 0.515625 0.978833 0.520873 0.980469 0.527344 0.975586 0.532227
0 0.963849 0.443407 0.954102 0.439453 0.949219 0.432617 0.948242 0.424805 0.953125 0.417969 0.958984 0.416016 0.973633 0.416016 0.976562 0.418945 0.978951 0.42337 0.979101 0.428006 0.973633 0.4375 0.973633 0.4375 0.967773 0.441406
0 0.975206 0.354864 0.969216 0.357136 0.959961 0.357422 0.952148 0.360352 0.947266 0.354492 0.944336 0.341797 0.947266 0.334961 0.953125 0.331055 0.956055 0.325195 0.964844 0.324219 0.972656 0.321289 0.979492 0.319336 0.987305 0.329102 0.987305 0.336914 0.988281 0.342773 0.987305 0.348633 0.987305 0.348633 0.981445 0.351562
0 0.97168 0.260742 0.96582 0.264648 0.959986 0.261996 0.953125 0.258789 0.949219 0.25293 0.951172 0.243164 0.964844 0.229492 0.970703 0.227539 0.980469 0.233398 0.987305 0.237305 0.985352 0.246094 0.986328 0.251953 0.982422 0.256836 0.975586 0.256836
0 0.963867 0.165039 0.959415 0.165416 0.954086 0.164427 0.948985 0.153844 0.948242 0.138672 0.947266 0.125977 0.957031 0.124023 0.967773 0.125 0.972656 0.126953 0.97168 0.139648 0.975586 0.143555 0.972656 0.151367 0.97168 0.15625
0 0.976792 0.0826172 0.969727 0.0849609 0.958984 0.0849609 0.955078 0.0742188 0.955078 0.0615234 0.959686 0.0539229 0.972286 0.0482207 0.981115 0.0506113 0.991211 0.0498047 0.996094 0.0546875 0.994141 0.0634766 0.990234 0.0683594 0.985352 0.0732422 0.985352 0.0771484 0.982422 0.0791016
0 0.689453 0.751953 0.692383 0.748047 0.700195 0.748047 0.705078 0.75293 0.705078 0.758789 0.703125 0.762695 0.698242 0.766602 0.692383 0.763672 0.689453 0.759766 0.689453 0.759766
0 0.773438 0.643555 0.775391 0.637695 0.786133 0.632812 0.796875 0.633789 0.803711 0.642578 0.803711 0.651367 0.800781 0.665039 0.791016 0.662109 0.78125 0.654297 0.775391 0.652344 0.771484 0.650391
