0 0.0126953 0.0175781 0.015625 0.0253906 0.0244141 0.0351562 0.0371094 0.0341797 0.0498047 0.0205078 0.0527344 0.00878906 0.0458984 0 0.0244141 0 0.015625 0.00976562
0 0.0654297 0.0175781 0.0761719 0 0.0976562 0 0.105469 0.0175781 0.103516 0.0273438 0.0888672 0.0380859 0.0751953 0.0371094 0.0664062 0.0292969
0 0.151367 0.0166016 0.154297 0 0.168945 0 0.183594 0 0.19043 0.0078125 0.186523 0.0234375 0.179688 0.0351562 0.166992 0.0332031 0.162109 0.0283203 0.155273 0.0273438 0.157227 0.0205078
0 0.234375 0 0.232422 0.00488281 0.233398 0.0126953 0.237305 0.0224609 0.242188 0.03125 0.245117 0.0351562 0.253906 0.0351562 0.262695 0.0380859 0.272461 0.0371094 0.274414 0.0322266 0.279297 0.0283203 0.280273 0.0175781 0.283203 0.0146484 0.28125 0.0078125 0.282227 0.00390625 0.282227 0
0 0.304688 0 0.304688 0.0136719 0.298828 0.015625 0.299805 0.0263672 0.301758 0.0302734 0.303711 0.0332031 0.303711 0.0390625 0.3125 0.0410156 0.324219 0.0380859 0.330078 0.03125 0.333984 0.0253906 0.335938 0.0205078 0.339844 0.0146484 0.338867 0.00683594 0.333008 0
0 0.367188 0.0107422 0.373047 0.00683594 0.375 0.00292969 0.382812 0.00292969 0.386719 0.00683594 0.386719 0.0107422 0.385742 0.0136719 0.387695 0.0205078 0.386719 0.0263672 0.384766 0.0292969 0.381836 0.0322266 0.376953 0.0332031 0.37207 0.0322266 0.367188 0.0292969 0.367188 0.0214844
0 0.416992 0.0166016 0.415039 0.00585938 0.422852 0.000976562 0.430664 0.00488281 0.436523 0.00585938 0.438477 0.0107422 0.4375 0.0146484 0.43457 0.0146484 0.432617 0.0234375 0.4375 0.0283203 0.439453 0.0332031 0.4375 0.0380859 0.429688 0.0371094 0.422852 0.0439453 0.417969 0.0361328 0.413086 0.0302734 0.414062 0.0205078
0 0.447266 0.0117188 0.452148 0.00683594 0.456055 0 0.462891 0 0.46582 0.00488281 0.472656 0.00976562 0.477539 0.015625 0.477539 0.015625 0.476562 0.0224609 0.47168 0.0234375 0.469727 0.0322266 0.463867 0.0361328 0.455078 0.0380859 0.446289 0.0302734 0.450195 0.0253906 0.451172 0.0195312
0 0.5 0.00683594 0.510742 0.00683594 0.519531 0.00585938 0.527344 0.00488281 0.530273 0.0078125 0.529297 0.0136719 0.530273 0.0185547 0.52832 0.0253906 0.525391 0.0322266 0.521484 0.0361328 0.514648 0.0380859 0.506836 0.0361328 0.503906 0.03125 0.50293 0.0253906 0.498047 0.0175781 0.499023 0.0126953
0 0.59082 0.00683594 0.584961 0.0136719 0.584961 0.0185547 0.584961 0.0195312 0.581055 0.0253906 0.59082 0.0332031 0.59082 0.0390625 0.59668 0.0439453 0.605469 0.0458984 0.613281 0.0429688 0.618164 0.0371094 0.621094 0.0244141 0.62207 0.0136719 0.617188 0.00683594 0.611328 0.00585938 0.610352 0 0.591797 0
0 0.837891 0.0224609 0.844727 0.0107422 0.854492 0.0136719 0.858398 0.0146484 0.855469 0.0195312 0.857422 0.0273438 0.864258 0.0283203 0.868164 0.0439453 0.863281 0.046875 0.859375 0.046875 0.857422 0.0556641 0.850586 0.0576172 0.845703 0.0458984 0.841797 0.0449219 0.834961 0.0390625 0.833008 0.0322266 0.832031 0.0283203
0 1 0.0849609 0.993164 0.0839844 0.989258 0.09375 0.989258 0.0996094 0.985352 0.105469 0.981445 0.114258 0.976562 0.132812 0.976562 0.138672 0.990234 0.132812 0.989258 0.144531 0.984375 0.157227 0.981445 0.165039 0.986328 0.167969 0.992188 0.169922 0.996094 0.167969 1 0.160156
0 0.980469 0.165039 0.977539 0.166016 0.975586 0.169922 0.975586 0.172852 0.97168 0.173828 0.972656 0.18457 0.974609 0.191406 0.982422 0.195312 0.988281 0.193359 0.990234 0.186523 0.992188 0.179688 0.993164 0.170898 0.991211 0.170898 0.988281 0.168945 0.985352 0.169922 0.983398 0.167969
0 0.915039 0.118164 0.917969 0.107422 0.924805 0.106445 0.930664 0.109375 0.933594 0.108398 0.936523 0.116211 0.9375 0.123047 0.93457 0.126953 0.931641 0.133789 0.926758 0.138672 0.922852 0.136719 0.918945 0.130859 0.916992 0.12793 0.914062 0.124023
0 0.845703 0.110352 0.851562 0.106445 0.857422 0.103516 0.864258 0.104492 0.869141 0.110352 0.875 0.113281 0.881836 0.115234 0.880859 0.121094 0.883789 0.124023 0.886719 0.128906 0.886719 0.133789 0.884766 0.139648 0.878906 0.144531 0.87207 0.145508 0.87207 0.145508 0.864258 0.147461 0.857422 0.149414 0.850586 0.151367 0.84375 0.150391 0.842773 0.138672 0.837891 0.128906 0.836914 0.123047 0.84082 0.115234
0 0.921875 0.166992 0.933594 0.164062 0.943359 0.164062 0.950195 0.167969 0.950195 0.175781 0.947266 0.18457 0.945312 0.196289 0.938477 0.203125 0.932617 0.205078 0.924805 0.200195 0.920898 0.197266 0.922852 0.191406 0.917969 0.186523 0.916016 0.176758 0.919922 0.173828
0 0.982422 0.229492 0.984375 0.223633 0.984375 0.219727 0.993164 0.219727 1 0.229492 1 0.249023 0.996094 0.25293 0.991211 0.25293 0.988281 0.25 0.989258 0.246094 0.983398 0.241211 0.980469 0.234375
0 0.935547 0.212891 0.938477 0.206055 0.946289 0.207031 0.951172 0.214844 0.953125 0.22168 0.955078 0.229492 0.953125 0.237305 0.953125 0.237305 0.946289 0.24707 0.94043 0.246094 0.932617 0.24707 0.924805 0.242188 0.921875 0.232422 0.922852 0.224609
0 0.892578 0.18457 0.891602 0.197266 0.883789 0.206055 0.874023 0.206055 0.871094 0.197266 0.865234 0.192383 0.858398 0.178711 0.861328 0.173828 0.865234 0.168945 0.867188 0.160156 0.868164 0.154297 0.87207 0.15625 0.87793 0.157227 0.879883 0.162109 0.889648 0.163086 0.895508 0.15625 0.899414 0.15332 0.900391 0.15918 0.900391 0.166016 0.893555 0.170898
0 0.87207 0.222656 0.881836 0.211914 0.894531 0.21582 0.901367 0.227539 0.902344 0.231445 0.898438 0.238281 0.888672 0.250977 0.880859 0.251953 0.876953 0.246094 0.869141 0.239258 0.867188 0.230469
0 0.823242 0.220703 0.827148 0.217773 0.831055 0.21875 0.832031 0.22168 0.835938 0.224609 0.84082 0.229492 0.84375 0.238281 0.841797 0.246094 0.836914 0.249023 0.830078 0.254883 0.817383 0.25293 0.81543 0.244141 0.813477 0.240234 0.81543 0.235352 0.811523 0.229492 0.814453 0.226562 0.818359 0.225586
0 0.814453 0.154297 0.817383 0.148438 0.821289 0.147461 0.825195 0.155273 0.834961 0.157227 0.835938 0.163086 0.841797 0.166992 0.847656 0.170898 0.848633 0.178711 0.847656 0.185547 0.84375 0.186523 0.837891 0.188477 0.836914 0.196289 0.836914 0.202148 0.833008 0.207031 0.829102 0.205078 0.820312 0.203125 0.811523 0.200195 0.803711 0.19043 0.802734 0.180664 0.802734 0.171875 0.804688 0.163086 0.807617 0.158203
0 0.735352 0.123047 0.739258 0.119141 0.743164 0.114258 0.749023 0.112305 0.755859 0.110352 0.763672 0.112305 0.765625 0.120117 0.772461 0.124023 0.774414 0.129883 0.774414 0.129883 0.770508 0.138672 0.760742 0.134766 0.758789 0.139648 0.751953 0.147461 0.751953 0.147461 0.746094 0.147461 0.74707 0.148438 0.740234 0.148438 0.735352 0.139648 0.732422 0.132812
0 0.664062 0.113281 0.671875 0.104492 0.681641 0.105469 0.69043 0.107422 0.699219 0.111328 0.699219 0.117188 0.701172 0.128906 0.699219 0.135742 0.700195 0.143555 0.694336 0.149414 0.694336 0.149414 0.682617 0.15625 0.674805 0.151367 0.662109 0.146484 0.663086 0.135742 0.655273 0.12793 0.657227 0.118164
0 0.613281 0.0546875 0.623047 0.0488281 0.632812 0.0556641 0.636719 0.0654297 0.637695 0.0810547 0.632812 0.0898438 0.625 0.0927734 0.615234 0.0820312 0.616211 0.0673828 0.612305 0.0654297
0 0.553711 0.0546875 0.5625 0.0556641 0.558594 0.046875 0.56543 0.0449219 0.575195 0.0527344 0.579102 0.0566406 0.579102 0.0625 0.579102 0.0703125 0.580078 0.0751953 0.581055 0.0810547 0.577148 0.0878906 0.570312 0.0947266 0.56543 0.0986328 0.56543 0.0986328 0.558594 0.101562 0.554688 0.100586 0.548828 0.0908203 0.544922 0.078125 0.546875 0.0722656 0.543945 0.0654297 0.547852 0.0615234
0 0.491211 0.0458984 0.499023 0.0458984 0.503906 0.0449219 0.506836 0.0458984 0.515625 0.0439453 0.522461 0.046875 0.523438 0.0517578 0.523438 0.0556641 0.523438 0.0615234 0.526367 0.0634766 0.526367 0.0722656 0.526367 0.0791016 0.526367 0.0791016 0.523438 0.0839844 0.516602 0.0869141 0.511719 0.0898438 0.500977 0.0917969 0.493164 0.0820312 0.489258 0.0732422 0.485352 0.0664062 0.486328 0.0615234 0.486328 0.0537109
0 0.501953 0.0966797 0.501953 0.100586 0.499023 0.100586 0.494141 0.102539 0.489258 0.103516 0.480469 0.0957031 0.474609 0.09375 0.47168 0.0849609 0.467773 0.078125 0.470703 0.0751953 0.470703 0.0664062 0.478516 0.0634766 0.480469 0.0566406 0.485352 0.0595703 0.486328 0.0625 0.485352 0.0664062 0.491211 0.0791016 0.494141 0.0839844 0.5 0.0908203 0.501953 0.0917969 0.503906 0.09375
0 0.413086 0.0546875 0.417969 0.0527344 0.424805 0.0527344 0.429688 0.0566406 0.432617 0.0595703 0.43457 0.0644531 0.433594 0.0703125 0.431641 0.0751953 0.428711 0.0761719 0.424805 0.0839844 0.420898 0.0878906 0.415039 0.0878906 0.408203 0.0849609 0.405273 0.0810547 0.402344 0.0732422 0.402344 0.0625 0.408203 0.0585938 0.40918 0.0556641
0 0.353516 0.0634766 0.352539 0.0576172 0.356445 0.0556641 0.363281 0.0517578 0.369141 0.0546875 0.375 0.0566406 0.37793 0.0595703 0.378906 0.0644531 0.379883 0.0683594 0.378906 0.0712891 0.379883 0.0742188 0.378906 0.078125 0.374023 0.078125 0.37207 0.0810547 0.368164 0.0830078 0.368164 0.0849609 0.364258 0.0849609 0.358398 0.0810547 0.354492 0.0771484 0.352539 0.0732422 0.351562 0.0693359
0 0.270508 0.0498047 0.274414 0.0390625 0.279297 0.0390625 0.285156 0.0371094 0.291992 0.0361328 0.297852 0.0410156 0.305664 0.0419922 0.310547 0.0517578 0.305664 0.0615234 0.304688 0.0693359 0.298828 0.0751953 0.295898 0.0820312 0.295898 0.0820312 0.291992 0.0839844 0.288086 0.0849609 0.28418 0.0849609 0.279297 0.0859375 0.273438 0.0898438 0.268555 0.0869141 0.265625 0.0830078 0.266602 0.0732422 0.266602 0.0615234
0 0.206055 0.0498047 0.209961 0.0429688 0.216797 0.0419922 0.222656 0.0449219 0.229492 0.0449219 0.238281 0.0488281 0.238281 0.0546875 0.238281 0.0625 0.237305 0.0683594 0.237305 0.0693359 0.238281 0.0732422 0.235352 0.078125 0.230469 0.0849609 0.227539 0.0878906 0.22168 0.0908203 0.212891 0.0878906 0.202148 0.0830078 0.203125 0.0644531 0.200195 0.0605469
0 0.147461 0.0566406 0.149414 0.0449219 0.157227 0.0400391 0.165039 0.0410156 0.171875 0.0429688 0.176758 0.046875 0.179688 0.0517578 0.176758 0.0605469 0.176758 0.0605469 0.177734 0.0673828 0.177734 0.0732422 0.171875 0.078125 0.166016 0.0810547 0.166016 0.0810547 0.160156 0.0830078 0.146484 0.0791016 0.139648 0.0751953 0.139648 0.0664062 0.139648 0.0585938
0 0.103516 0.0517578 0.107422 0.0507812 0.108398 0.0507812 0.110352 0.0498047 0.115234 0.0507812 0.117188 0.0546875 0.117188 0.0595703 0.118164 0.0644531 0.121094 0.0693359 0.119141 0.0751953 0.117188 0.0791016 0.113281 0.0791016 0.104492 0.0800781 0.101562 0.078125 0.0976562 0.0732422 0.0976562 0.0644531 0.0976562 0.0605469
0 0 0.0458984 0.00585938 0.0458984 0.015625 0.0410156 0.0224609 0.0410156 0.0322266 0.0400391 0.0390625 0.0449219 0.0390625 0.0507812 0.0429688 0.0615234 0.0478516 0.0693359 0.0478516 0.0751953 0.0429688 0.0820312 0.0400391 0.0859375 0.0332031 0.0898438 0.0253906 0.0908203 0.0195312 0.0927734 0.00976562 0.0859375 0.0107422 0.0810547 0.00292969 0.0791016 0.00195312 0.0693359 0.00585938 0.0595703 0 0.0537109
0 0.0224609 0.0986328 0.0224609 0.106445 0.0253906 0.114258 0.0234375 0.121094 0.0185547 0.118164 0.0146484 0.123047 0.0117188 0.124023 0.00878906 0.125 0.00390625 0.125 0 0.12207 0 0.0957031 0.00585938 0.0947266 0.0107422 0.0986328 0.015625 0.0966797
0 0.0234375 0.133789 0.0263672 0.137695 0.03125 0.148438 0.0341797 0.15332 0.0351562 0.164062 0.0351562 0.170898 0.0322266 0.179688 0.0283203 0.182617 0.0234375 0.188477 0.0195312 0.19043 0.0136719 0.194336 0.00976562 0.189453 0.00585938 0.19043 0 0.188477 0 0.163086 0.00390625 0.161133 0.00390625 0.157227 0.0107422 0.141602 0.0146484 0.140625 0.0175781 0.139648
0 0 0.155273 0.00292969 0.157227 0.00488281 0.15332 0.0078125 0.148438 0.00878906 0.141602 0.0107422 0.137695 0.0136719 0.132812 0.0146484 0.124023 0.0078125 0.124023 0.00390625 0.126953 0 0.126953
0 0.0488281 0.104492 0.0556641 0.09375 0.0664062 0.0917969 0.0722656 0.0966797 0.0761719 0.102539 0.0771484 0.110352 0.078125 0.121094 0.0751953 0.125977 0.0751953 0.125977 0.0644531 0.128906 0.0566406 0.126953 0.0488281 0.120117
0 0.110352 0.102539 0.105469 0.125 0.105469 0.128906 0.12207 0.136719 0.125 0.136719 0.131836 0.131836 0.132812 0.126953 0.134766 0.12207 0.133789 0.115234 0.132812 0.104492 0.124023 0.100586 0.117188 0.100586
0 0.178711 0.107422 0.177734 0.100586 0.181641 0.0966797 0.188477 0.0976562 0.19043 0.0927734 0.198242 0.0927734 0.206055 0.0976562 0.203125 0.105469 0.207031 0.109375 0.212891 0.117188 0.205078 0.126953 0.203125 0.126953 0.203125 0.135742 0.197266 0.138672 0.191406 0.137695 0.183594 0.142578 0.175781 0.138672 0.176758 0.131836 0.179688 0.126953 0.180664 0.119141 0.176758 0.115234
0 0.208984 0.0976562 0.214844 0.0957031 0.22168 0.0996094 0.229492 0.101562 0.239258 0.106445 0.245117 0.114258 0.24707 0.121094 0.245117 0.128906 0.240234 0.132812 0.234375 0.134766 0.228516 0.137695 0.224609 0.142578 0.224609 0.142578 0.217773 0.135742 0.211914 0.136719 0.204102 0.129883 0.208008 0.124023 0.214844 0.117188 0.212891 0.111328 0.211914 0.106445 0.207031 0.103516
0 0.202148 0.140625 0.201172 0.144531 0.198242 0.151367 0.195312 0.15625 0.195312 0.164062 0.193359 0.168945 0.196289 0.175781 0.203125 0.175781 0.210938 0.178711 0.211914 0.174805 0.21582 0.172852 0.216797 0.167969 0.222656 0.158203 0.220703 0.154297 0.219727 0.15332 0.213867 0.145508 0.216797 0.143555 0.222656 0.143555 0.216797 0.136719 0.212891 0.137695 0.205078 0.137695 0.202148 0.138672
0 0.279297 0.116211 0.27832 0.108398 0.28418 0.105469 0.291992 0.109375 0.291992 0.113281 0.294922 0.12207 0.293945 0.125977 0.291016 0.130859 0.285156 0.130859 0.280273 0.130859 0.274414 0.12207
0 0.335938 0.113281 0.341797 0.108398 0.348633 0.108398 0.356445 0.115234 0.357422 0.119141 0.357422 0.124023 0.355469 0.130859 0.349609 0.133789 0.339844 0.132812 0.333984 0.125977
0 0.384766 0.115234 0.393555 0.112305 0.397461 0.109375 0.40625 0.115234 0.410156 0.121094 0.40918 0.125977 0.407227 0.125 0.40625 0.129883 0.40332 0.131836 0.398438 0.132812 0.393555 0.129883 0.390625 0.125 0.385742 0.120117
0 0.461914 0.123047 0.458984 0.112305 0.463867 0.105469 0.470703 0.105469 0.474609 0.102539 0.481445 0.102539 0.487305 0.106445 0.487305 0.113281 0.489258 0.120117 0.493164 0.125977 0.492188 0.130859 0.492188 0.131836 0.488281 0.136719 0.482422 0.138672 0.483398 0.141602 0.481445 0.144531 0.477539 0.146484 0.473633 0.147461 0.467773 0.146484 0.462891 0.142578 0.460938 0.138672 0.458984 0.134766 0.458008 0.131836 0.458984 0.12793 0.459961 0.125
0 0.525391 0.120117 0.527344 0.105469 0.53418 0.102539 0.541016 0.100586 0.544922 0.0966797 0.549805 0.0996094 0.552734 0.105469 0.555664 0.110352 0.563477 0.111328 0.566406 0.117188 0.5625 0.123047 0.5625 0.128906 0.566406 0.131836 0.56543 0.138672 0.564453 0.144531 0.5625 0.148438 0.561523 0.15332 0.55957 0.154297 0.557617 0.155273 0.553711 0.150391 0.546875 0.151367 0.546875 0.151367 0.539062 0.147461 0.533203 0.148438 0.526367 0.145508 0.526367 0.139648 0.519531 0.129883
0 0.552734 0.157227 0.552734 0.162109 0.547852 0.166016 0.550781 0.172852 0.550781 0.178711 0.553711 0.18457 0.557617 0.193359 0.5625 0.195312 0.56543 0.197266 0.568359 0.202148 0.575195 0.205078 0.581055 0.203125 0.584961 0.198242 0.584961 0.198242 0.584961 0.191406 0.583984 0.1875 0.586914 0.182617 0.586914 0.177734 0.59375 0.177734 0.594727 0.169922 0.592773 0.166016 0.594727 0.157227 0.588867 0.152344 0.584961 0.152344 0.584961 0.152344 0.583008 0.152344 0.576172 0.148438 0.569336 0.145508 0.563477 0.147461 0.561523 0.154297 0.558594 0.15625
0 0.591797 0.123047 0.589844 0.115234 0.59668 0.113281 0.600586 0.110352 0.606445 0.113281 0.611328 0.115234 0.618164 0.118164 0.618164 0.123047 0.620117 0.128906 0.618164 0.133789 0.615234 0.132812 0.615234 0.138672 0.615234 0.140625 0.610352 0.146484 0.603516 0.147461 0.597656 0.147461 0.591797 0.145508 0.59082 0.139648 0.592773 0.130859 0.588867 0.129883 0.587891 0.125977
0 0.723633 0.166992 0.724609 0.158203 0.730469 0.157227 0.734375 0.158203 0.736328 0.15625 0.742188 0.155273 0.742188 0.15918 0.75 0.158203 0.751953 0.162109 0.75293 0.166016 0.751953 0.170898 0.754883 0.171875 0.757812 0.175781 0.757812 0.179688 0.757812 0.18457 0.756836 0.189453 0.75 0.1875 0.749023 0.195312 0.738281 0.195312 0.735352 0.193359 0.730469 0.194336 0.726562 0.188477 0.723633 0.186523 0.725586 0.180664 0.71875 0.175781 0.71875 0.170898 0.722656 0.171875
0 0.713867 0.162109 0.709961 0.154297 0.707031 0.154297 0.704102 0.161133 0.695312 0.15918 0.693359 0.164062 0.689453 0.166992 0.689453 0.166992 0.681641 0.168945 0.681641 0.173828 0.681641 0.175781 0.679688 0.180664 0.679688 0.1875 0.682617 0.193359 0.692383 0.19043 0.694336 0.196289 0.698242 0.198242 0.704102 0.195312 0.710938 0.191406 0.71582 0.185547 0.712891 0.172852 0.717773 0.171875 0.71875 0.169922 0.717773 0.168945 0.717773 0.166992 0.714844 0.165039
0 0.6875 0.213867 0.691406 0.206055 0.696289 0.202148 0.703125 0.208984 0.708984 0.213867 0.717773 0.21582 0.71875 0.223633 0.717773 0.229492 0.714844 0.234375 0.716797 0.240234 0.719727 0.246094 0.716797 0.249023 0.711914 0.248047 0.709961 0.250977 0.705078 0.250977 0.705078 0.250977 0.692383 0.25293 0.691406 0.248047 0.688477 0.245117 0.686523 0.24707 0.68457 0.25 0.682617 0.250977 0.676758 0.244141 0.680664 0.239258 0.683594 0.237305 0.682617 0.222656
0 0.738281 0.217773 0.741211 0.212891 0.746094 0.208008 0.754883 0.202148 0.758789 0.201172 0.765625 0.206055 0.769531 0.212891 0.764648 0.220703 0.771484 0.224609 0.768555 0.230469 0.770508 0.236328 0.769531 0.241211 0.761719 0.242188 0.757812 0.25 0.750977 0.25 0.749023 0.245117 0.743164 0.246094 0.736328 0.241211 0.735352 0.237305 0.735352 0.224609
0 0.617188 0.162109 0.617188 0.154297 0.62793 0.150391 0.637695 0.15332 0.644531 0.161133 0.644531 0.166992 0.644531 0.173828 0.644531 0.180664 0.645508 0.1875 0.642578 0.194336 0.639648 0.200195 0.630859 0.200195 0.628906 0.194336 0.616211 0.194336 0.612305 0.196289 0.606445 0.191406 0.606445 0.175781 0.611328 0.165039
0 0.492188 0.151367 0.49707 0.148438 0.500977 0.149414 0.513672 0.148438 0.518555 0.146484 0.524414 0.154297 0.52832 0.161133 0.526367 0.166992 0.524414 0.177734 0.522461 0.186523 0.520508 0.195312 0.515625 0.201172 0.507812 0.205078 0.504883 0.199219 0.499023 0.195312 0.495117 0.192383 0.491211 0.192383 0.485352 0.182617 0.485352 0.175781 0.484375 0.162109 0.489258 0.15918 0.492188 0.15625
0 0.477539 0.157227 0.469727 0.154297 0.458984 0.154297 0.454102 0.158203 0.454102 0.158203 0.452148 0.161133 0.452148 0.167969 0.452148 0.167969 0.452148 0.178711 0.454102 0.186523 0.456055 0.189453 0.46582 0.191406 0.473633 0.189453 0.479492 0.185547 0.483398 0.177734 0.484375 0.171875 0.484375 0.162109 0.480469 0.162109
0 0.380859 0.149414 0.382812 0.160156 0.382812 0.171875 0.382812 0.179688 0.382812 0.179688 0.382812 0.183594 0.392578 0.189453 0.399414 0.193359 0.40625 0.193359 0.414062 0.192383 0.420898 0.191406 0.426758 0.1875 0.431641 0.182617 0.429688 0.174805 0.425781 0.165039 0.429688 0.158203 0.425781 0.151367 0.422852 0.151367 0.411133 0.147461 0.407227 0.147461 0.398438 0.148438 0.395508 0.148438 0.391602 0.148438 0.388672 0.151367 0.384766 0.148438
0 0.317383 0.155273 0.326172 0.151367 0.335938 0.154297 0.342773 0.161133 0.348633 0.168945 0.347656 0.175781 0.344727 0.18457 0.338867 0.19043 0.321289 0.191406 0.313477 0.176758 0.31543 0.165039
0 0.37207 0.0332031 0.366211 0.0400391 0.358398 0.0390625 0.352539 0.0361328 0.351562 0.0283203 0.348633 0.0175781 0.349609 0.0136719 0.354492 0.0146484 0.361328 0.00976562 0.361328 0.00976562 0.364258 0.0126953 0.368164 0.0136719 0.365234 0.0214844 0.366211 0.0234375 0.368164 0.0244141 0.368164 0.0292969
0 0.413086 0.0292969 0.418945 0.0380859 0.416992 0.0390625 0.412109 0.0341797 0.408203 0.0341797 0.40625 0.0332031 0.401367 0.0361328 0.397461 0.03125 0.392578 0.0283203 0.389648 0.0234375 0.394531 0.0214844 0.394531 0.0126953 0.399414 0.0126953 0.401367 0.00976562 0.405273 0.0107422 0.40625 0.0136719 0.410156 0.0166016 0.412109 0.0175781 0.416016 0.015625 0.415039 0.0195312
0 0.264648 0.152344 0.269531 0.148438 0.275391 0.143555 0.283203 0.145508 0.289062 0.155273 0.292969 0.164062 0.291992 0.172852 0.291992 0.180664 0.291992 0.183594 0.287109 0.188477 0.282227 0.194336 0.273438 0.195312 0.265625 0.195312 0.254883 0.181641 0.255859 0.166016 0.261719 0.157227
0 0.175781 0.15332 0.183594 0.168945 0.182617 0.174805 0.178711 0.181641 0.168945 0.181641 0.162109 0.178711 0.157227 0.169922 0.155273 0.160156 0.160156 0.15332 0.162109 0.154297 0.167969 0.152344
0 0.150391 0.155273 0.140625 0.150391 0.131836 0.148438 0.126953 0.151367 0.125 0.158203 0.123047 0.161133 0.124023 0.165039 0.124023 0.175781 0.128906 0.181641 0.134766 0.181641 0.144531 0.174805 0.149414 0.169922
0 0.0703125 0.149414 0.0771484 0.150391 0.0849609 0.15332 0.0859375 0.160156 0.0878906 0.168945 0.0869141 0.175781 0.0830078 0.181641 0.078125 0.183594 0.0693359 0.193359 0.0644531 0.181641 0.0585938 0.178711 0.0576172 0.168945 0.0625 0.168945 0.0634766 0.164062 0.0634766 0.15625
0 0 0.201172 0.0078125 0.198242 0.0126953 0.209961 0.0107422 0.220703 0.00878906 0.229492 0.00878906 0.229492 0.00683594 0.238281 0 0.241211
0 0.0458984 0.189453 0.0546875 0.188477 0.0625 0.189453 0.0625 0.185547 0.0664062 0.1875 0.0673828 0.194336 0.0771484 0.189453 0.0751953 0.200195 0.0761719 0.205078 0.0771484 0.209961 0.0761719 0.213867 0.0800781 0.21875 0.0810547 0.22168 0.0800781 0.225586 0.0761719 0.228516 0.0712891 0.231445 0.0693359 0.234375 0.0634766 0.234375 0.0605469 0.236328 0.0595703 0.242188 0.0517578 0.243164 0.0546875 0.235352 0.0537109 0.230469 0.0458984 0.225586 0.0439453 0.21582 0.0449219 0.207031 0.046875 0.202148 0.0419922 0.196289
0 0.118164 0.198242 0.121094 0.198242 0.125977 0.194336 0.133789 0.197266 0.134766 0.202148 0.137695 0.209961 0.134766 0.222656 0.12207 0.228516 0.118164 0.228516 0.111328 0.22168 0.109375 0.208008 0.112305 0.207031 0.113281 0.199219
0 0.160156 0.193359 0.173828 0.193359 0.179688 0.197266 0.185547 0.197266 0.191406 0.204102 0.195312 0.211914 0.185547 0.226562 0.185547 0.230469 0.180664 0.230469 0.178711 0.232422 0.171875 0.232422 0.166016 0.233398 0.15625 0.219727 0.157227 0.209961
0 0.223633 0.202148 0.225586 0.195312 0.230469 0.191406 0.245117 0.191406 0.257812 0.197266 0.260742 0.207031 0.254883 0.224609 0.249023 0.242188 0.240234 0.242188 0.240234 0.239258 0.234375 0.238281 0.231445 0.237305 0.233398 0.231445 0.231445 0.231445 0.228516 0.231445 0.219727 0.223633 0.22168 0.213867 0.222656 0.208984 0.224609 0.207031
0 0.297852 0.203125 0.310547 0.201172 0.311523 0.208984 0.316406 0.21582 0.314453 0.224609 0.3125 0.230469 0.307617 0.237305 0.302734 0.242188 0.297852 0.236328 0.289062 0.236328 0.288086 0.220703 0.290039 0.216797 0.292969 0.214844
0 0.331055 0.201172 0.341797 0.199219 0.347656 0.200195 0.354492 0.205078 0.355469 0.211914 0.361328 0.220703 0.359375 0.234375 0.353516 0.242188 0.344727 0.243164 0.344727 0.243164 0.336914 0.243164 0.336914 0.243164 0.333008 0.239258 0.322266 0.229492 0.319336 0.217773 0.322266 0.207031
0 0.431641 0.226562 0.431641 0.21875 0.43457 0.211914 0.439453 0.205078 0.449219 0.207031 0.454102 0.209961 0.456055 0.217773 0.456055 0.228516 0.456055 0.237305 0.450195 0.244141 0.426758 0.234375
0 0.597656 0.207031 0.603516 0.200195 0.610352 0.199219 0.617188 0.201172 0.623047 0.202148 0.637695 0.204102 0.636719 0.209961 0.629883 0.217773 0.638672 0.225586 0.638672 0.231445 0.635742 0.235352 0.633789 0.237305 0.631836 0.243164 0.62793 0.251953 0.626953 0.257812 0.620117 0.267578 0.612305 0.265625 0.611328 0.260742 0.600586 0.255859 0.594727 0.251953 0.59082 0.237305 0.591797 0.216797
0 0.511719 0.212891 0.515625 0.216797 0.518555 0.213867 0.522461 0.211914 0.527344 0.214844 0.525391 0.220703 0.522461 0.222656 0.522461 0.225586 0.524414 0.231445 0.513672 0.236328 0.511719 0.239258 0.514648 0.239258 0.515625 0.243164 0.510742 0.24707 0.50293 0.24707 0.496094 0.240234 0.493164 0.228516 0.496094 0.21875 0.50293 0.214844
0 0.371094 0.21582 0.380859 0.204102 0.393555 0.201172 0.400391 0.206055 0.400391 0.216797 0.402344 0.223633 0.396484 0.235352 0.391602 0.243164 0.385742 0.243164 0.380859 0.248047 0.374023 0.244141 0.370117 0.241211 0.367188 0.236328
0 0 0.248047 0.00585938 0.25293 0.00585938 0.263672 0.0078125 0.267578 0.00390625 0.274414 0.00390625 0.279297 0.00195312 0.28125 0 0.27832 0.00195312 0.272461 0.000976562 0.270508 0 0.271484
0 0.0458984 0.259766 0.0449219 0.255859 0.0458984 0.25 0.0507812 0.245117 0.0537109 0.24707 0.0556641 0.243164 0.0595703 0.243164 0.0595703 0.24707 0.0634766 0.248047 0.0683594 0.25 0.0683594 0.255859 0.0703125 0.261719 0.0712891 0.265625 0.0722656 0.269531 0.0732422 0.273438 0.0712891 0.277344 0.0703125 0.28125 0.0605469 0.288086 0.0546875 0.282227 0.0488281 0.279297 0.0449219 0.271484 0.0449219 0.265625
0 0.114258 0.249023 0.121094 0.240234 0.12793 0.246094 0.140625 0.248047 0.140625 0.262695 0.141602 0.269531 0.141602 0.273438 0.138672 0.277344 0.132812 0.277344 0.132812 0.28125 0.128906 0.285156 0.119141 0.286133 0.110352 0.280273 0.107422 0.273438 0.109375 0.266602 0.110352 0.261719 0.114258 0.260742
0 0.173828 0.25 0.182617 0.249023 0.194336 0.248047 0.200195 0.251953 0.197266 0.260742 0.200195 0.264648 0.200195 0.276367 0.200195 0.283203 0.197266 0.285156 0.197266 0.290039 0.193359 0.290039 0.189453 0.293945 0.18457 0.291016 0.182617 0.286133 0.179688 0.288086 0.175781 0.286133 0.171875 0.282227 0.168945 0.279297 0.168945 0.273438 0.169922 0.267578 0.167969 0.262695 0.170898 0.257812 0.171875 0.25293
0 0.217773 0.25 0.228516 0.244141 0.238281 0.246094 0.249023 0.253906 0.254883 0.257812 0.25293 0.266602 0.250977 0.273438 0.248047 0.28125 0.239258 0.282227 0.234375 0.285156 0.230469 0.290039 0.220703 0.291016 0.220703 0.291016 0.212891 0.289062 0.210938 0.277344 0.21582 0.274414 0.214844 0.262695
0 0.274414 0.256836 0.285156 0.251953 0.292969 0.242188 0.298828 0.243164 0.303711 0.250977 0.307617 0.257812 0.30957 0.267578 0.311523 0.272461 0.311523 0.279297 0.308594 0.28418 0.305664 0.286133 0.298828 0.28418 0.294922 0.287109 0.289062 0.294922 0.28418 0.292969 0.280273 0.293945 0.275391 0.288086
0 0.348633 0.263672 0.354492 0.251953 0.357422 0.246094 0.363281 0.243164 0.367188 0.245117 0.369141 0.25 0.375 0.25 0.376953 0.254883 0.380859 0.255859 0.388672 0.262695 0.387695 0.268555 0.383789 0.273438 0.376953 0.280273 0.376953 0.280273 0.367188 0.287109 0.357422 0.28418 0.353516 0.282227 0.353516 0.273438 0.348633 0.270508
0 0.405273 0.261719 0.414062 0.263672 0.421875 0.260742 0.427734 0.261719 0.432617 0.266602 0.429688 0.272461 0.427734 0.279297 0.427734 0.279297 0.424805 0.285156 0.424805 0.285156 0.420898 0.289062 0.414062 0.290039 0.40918 0.285156 0.410156 0.275391 0.402344 0.273438
0 0.486328 0.265625 0.488281 0.25293 0.499023 0.250977 0.501953 0.25293 0.510742 0.258789 0.510742 0.264648 0.514648 0.273438 0.515625 0.27832 0.512695 0.288086 0.504883 0.288086 0.500977 0.293945 0.496094 0.295898 0.485352 0.290039 0.485352 0.28125 0.481445 0.272461
0 0.555664 0.265625 0.5625 0.259766 0.574219 0.263672 0.578125 0.268555 0.575195 0.289062 0.571289 0.297852 0.5625 0.295898 0.553711 0.297852 0.547852 0.293945 0.545898 0.288086 0.547852 0.275391
0 0.632812 0.266602 0.643555 0.259766 0.651367 0.258789 0.65918 0.262695 0.664062 0.268555 0.664062 0.277344 0.666016 0.285156 0.663086 0.291016 0.65625 0.298828 0.640625 0.301758 0.636719 0.297852 0.632812 0.295898 0.62793 0.28125 0.631836 0.274414
0 0.712891 0.251953 0.719727 0.265625 0.725586 0.279297 0.725586 0.286133 0.717773 0.293945 0.717773 0.293945 0.702148 0.302734 0.689453 0.294922 0.694336 0.286133 0.686523 0.272461 0.692383 0.263672 0.699219 0.255859 0.702148 0.259766 0.708008 0.257812
0 0.770508 0.287109 0.772461 0.272461 0.772461 0.272461 0.783203 0.270508 0.792969 0.264648 0.802734 0.272461 0.801758 0.279297 0.804688 0.286133 0.802734 0.294922 0.801758 0.300781 0.793945 0.304688 0.782227 0.304688 0.770508 0.303711 0.767578 0.297852 0.767578 0.290039
0 0.853516 0.277344 0.859375 0.268555 0.867188 0.267578 0.876953 0.271484 0.879883 0.282227 0.881836 0.289062 0.87793 0.292969 0.875977 0.297852 0.87207 0.301758 0.87207 0.301758 0.856445 0.305664 0.855469 0.299805 0.852539 0.289062
0 0.950195 0.249023 0.956055 0.25293 0.960938 0.253906 0.96875 0.250977 0.974609 0.253906 0.977539 0.253906 0.977539 0.260742 0.977539 0.268555 0.981445 0.274414 0.984375 0.279297 0.988281 0.28125 0.984375 0.288086 0.986328 0.293945 0.980469 0.298828 0.974609 0.295898 0.970703 0.302734 0.963867 0.30957 0.959961 0.30957 0.958008 0.3125 0.952148 0.3125 0.952148 0.3125 0.944336 0.3125 0.939453 0.304688 0.9375 0.294922 0.94043 0.286133 0.945312 0.28418 0.946289 0.279297 0.947266 0.273438 0.947266 0.266602 0.945312 0.254883 0.947266 0.25
0 0.99707 0.351562 0.996094 0.355469 0.986328 0.351562 0.980469 0.351562 0.976562 0.350586 0.970703 0.341797 0.969727 0.334961 0.974609 0.324219 0.980469 0.319336 0.985352 0.321289 0.991211 0.328125 0.994141 0.332031 0.994141 0.336914 0.993164 0.339844 0.994141 0.342773 0.99707 0.344727
0 0.920898 0.317383 0.922852 0.31543 0.928711 0.31543 0.932617 0.317383 0.94043 0.318359 0.945312 0.320312 0.946289 0.323242 0.946289 0.328125 0.946289 0.333984 0.946289 0.337891 0.947266 0.34082 0.945312 0.34375 0.944336 0.347656 0.943359 0.352539 0.938477 0.353516 0.93457 0.354492 0.930664 0.354492 0.923828 0.350586 0.917969 0.348633 0.916016 0.342773 0.918945 0.329102 0.916992 0.325195
0 0.854492 0.310547 0.864258 0.308594 0.871094 0.307617 0.875 0.310547 0.882812 0.313477 0.885742 0.318359 0.887695 0.322266 0.888672 0.327148 0.886719 0.333984 0.882812 0.342773 0.882812 0.342773 0.882812 0.34668 0.879883 0.351562 0.876953 0.352539 0.862305 0.34668 0.857422 0.34668 0.849609 0.344727 0.845703 0.338867 0.848633 0.334961 0.849609 0.329102 0.852539 0.324219 0.850586 0.316406
0 0.791992 0.320312 0.797852 0.310547 0.805664 0.30957 0.81543 0.30957 0.821289 0.313477 0.824219 0.319336 0.826172 0.328125 0.825195 0.339844 0.828125 0.341797 0.828125 0.34375 0.824219 0.344727 0.820312 0.350586 0.816406 0.352539 0.810547 0.351562 0.802734 0.354492 0.802734 0.354492 0.797852 0.352539 0.793945 0.353516 0.791016 0.34375 0.792969 0.334961
0 0.701172 0.320312 0.708008 0.30957 0.717773 0.30957 0.726562 0.311523 0.726562 0.317383 0.734375 0.320312 0.738281 0.327148 0.740234 0.333008 0.741211 0.338867 0.739258 0.342773 0.740234 0.344727 0.733398 0.348633 0.728516 0.348633 0.723633 0.348633 0.716797 0.350586 0.712891 0.350586 0.708008 0.347656 0.707031 0.34375 0.704102 0.342773 0.702148 0.335938 0.701172 0.328125
0 0.619141 0.302734 0.613281 0.313477 0.613281 0.322266 0.619141 0.332031 0.625977 0.339844 0.630859 0.34082 0.635742 0.347656 0.642578 0.349609 0.648438 0.345703 0.654297 0.341797 0.65918 0.332031 0.657227 0.320312 0.650391 0.307617 0.646484 0.306641 0.640625 0.306641 0.638672 0.301758 0.635742 0.298828 0.631836 0.296875 0.62793 0.298828
0 0.575195 0.301758 0.580078 0.302734 0.581055 0.306641 0.588867 0.30957 0.592773 0.313477 0.594727 0.319336 0.594727 0.325195 0.597656 0.327148 0.599609 0.332031 0.599609 0.34082 0.599609 0.34668 0.59668 0.351562 0.592773 0.353516 0.583984 0.350586 0.574219 0.350586 0.569336 0.34375 0.567383 0.335938 0.563477 0.330078 0.561523 0.325195 0.56543 0.3125 0.569336 0.308594 0.570312 0.302734
0 0.517578 0.301758 0.524414 0.303711 0.529297 0.303711 0.533203 0.310547 0.535156 0.317383 0.53418 0.323242 0.532227 0.328125 0.532227 0.334961 0.53125 0.34375 0.527344 0.34668 0.523438 0.348633 0.521484 0.345703 0.517578 0.345703 0.510742 0.344727 0.508789 0.344727 0.500977 0.342773 0.496094 0.333984 0.496094 0.327148 0.50293 0.319336 0.499023 0.313477 0.507812 0.306641 0.511719 0.302734
0 0.449219 0.30957 0.458008 0.302734 0.462891 0.301758 0.46875 0.305664 0.470703 0.30957 0.472656 0.314453 0.469727 0.319336 0.473633 0.327148 0.474609 0.334961 0.472656 0.341797 0.472656 0.341797 0.46875 0.349609 0.461914 0.348633 0.457031 0.345703 0.452148 0.34375 0.443359 0.34375 0.443359 0.34375 0.438477 0.336914 0.443359 0.331055 0.438477 0.326172 0.442383 0.313477
0 0.40332 0.298828 0.414062 0.301758 0.420898 0.302734 0.420898 0.302734 0.422852 0.307617 0.424805 0.3125 0.425781 0.319336 0.425781 0.325195 0.421875 0.335938 0.421875 0.335938 0.413086 0.339844 0.40625 0.34375 0.400391 0.344727 0.394531 0.341797 0.388672 0.332031 0.390625 0.322266 0.391602 0.310547 0.395508 0.306641
0 0.342773 0.300781 0.352539 0.305664 0.358398 0.30957 0.362305 0.3125 0.363281 0.319336 0.363281 0.325195 0.359375 0.328125 0.357422 0.331055 0.349609 0.333008 0.349609 0.336914 0.347656 0.341797 0.34082 0.34375 0.335938 0.337891 0.329102 0.325195 0.333008 0.316406 0.335938 0.307617 0.34082 0.304688
0 0 0.28418 0.00488281 0.283203 0.0107422 0.286133 0.0117188 0.291992 0.0224609 0.297852 0.0253906 0.304688 0.0283203 0.310547 0.0253906 0.316406 0.0253906 0.316406 0.0263672 0.322266 0.0273438 0.327148 0.0253906 0.332031 0.0234375 0.336914 0.0234375 0.336914 0.0185547 0.34082 0.015625 0.34375 0.0117188 0.345703 0.00683594 0.341797 0.00195312 0.34375 0 0.338867
0 0.0488281 0.294922 0.0537109 0.291992 0.0615234 0.293945 0.0703125 0.294922 0.0761719 0.307617 0.0800781 0.30957 0.0820312 0.317383 0.0791016 0.321289 0.0742188 0.325195 0.0712891 0.333984 0.0664062 0.337891 0.0556641 0.335938 0.0527344 0.337891 0.0458984 0.333984 0.0410156 0.326172 0.0449219 0.318359 0.0458984 0.30957
0 0.123047 0.299805 0.12793 0.294922 0.132812 0.294922 0.138672 0.293945 0.141602 0.297852 0.147461 0.296875 0.149414 0.300781 0.15625 0.301758 0.163086 0.297852 0.168945 0.296875 0.171875 0.299805 0.167969 0.307617 0.162109 0.31543 0.162109 0.316406 0.162109 0.322266 0.167969 0.322266 0.167969 0.330078 0.161133 0.333984 0.154297 0.338867 0.152344 0.335938 0.145508 0.332031 0.139648 0.333008 0.135742 0.333984 0.132812 0.339844 0.129883 0.339844 0.125977 0.336914 0.120117 0.323242 0.12207 0.314453 0.12207 0.308594
0 0.186523 0.314453 0.1875 0.300781 0.19043 0.293945 0.192383 0.291016 0.197266 0.291992 0.199219 0.287109 0.202148 0.285156 0.206055 0.286133 0.211914 0.292969 0.214844 0.300781 0.217773 0.306641 0.21875 0.319336 0.216797 0.326172 0.210938 0.328125 0.212891 0.333008 0.213867 0.334961 0.208008 0.34082 0.202148 0.34082 0.201172 0.34375 0.195312 0.344727 0.191406 0.342773 0.188477 0.336914 0.182617 0.328125
0 0.279297 0.302734 0.289062 0.301758 0.290039 0.308594 0.291016 0.3125 0.296875 0.305664 0.299805 0.302734 0.307617 0.310547 0.310547 0.31543 0.30957 0.322266 0.307617 0.326172 0.304688 0.323242 0.304688 0.331055 0.308594 0.333984 0.306641 0.338867 0.302734 0.34375 0.298828 0.347656 0.291016 0.342773 0.28418 0.342773 0.277344 0.342773 0.274414 0.336914 0.268555 0.333008 0.273438 0.328125 0.271484 0.319336 0.274414 0.313477
0 0.93457 0.380859 0.941406 0.374023 0.948242 0.374023 0.955078 0.375 0.956055 0.382812 0.956055 0.389648 0.954102 0.396484 0.950195 0.401367 0.945312 0.402344 0.94043 0.404297 0.933594 0.398438 0.933594 0.391602
0 0.959961 0.427734 0.967773 0.422852 0.977539 0.422852 0.982422 0.427734 0.986328 0.43457 0.988281 0.4375 0.988281 0.443359 0.987305 0.449219 0.985352 0.454102 0.981445 0.454102 0.976562 0.453125 0.97168 0.454102 0.96875 0.454102 0.964844 0.455078 0.958984 0.453125 0.957031 0.445312 0.958008 0.439453 0.957031 0.431641
0 0.878906 0.361328 0.897461 0.37793 0.896484 0.382812 0.894531 0.392578 0.890625 0.395508 0.879883 0.398438 0.875 0.399414 0.869141 0.399414 0.862305 0.396484 0.861328 0.390625 0.859375 0.382812 0.859375 0.382812 0.858398 0.379883 0.861328 0.367188 0.867188 0.365234 0.871094 0.362305
0 0.901367 0.412109 0.907227 0.412109 0.912109 0.416992 0.916016 0.417969 0.921875 0.415039 0.929688 0.416016 0.931641 0.418945 0.936523 0.421875 0.939453 0.427734 0.94043 0.433594 0.938477 0.4375 0.936523 0.444336 0.936523 0.444336 0.933594 0.450195 0.932617 0.455078 0.932617 0.455078 0.929688 0.456055 0.929688 0.459961 0.920898 0.462891 0.910156 0.461914 0.901367 0.459961 0.892578 0.450195 0.890625 0.445312 0.891602 0.441406 0.889648 0.428711 0.892578 0.417969 0.896484 0.415039
0 0.813477 0.414062 0.820312 0.411133 0.829102 0.411133 0.832031 0.415039 0.839844 0.416992 0.844727 0.423828 0.845703 0.429688 0.845703 0.435547 0.842773 0.443359 0.837891 0.449219 0.837891 0.449219 0.833008 0.451172 0.828125 0.453125 0.828125 0.453125 0.822266 0.455078 0.816406 0.453125 0.80957 0.454102 0.805664 0.449219 0.804688 0.443359 0.802734 0.435547 0.802734 0.423828 0.80957 0.417969
0 0.802734 0.365234 0.803711 0.359375 0.805664 0.355469 0.8125 0.355469 0.820312 0.360352 0.822266 0.364258 0.825195 0.367188 0.826172 0.371094 0.825195 0.374023 0.830078 0.381836 0.829102 0.387695 0.825195 0.391602 0.821289 0.393555 0.81543 0.393555 0.80957 0.391602 0.804688 0.390625 0.800781 0.382812 0.798828 0.37793 0.799805 0.374023 0.798828 0.369141
0 0.748047 0.349609 0.754883 0.354492 0.763672 0.362305 0.763672 0.362305 0.773438 0.369141 0.773438 0.374023 0.767578 0.375977 0.773438 0.385742 0.772461 0.394531 0.763672 0.405273 0.757812 0.40332 0.751953 0.40332 0.746094 0.40332 0.738281 0.399414 0.731445 0.398438 0.727539 0.391602 0.729492 0.376953 0.726562 0.375 0.729492 0.363281 0.733398 0.360352 0.733398 0.353516 0.738281 0.348633
0 0.761719 0.411133 0.770508 0.410156 0.77832 0.416992 0.780273 0.423828 0.782227 0.431641 0.782227 0.431641 0.779297 0.436523 0.785156 0.44043 0.786133 0.446289 0.789062 0.450195 0.78418 0.455078 0.777344 0.453125 0.773438 0.459961 0.766602 0.459961 0.760742 0.458984 0.760742 0.452148 0.754883 0.452148 0.749023 0.445312 0.750977 0.439453 0.749023 0.433594
0 0.674805 0.415039 0.683594 0.40918 0.698242 0.413086 0.709961 0.418945 0.707031 0.427734 0.705078 0.431641 0.701172 0.438477 0.700195 0.445312 0.702148 0.451172 0.694336 0.458984 0.68457 0.455078 0.673828 0.455078 0.670898 0.449219 0.671875 0.4375 0.667969 0.425781 0.668945 0.416992
0 0.607422 0.363281 0.613281 0.357422 0.620117 0.366211 0.623047 0.376953 0.625 0.382812 0.621094 0.387695 0.620117 0.391602 0.618164 0.398438 0.610352 0.400391 0.609375 0.393555 0.602539 0.394531 0.598633 0.397461 0.598633 0.397461 0.592773 0.394531 0.595703 0.383789 0.588867 0.369141 0.59375 0.363281
0 0.515625 0.350586 0.527344 0.376953 0.525391 0.381836 0.516602 0.386719 0.516602 0.399414 0.509766 0.400391 0.503906 0.399414 0.49707 0.395508 0.492188 0.392578 0.490234 0.386719 0.493164 0.382812 0.494141 0.380859 0.488281 0.366211 0.489258 0.357422 0.49707 0.351562 0.505859 0.351562
0 0.597656 0.415039 0.601562 0.40625 0.610352 0.40332 0.617188 0.407227 0.618164 0.413086 0.625977 0.417969 0.626953 0.428711 0.625977 0.4375 0.619141 0.444336 0.605469 0.443359 0.598633 0.44043 0.594727 0.430664 0.594727 0.422852
0 0.592773 0.405273 0.584961 0.408203 0.579102 0.404297 0.579102 0.400391 0.571289 0.402344 0.563477 0.402344 0.558594 0.404297 0.554688 0.416016 0.556641 0.420898 0.558594 0.422852 0.558594 0.430664 0.554688 0.4375 0.554688 0.444336 0.556641 0.447266 0.564453 0.449219 0.572266 0.451172 0.578125 0.450195 0.585938 0.451172 0.588867 0.44043 0.586914 0.431641 0.588867 0.423828 0.592773 0.420898 0.592773 0.415039 0.594727 0.410156
0 0.53125 0.410156 0.53418 0.421875 0.53418 0.428711 0.530273 0.433594 0.527344 0.433594 0.521484 0.431641 0.517578 0.423828 0.515625 0.418945 0.516602 0.411133 0.523438 0.405273 0.52832 0.40625
0 0.451172 0.351562 0.458984 0.354492 0.458984 0.359375 0.458984 0.367188 0.458008 0.374023 0.459961 0.381836 0.456055 0.386719 0.450195 0.391602 0.443359 0.392578 0.4375 0.392578 0.436523 0.395508 0.432617 0.396484 0.428711 0.395508 0.420898 0.396484 0.419922 0.390625 0.422852 0.380859 0.422852 0.371094 0.425781 0.369141 0.423828 0.359375 0.425781 0.350586 0.431641 0.347656 0.444336 0.347656
0 0.427734 0.399414 0.436523 0.411133 0.44043 0.417969 0.44043 0.424805 0.438477 0.431641 0.435547 0.439453 0.435547 0.439453 0.429688 0.442383 0.419922 0.441406 0.416016 0.44043 0.413086 0.435547 0.40625 0.435547 0.40332 0.427734 0.405273 0.422852 0.408203 0.419922 0.412109 0.416016 0.415039 0.399414 0.419922 0.400391 0.423828 0.401367 0.421875 0.398438 0.423828 0.397461
0 0.355469 0.356445 0.358398 0.371094 0.358398 0.378906 0.350586 0.385742 0.341797 0.389648 0.341797 0.389648 0.333984 0.390625 0.329102 0.383789 0.329102 0.374023 0.329102 0.374023 0.332031 0.369141 0.332031 0.357422 0.333984 0.357422 0.338867 0.350586 0.345703 0.350586
0 0.358398 0.393555 0.366211 0.384766 0.375977 0.390625 0.379883 0.394531 0.387695 0.396484 0.389648 0.40625 0.390625 0.411133 0.390625 0.416992 0.389648 0.424805 0.390625 0.431641 0.386719 0.436523 0.385742 0.445312 0.380859 0.446289 0.375977 0.448242 0.370117 0.448242 0.366211 0.449219 0.359375 0.450195 0.359375 0.450195 0.355469 0.445312 0.349609 0.444336 0.342773 0.436523 0.34375 0.408203 0.344727 0.395508
0 0.313477 0.396484 0.310547 0.402344 0.314453 0.40918 0.316406 0.416016 0.318359 0.423828 0.316406 0.429688 0.310547 0.427734 0.306641 0.428711 0.30957 0.435547 0.305664 0.439453 0.300781 0.441406 0.296875 0.44043 0.299805 0.446289 0.295898 0.447266 0.291992 0.446289 0.289062 0.439453 0.291992 0.43457 0.291016 0.425781 0.290039 0.413086 0.293945 0.410156 0.297852 0.40332 0.301758 0.398438 0.308594 0.396484
0 0.275391 0.360352 0.280273 0.358398 0.285156 0.361328 0.288086 0.365234 0.283203 0.371094 0.276367 0.373047 0.271484 0.369141 0.271484 0.364258
0 0.205078 0.355469 0.21582 0.351562 0.226562 0.352539 0.233398 0.357422 0.233398 0.366211 0.233398 0.379883 0.229492 0.384766 0.226562 0.385742 0.225586 0.391602 0.220703 0.395508 0.213867 0.394531 0.202148 0.385742 0.199219 0.375 0.197266 0.366211 0.197266 0.366211
0 0.151367 0.344727 0.161133 0.352539 0.166016 0.358398 0.166016 0.367188 0.166016 0.375 0.165039 0.381836 0.155273 0.382812 0.149414 0.387695 0.142578 0.388672 0.138672 0.384766 0.135742 0.384766 0.130859 0.382812 0.133789 0.37793 0.135742 0.367188 0.138672 0.353516 0.144531 0.349609
0 0.253906 0.392578 0.262695 0.398438 0.266602 0.40918 0.264648 0.418945 0.261719 0.431641 0.256836 0.436523 0.254883 0.438477 0.25 0.442383 0.242188 0.438477 0.237305 0.44043 0.233398 0.436523 0.227539 0.433594 0.230469 0.427734 0.229492 0.422852 0.229492 0.417969 0.231445 0.413086 0.234375 0.410156 0.233398 0.405273 0.236328 0.395508 0.246094 0.390625 0.246094 0.390625
0 0.217773 0.40332 0.217773 0.416992 0.228516 0.424805 0.229492 0.427734 0.226562 0.433594 0.229492 0.436523 0.231445 0.44043 0.226562 0.442383 0.22168 0.443359 0.217773 0.445312 0.212891 0.447266 0.204102 0.444336 0.201172 0.439453 0.197266 0.4375 0.197266 0.433594 0.194336 0.425781 0.192383 0.417969 0.196289 0.410156 0.199219 0.402344 0.202148 0.397461 0.208984 0.396484 0.213867 0.398438
0 0.152344 0.400391 0.150391 0.414062 0.146484 0.417969 0.142578 0.430664 0.137695 0.433594 0.136719 0.441406 0.131836 0.446289 0.124023 0.448242 0.119141 0.443359 0.119141 0.4375 0.111328 0.439453 0.102539 0.436523 0.102539 0.427734 0.105469 0.422852 0.102539 0.415039 0.105469 0.40625 0.108398 0.399414 0.108398 0.392578 0.116211 0.386719 0.12207 0.388672 0.133789 0.384766 0.138672 0.385742 0.141602 0.388672 0.147461 0.390625 0.150391 0.394531
0 0.0839844 0.328125 0.09375 0.332031 0.0976562 0.337891 0.103516 0.342773 0.107422 0.352539 0.108398 0.366211 0.106445 0.37207 0.0966797 0.371094 0.0966797 0.375977 0.0996094 0.376953 0.100586 0.383789 0.0976562 0.386719 0.0898438 0.386719 0.0839844 0.390625 0.0800781 0.394531 0.0712891 0.393555 0.0664062 0.385742 0.0615234 0.376953 0.0615234 0.376953 0.0634766 0.367188 0.0585938 0.362305 0.0625 0.348633 0.0722656 0.34082 0.0751953 0.334961 0.078125 0.333008 0.0800781 0.334961 0.0859375 0.333008 0.0830078 0.331055
0 0.0498047 0.336914 0.0527344 0.345703 0.0566406 0.345703 0.0585938 0.349609 0.0566406 0.357422 0.0556641 0.358398 0.0527344 0.358398 0.0478516 0.364258 0.0478516 0.370117 0.0458984 0.375 0.0390625 0.380859 0.0322266 0.381836 0.0322266 0.381836 0.0302734 0.378906 0.0302734 0.374023 0.0302734 0.362305 0.0302734 0.355469 0.0332031 0.351562 0.0263672 0.353516 0.0263672 0.349609 0.0292969 0.347656 0.0292969 0.34082 0.0361328 0.34082 0.0419922 0.34082 0.0449219 0.335938
0 0.0283203 0.395508 0.0351562 0.387695 0.0478516 0.391602 0.0507812 0.397461 0.0605469 0.402344 0.0615234 0.40918 0.0634766 0.417969 0.0585938 0.423828 0.0527344 0.424805 0.0517578 0.432617 0.046875 0.436523 0.0380859 0.436523 0.0380859 0.436523 0.03125 0.4375 0.0273438 0.432617 0.0234375 0.432617 0.0205078 0.427734 0.0253906 0.422852 0.015625 0.416016 0.0234375 0.407227 0.0283203 0.402344
0 0.00585938 0.386719 0.00683594 0.390625 0.0078125 0.394531 0.00976562 0.400391 0.00976562 0.405273 0.00976562 0.410156 0.00976562 0.415039 0.00976562 0.415039 0.00683594 0.417969 0 0.418945 0 0.383789
0 0.0078125 0.433594 0.0146484 0.43457 0.015625 0.436523 0.0195312 0.435547 0.0234375 0.438477 0.0214844 0.443359 0.0234375 0.448242 0.0263672 0.448242 0.0302734 0.450195 0.03125 0.456055 0.0302734 0.459961 0.0283203 0.462891 0.0273438 0.464844 0.0273438 0.467773 0.0292969 0.472656 0.0283203 0.475586 0.0253906 0.479492 0.0214844 0.483398 0.0205078 0.486328 0.0166016 0.487305 0.0146484 0.488281 0.0107422 0.485352 0.00585938 0.481445 0.00585938 0.482422 0.00292969 0.479492 0 0.479492 0 0.439453
0 0.00683594 0.418945 0.0117188 0.421875 0.0107422 0.426758 0.0107422 0.432617 0.00683594 0.433594 0.00488281 0.435547 0 0.43457 0 0.419922
0 0.0595703 0.458008 0.0654297 0.47168 0.0693359 0.481445 0.0810547 0.482422 0.0898438 0.480469 0.105469 0.479492 0.110352 0.47168 0.112305 0.459961 0.108398 0.452148 0.100586 0.448242 0.0927734 0.444336 0.0849609 0.447266 0.0830078 0.452148 0.078125 0.453125 0.0791016 0.444336 0.0732422 0.44043 0.0634766 0.442383 0.0595703 0.448242
0 0 0.500977 0.0078125 0.508789 0.0146484 0.512695 0.0146484 0.519531 0.0146484 0.524414 0.0107422 0.532227 0.00390625 0.535156 0 0.533203
0 0.0537109 0.501953 0.0605469 0.490234 0.0673828 0.490234 0.0732422 0.496094 0.0742188 0.506836 0.0742188 0.506836 0.0751953 0.514648 0.0761719 0.522461 0.0732422 0.526367 0.0673828 0.526367 0.0576172 0.53125 0.0537109 0.520508 0.0537109 0.511719
0 0.12207 0.485352 0.125977 0.481445 0.139648 0.481445 0.144531 0.485352 0.149414 0.495117 0.149414 0.495117 0.149414 0.50293 0.147461 0.511719 0.143555 0.520508 0.142578 0.526367 0.142578 0.533203 0.136719 0.533203 0.129883 0.530273 0.12793 0.530273 0.124023 0.53418 0.118164 0.536133 0.113281 0.52832 0.112305 0.518555 0.111328 0.511719 0.115234 0.5 0.117188 0.487305
0 0.175781 0.451172 0.182617 0.444336 0.19043 0.448242 0.194336 0.457031 0.196289 0.466797 0.197266 0.477539 0.195312 0.483398 0.191406 0.49707 0.176758 0.489258 0.162109 0.487305 0.162109 0.476562 0.165039 0.47168 0.162109 0.463867
0 0.171875 0.49707 0.183594 0.496094 0.19043 0.508789 0.19043 0.516602 0.189453 0.527344 0.185547 0.53418 0.180664 0.537109 0.179688 0.540039 0.175781 0.541992 0.170898 0.540039 0.170898 0.540039 0.161133 0.53418 0.165039 0.52832 0.164062 0.513672 0.166992 0.506836
0 0.225586 0.498047 0.239258 0.49707 0.244141 0.507812 0.244141 0.516602 0.244141 0.523438 0.244141 0.523438 0.239258 0.52832 0.239258 0.52832 0.235352 0.532227 0.233398 0.537109 0.21875 0.540039 0.21875 0.540039 0.211914 0.535156 0.211914 0.527344 0.208984 0.519531 0.213867 0.512695 0.21582 0.50293
0 0.24707 0.447266 0.256836 0.443359 0.263672 0.443359 0.267578 0.452148 0.265625 0.460938 0.266602 0.46875 0.267578 0.474609 0.266602 0.480469 0.260742 0.483398 0.253906 0.484375 0.251953 0.489258 0.24707 0.491211 0.243164 0.492188 0.238281 0.487305 0.237305 0.476562 0.235352 0.46875 0.238281 0.462891 0.237305 0.456055
0 0.295898 0.455078 0.297852 0.459961 0.296875 0.467773 0.296875 0.473633 0.297852 0.481445 0.301758 0.486328 0.307617 0.488281 0.313477 0.486328 0.319336 0.476562 0.323242 0.46875 0.323242 0.46875 0.314453 0.464844 0.3125 0.455078 0.308594 0.450195
0 0.291016 0.493164 0.301758 0.491211 0.316406 0.486328 0.319336 0.493164 0.318359 0.501953 0.314453 0.513672 0.313477 0.521484 0.311523 0.529297 0.314453 0.539062 0.306641 0.539062 0.302734 0.541992 0.294922 0.542969 0.287109 0.542969 0.280273 0.523438 0.285156 0.516602 0.285156 0.504883
0 0.396484 0.453125 0.407227 0.473633 0.399414 0.486328 0.394531 0.492188 0.386719 0.492188 0.374023 0.490234 0.368164 0.484375 0.369141 0.474609 0.370117 0.458984 0.378906 0.454102 0.385742 0.454102
0 0.369141 0.493164 0.374023 0.499023 0.386719 0.499023 0.391602 0.508789 0.387695 0.523438 0.393555 0.526367 0.393555 0.541016 0.384766 0.547852 0.37793 0.544922 0.376953 0.551758 0.369141 0.553711 0.366211 0.548828 0.354492 0.547852 0.342773 0.548828 0.327148 0.53418 0.337891 0.529297 0.339844 0.510742 0.352539 0.508789 0.352539 0.498047
0 0.447266 0.46875 0.442383 0.461914 0.445312 0.453125 0.46582 0.449219 0.470703 0.453125 0.476562 0.458008 0.473633 0.473633 0.47168 0.482422 0.463867 0.492188 0.441406 0.491211 0.435547 0.483398 0.444336 0.478516
0 0.495117 0.457031 0.506836 0.450195 0.515625 0.453125 0.526367 0.457031 0.527344 0.461914 0.524414 0.47168 0.526367 0.479492 0.524414 0.488281 0.521484 0.493164 0.516602 0.496094 0.507812 0.491211 0.507812 0.49707 0.499023 0.499023 0.493164 0.490234 0.494141 0.480469
0 0.553711 0.459961 0.560547 0.458008 0.566406 0.459961 0.571289 0.469727 0.572266 0.485352 0.56543 0.491211 0.569336 0.499023 0.566406 0.503906 0.55957 0.505859 0.552734 0.503906 0.543945 0.493164 0.543945 0.483398 0.544922 0.469727
0 0.606445 0.450195 0.620117 0.449219 0.62793 0.447266 0.634766 0.450195 0.637695 0.454102 0.644531 0.459961 0.645508 0.466797 0.646484 0.472656 0.642578 0.475586 0.642578 0.483398 0.646484 0.493164 0.639648 0.505859 0.628906 0.503906 0.628906 0.503906 0.62207 0.504883 0.614258 0.508789 0.606445 0.501953 0.606445 0.493164 0.600586 0.486328 0.602539 0.472656 0.602539 0.463867
0 0.683594 0.466797 0.693359 0.459961 0.703125 0.46875 0.707031 0.476562 0.710938 0.484375 0.711914 0.490234 0.710938 0.496094 0.705078 0.501953 0.691406 0.5 0.691406 0.5 0.686523 0.499023 0.681641 0.487305 0.683594 0.475586
0 0.756836 0.459961 0.750977 0.46582 0.745117 0.462891 0.733398 0.470703 0.735352 0.483398 0.742188 0.494141 0.75 0.501953 0.765625 0.498047 0.775391 0.490234 0.772461 0.480469 0.773438 0.46875 0.765625 0.461914 0.760742 0.459961
0 0.789062 0.483398 0.794922 0.467773 0.805664 0.462891 0.811523 0.46582 0.822266 0.47168 0.825195 0.479492 0.825195 0.486328 0.820312 0.490234 0.820312 0.5 0.811523 0.500977 0.808594 0.505859 0.803711 0.504883 0.794922 0.500977 0.793945 0.49707 0.789062 0.489258
0 0.852539 0.474609 0.865234 0.46582 0.875977 0.46582 0.882812 0.476562 0.880859 0.487305 0.879883 0.498047 0.874023 0.504883 0.863281 0.506836 0.864258 0.506836 0.858398 0.501953 0.851562 0.499023 0.848633 0.484375
0 0.929688 0.481445 0.943359 0.476562 0.952148 0.483398 0.950195 0.495117 0.945312 0.501953 0.939453 0.50293 0.924805 0.495117 0.923828 0.485352
0 0.976562 0.474609 0.988281 0.474609 1 0.488281 0.99707 0.491211 0.994141 0.499023 0.996094 0.504883 0.996094 0.504883 0.992188 0.511719 0.983398 0.511719 0.976562 0.509766 0.973633 0.507812 0.96582 0.501953 0.963867 0.496094 0.972656 0.489258
0 0.980469 0.519531 0.988281 0.518555 0.996094 0.522461 1 0.52832 1 0.556641 0.99707 0.560547 0.993164 0.561523 0.989258 0.561523 0.983398 0.557617 0.980469 0.552734 0.974609 0.548828 0.978516 0.543945 0.975586 0.533203 0.978516 0.529297
0 0.936523 0.520508 0.948242 0.521484 0.955078 0.522461 0.957031 0.527344 0.957031 0.53418 0.957031 0.53418 0.958008 0.546875 0.956055 0.551758 0.950195 0.553711 0.947266 0.554688 0.947266 0.554688 0.94043 0.555664 0.935547 0.554688 0.928711 0.547852 0.926758 0.542969 0.931641 0.536133 0.930664 0.530273 0.932617 0.521484
0 0.895508 0.525391 0.905273 0.533203 0.904297 0.541016 0.904297 0.548828 0.898438 0.551758 0.891602 0.551758 0.886719 0.552734 0.882812 0.551758 0.879883 0.541992 0.883789 0.53125 0.888672 0.527344
0 1 0.572266 0.992188 0.571289 0.985352 0.575195 0.980469 0.583008 0.980469 0.591797 0.982422 0.600586 0.986328 0.607422 0.990234 0.611328 1 0.612305
0 0.982422 0.578125 0.975586 0.574219 0.967773 0.571289 0.961914 0.574219 0.959961 0.580078 0.956055 0.585938 0.952148 0.59082 0.953125 0.598633 0.959961 0.607422 0.96582 0.609375 0.97168 0.609375 0.977539 0.606445 0.983398 0.603516 0.980469 0.594727 0.979492 0.588867 0.979492 0.582031
0 0.892578 0.574219 0.899414 0.576172 0.900391 0.582031 0.90332 0.585938 0.900391 0.591797 0.897461 0.597656 0.890625 0.601562 0.890625 0.601562 0.884766 0.601562 0.878906 0.595703 0.880859 0.591797 0.878906 0.575195 0.886719 0.572266
0 0.863281 0.524414 0.870117 0.536133 0.868164 0.541992 0.865234 0.545898 0.864258 0.555664 0.859375 0.558594 0.850586 0.55957 0.844727 0.558594 0.835938 0.555664 0.830078 0.556641 0.827148 0.545898 0.831055 0.538086 0.831055 0.526367 0.84375 0.512695
0 0.860352 0.572266 0.865234 0.583008 0.862305 0.587891 0.859375 0.594727 0.852539 0.597656 0.847656 0.603516 0.838867 0.608398 0.838867 0.608398 0.834961 0.601562 0.829102 0.599609 0.829102 0.599609 0.830078 0.585938 0.835938 0.575195 0.835938 0.568359 0.844727 0.570312
0 0.959961 0.628906 0.97168 0.616211 0.988281 0.62207 0.989258 0.633789 0.990234 0.647461 0.987305 0.657227 0.978516 0.65918 0.97168 0.65918 0.958008 0.65625 0.958008 0.650391 0.956055 0.639648
0 0.927734 0.614258 0.931641 0.62207 0.945312 0.625 0.941406 0.640625 0.933594 0.646484 0.933594 0.651367 0.926758 0.65332 0.922852 0.658203 0.914062 0.651367 0.908203 0.639648 0.911133 0.633789 0.914062 0.625 0.921875 0.62207
0 0.878906 0.608398 0.884766 0.611328 0.894531 0.612305 0.902344 0.618164 0.900391 0.625977 0.902344 0.633789 0.899414 0.642578 0.899414 0.648438 0.894531 0.65918 0.887695 0.65918 0.879883 0.65918 0.873047 0.654297 0.860352 0.640625 0.863281 0.634766 0.863281 0.62207 0.867188 0.610352
0 0.764648 0.50293 0.787109 0.501953 0.800781 0.508789 0.803711 0.519531 0.797852 0.530273 0.803711 0.541992 0.797852 0.555664 0.797852 0.555664 0.789062 0.556641 0.787109 0.5625 0.773438 0.560547 0.764648 0.548828 0.759766 0.525391
0 0.813477 0.554688 0.814453 0.570312 0.818359 0.585938 0.810547 0.595703 0.795898 0.602539 0.783203 0.594727 0.772461 0.599609 0.763672 0.591797 0.772461 0.576172 0.771484 0.564453 0.777344 0.558594 0.786133 0.56543 0.790039 0.553711 0.799805 0.554688
0 0.810547 0.602539 0.8125 0.607422 0.816406 0.614258 0.822266 0.621094 0.825195 0.626953 0.819336 0.631836 0.824219 0.640625 0.826172 0.646484 0.822266 0.652344 0.814453 0.65625 0.806641 0.65625 0.799805 0.65625 0.790039 0.654297 0.790039 0.654297 0.786133 0.649414 0.782227 0.649414 0.780273 0.641602 0.78418 0.636719 0.786133 0.62793 0.788086 0.617188 0.789062 0.613281 0.779297 0.613281 0.779297 0.603516 0.783203 0.599609 0.789062 0.600586 0.790039 0.598633 0.795898 0.602539 0.800781 0.600586
0 0.985352 1 0.988281 0.985352 1 0.980469 1 0.980469 1 1
0 0.97168 0.93457 0.981445 0.927734 0.985352 0.927734 0.988281 0.932617 0.993164 0.935547 0.993164 0.942383 0.989258 0.950195 0.984375 0.956055 0.978516 0.953125 0.970703 0.953125 0.969727 0.947266 0.970703 0.941406
0 0.933594 1 0.931641 0.993164 0.933594 0.986328 0.938477 0.975586 0.946289 0.975586 0.952148 0.977539 0.959961 0.976562 0.964844 0.981445 0.961914 0.987305 0.958984 0.995117 0.964844 1
0 0.911133 0.976562 0.917969 0.977539 0.924805 0.983398 0.927734 0.989258 0.929688 0.993164 0.929688 1 0.899414 1 0.900391 0.986328
0 0.847656 1 0.845703 0.990234 0.848633 0.986328 0.848633 0.981445 0.851562 0.983398 0.859375 0.976562 0.866211 0.980469 0.865234 0.984375 0.864258 0.988281 0.866211 0.994141 0.861328 1
0 0.793945 1 0.787109 0.991211 0.793945 0.986328 0.796875 0.979492 0.799805 0.973633 0.806641 0.973633 0.810547 0.980469 0.818359 0.979492 0.823242 0.989258 0.828125 0.991211 0.829102 1
0 0.729492 1 0.729492 0.991211 0.732422 0.985352 0.739258 0.984375 0.742188 0.974609 0.754883 0.973633 0.765625 0.978516 0.773438 0.979492 0.771484 0.988281 0.774414 0.993164 0.772461 1
0 0.694336 1 0.694336 0.993164 0.691406 0.984375 0.697266 0.981445 0.701172 0.976562 0.708008 0.973633 0.712891 0.975586 0.712891 0.981445 0.713867 0.985352 0.713867 0.989258 0.709961 0.991211 0.706055 1
0 0.621094 1 0.620117 0.996094 0.620117 0.984375 0.625 0.981445 0.62793 0.97168 0.639648 0.958008 0.648438 0.964844 0.658203 0.96875 0.666016 0.972656 0.668945 0.979492 0.669922 0.984375 0.667969 0.989258 0.671875 0.995117 0.667969 1
0 0.580078 0.974609 0.584961 0.975586 0.589844 0.97168 0.595703 0.972656 0.594727 0.977539 0.597656 0.982422 0.594727 0.985352 0.59375 0.990234 0.591797 0.992188 0.583008 0.992188 0.582031 0.985352 0.579102 0.978516
0 0.544922 0.96875 0.544922 0.972656 0.547852 0.976562 0.548828 0.985352 0.548828 0.990234 0.550781 0.992188 0.548828 1 0.522461 1 0.522461 0.989258 0.524414 0.981445 0.519531 0.975586 0.519531 0.967773 0.524414 0.967773 0.532227 0.964844 0.536133 0.96582 0.541016 0.964844
0 0.447266 1 0.445312 0.993164 0.448242 0.988281 0.459961 0.984375 0.458008 0.978516 0.459961 0.975586 0.459961 0.969727 0.463867 0.96582 0.472656 0.961914 0.482422 0.964844 0.486328 0.970703 0.491211 0.973633 0.493164 0.977539 0.492188 0.982422 0.491211 0.986328 0.495117 0.989258 0.499023 0.991211 0.503906 0.993164 0.506836 0.996094 0.508789 1
0 0.394531 1 0.394531 0.988281 0.396484 0.983398 0.397461 0.978516 0.397461 0.967773 0.398438 0.958984 0.404297 0.958008 0.413086 0.958984 0.420898 0.958008 0.426758 0.964844 0.430664 0.967773 0.4375 0.967773 0.44043 0.975586 0.44043 0.975586 0.435547 0.977539 0.43457 0.982422 0.43457 0.985352 0.43457 0.988281 0.4375 0.992188 0.433594 1
0 0.347656 1 0.34375 0.995117 0.34082 0.985352 0.339844 0.977539 0.34668 0.975586 0.351562 0.97168 0.344727 0.96875 0.34082 0.964844 0.345703 0.958984 0.351562 0.955078 0.361328 0.951172 0.365234 0.957031 0.365234 0.962891 0.369141 0.96875 0.369141 0.974609 0.373047 0.977539 0.371094 0.983398 0.369141 0.987305 0.363281 0.991211 0.361328 1
0 0.288086 1 0.28418 0.992188 0.279297 0.986328 0.282227 0.973633 0.288086 0.972656 0.291016 0.96582 0.300781 0.958008 0.305664 0.961914 0.311523 0.958984 0.318359 0.961914 0.318359 0.964844 0.319336 0.969727 0.319336 0.973633 0.318359 0.978516 0.319336 0.983398 0.319336 0.989258 0.319336 0.995117 0.31543 0.996094 0.310547 0.993164 0.30957 0.995117 0.3125 1
0 0.210938 1 0.203125 0.984375 0.202148 0.978516 0.209961 0.966797 0.212891 0.954102 0.217773 0.946289 0.229492 0.941406 0.242188 0.946289 0.243164 0.951172 0.260742 0.958984 0.268555 0.955078 0.273438 0.958008 0.275391 0.963867 0.27832 0.966797 0.274414 0.970703 0.269531 0.977539 0.267578 0.985352 0.267578 0.992188 0.267578 1
0 0.147461 0.959961 0.148438 0.954102 0.15918 0.949219 0.168945 0.956055 0.169922 0.966797 0.172852 0.977539 0.172852 0.977539 0.162109 0.992188 0.147461 0.985352 0.147461 0.976562 0.150391 0.967773
0 0.116211 0.956055 0.12207 0.961914 0.12793 0.97168 0.12793 0.97168 0.129883 0.978516 0.125977 0.985352 0.12207 0.985352 0.118164 0.996094 0.110352 0.995117 0.105469 0.999023 0.0966797 0.993164 0.0947266 0.989258 0.0820312 0.985352 0.0859375 0.975586 0.0839844 0.964844 0.0917969 0.962891 0.0986328 0.954102 0.109375 0.958008
0 0.0322266 0.943359 0.0351562 0.949219 0.0322266 0.957031 0.0400391 0.961914 0.0419922 0.96875 0.0400391 0.973633 0.0341797 0.979492 0.0322266 0.984375 0.0351562 1 0.015625 1 0.00683594 0.996094 0.00683594 0.986328 0 0.986328 0 0.956055 0 0.942383 0.00683594 0.942383 0.0107422 0.93457 0.0146484 0.935547 0.0195312 0.94043
0 0 0.896484 0.00878906 0.898438 0.0146484 0.90332 0.015625 0.910156 0.0175781 0.916016 0.0185547 0.919922 0.0166016 0.923828 0.00878906 0.923828 0.00488281 0.926758 0.00683594 0.931641 0 0.93457
0 0.0488281 0.905273 0.0605469 0.90332 0.0712891 0.90918 0.0712891 0.918945 0.0712891 0.926758 0.0644531 0.928711 0.0625 0.933594 0.0566406 0.936523 0.0507812 0.936523 0.0449219 0.932617 0.046875 0.921875 0.0439453 0.915039 0.0488281 0.910156
0 0.103516 0.894531 0.116211 0.891602 0.125 0.893555 0.129883 0.90625 0.135742 0.913086 0.133789 0.925781 0.132812 0.93457 0.129883 0.946289 0.12207 0.949219 0.113281 0.950195 0.102539 0.947266 0.0957031 0.9375 0.0957031 0.922852 0.0976562 0.916016 0.0927734 0.905273 0.0986328 0.905273 0.104492 0.904297
0 0.180664 0.915039 0.188477 0.908203 0.198242 0.913086 0.198242 0.921875 0.195312 0.9375 0.189453 0.944336 0.177734 0.933594 0.176758 0.924805
0 0.21582 0.926758 0.222656 0.9375 0.227539 0.933594 0.231445 0.942383 0.236328 0.94043 0.243164 0.935547 0.245117 0.931641 0.253906 0.933594 0.250977 0.919922 0.248047 0.907227 0.24707 0.896484 0.241211 0.890625 0.233398 0.893555 0.228516 0.893555 0.220703 0.905273
0 0.28125 0.905273 0.289062 0.897461 0.299805 0.891602 0.305664 0.894531 0.3125 0.902344 0.314453 0.910156 0.314453 0.910156 0.3125 0.919922 0.31543 0.927734 0.30957 0.933594 0.313477 0.938477 0.313477 0.944336 0.308594 0.947266 0.308594 0.947266 0.304688 0.947266 0.297852 0.954102 0.292969 0.954102 0.282227 0.948242 0.264648 0.948242 0.269531 0.928711 0.27832 0.918945
0 0.325195 0.920898 0.332031 0.907227 0.342773 0.90625 0.347656 0.911133 0.355469 0.922852 0.355469 0.922852 0.348633 0.927734 0.348633 0.932617 0.34668 0.939453 0.34375 0.944336 0.34375 0.944336 0.335938 0.945312 0.327148 0.944336 0.321289 0.93457
0 0.388672 0.918945 0.405273 0.908203 0.415039 0.916016 0.419922 0.920898 0.412109 0.930664 0.413086 0.936523 0.414062 0.943359 0.402344 0.949219 0.402344 0.949219 0.398438 0.944336 0.392578 0.942383 0.383789 0.932617 0.386719 0.925781
0 0.44043 0.913086 0.447266 0.917969 0.456055 0.915039 0.455078 0.931641 0.451172 0.935547 0.457031 0.943359 0.452148 0.951172 0.442383 0.952148 0.435547 0.945312 0.429688 0.950195 0.420898 0.946289 0.418945 0.935547 0.426758 0.93457 0.419922 0.924805 0.430664 0.918945 0.435547 0.920898
0 0.494141 0.916992 0.50293 0.910156 0.512695 0.917969 0.522461 0.921875 0.525391 0.926758 0.520508 0.936523 0.525391 0.943359 0.520508 0.947266 0.520508 0.947266 0.514648 0.948242 0.514648 0.954102 0.511719 0.958008 0.505859 0.961914 0.504883 0.953125 0.50293 0.948242 0.498047 0.950195 0.487305 0.947266 0.484375 0.943359 0.492188 0.936523 0.487305 0.928711 0.492188 0.923828
0 0.548828 0.921875 0.558594 0.924805 0.56543 0.928711 0.561523 0.936523 0.561523 0.936523 0.560547 0.942383 0.558594 0.948242 0.558594 0.953125 0.551758 0.956055 0.546875 0.952148 0.547852 0.945312 0.541016 0.945312 0.538086 0.935547 0.541016 0.927734
0 0.584961 0.927734 0.591797 0.920898 0.59668 0.926758 0.602539 0.927734 0.607422 0.932617 0.609375 0.93457 0.604492 0.938477 0.604492 0.941406 0.605469 0.947266 0.607422 0.953125 0.604492 0.956055 0.599609 0.956055 0.59668 0.955078 0.591797 0.955078 0.583984 0.953125 0.579102 0.951172 0.577148 0.948242 0.583984 0.942383 0.583008 0.936523
0 0.645508 0.923828 0.655273 0.916016 0.660156 0.914062 0.665039 0.919922 0.671875 0.922852 0.674805 0.928711 0.673828 0.935547 0.669922 0.939453 0.666016 0.945312 0.667969 0.952148 0.646484 0.956055 0.641602 0.952148 0.637695 0.951172 0.638672 0.9375 0.643555 0.936523 0.646484 0.932617
0 0.6875 0.932617 0.698242 0.921875 0.703125 0.912109 0.708984 0.911133 0.712891 0.916992 0.719727 0.920898 0.722656 0.930664 0.722656 0.930664 0.725586 0.933594 0.722656 0.941406 0.72168 0.945312 0.722656 0.950195 0.719727 0.955078 0.714844 0.959961 0.710938 0.962891 0.704102 0.966797 0.694336 0.961914 0.694336 0.956055 0.689453 0.950195 0.68457 0.949219
0 0.734375 0.932617 0.749023 0.924805 0.75293 0.927734 0.75293 0.933594 0.753906 0.942383 0.751953 0.950195 0.74707 0.958984 0.740234 0.955078 0.731445 0.953125 0.736328 0.945312 0.735352 0.938477
0 0.786133 0.93457 0.793945 0.928711 0.799805 0.932617 0.807617 0.93457 0.807617 0.939453 0.810547 0.943359 0.811523 0.947266 0.810547 0.961914 0.808594 0.963867 0.798828 0.959961 0.794922 0.962891 0.791016 0.957031 0.788086 0.952148 0.783203 0.945312
0 0.817383 0.9375 0.816406 0.928711 0.821289 0.927734 0.827148 0.919922 0.838867 0.923828 0.838867 0.930664 0.84375 0.935547 0.848633 0.939453 0.850586 0.945312 0.852539 0.953125 0.852539 0.953125 0.847656 0.959961 0.842773 0.969727 0.842773 0.969727 0.833008 0.96582 0.828125 0.97168 0.828125 0.97168 0.813477 0.959961 0.824219 0.956055 0.817383 0.946289 0.821289 0.941406
0 0.882812 0.9375 0.888672 0.929688 0.898438 0.932617 0.898438 0.938477 0.900391 0.942383 0.901367 0.950195 0.898438 0.955078 0.894531 0.956055 0.884766 0.954102 0.883789 0.947266
0 0.910156 0.933594 0.913086 0.921875 0.921875 0.923828 0.932617 0.921875 0.939453 0.920898 0.941406 0.925781 0.945312 0.928711 0.945312 0.94043 0.945312 0.944336 0.945312 0.947266 0.946289 0.955078 0.945312 0.963867 0.942383 0.966797 0.938477 0.967773 0.933594 0.964844 0.924805 0.974609 0.919922 0.970703 0.915039 0.967773 0.915039 0.958984 0.908203 0.959961 0.907227 0.951172 0.908203 0.943359 0.913086 0.9375
0 0.941406 0.888672 0.947266 0.876953 0.958984 0.876953 0.96582 0.884766 0.967773 0.895508 0.962891 0.901367 0.960938 0.916016 0.955078 0.914062 0.948242 0.912109 0.939453 0.916992 0.9375 0.907227 0.943359 0.898438
0 0.90332 0.888672 0.907227 0.897461 0.90332 0.902344 0.900391 0.911133 0.890625 0.916992 0.890625 0.916992 0.879883 0.911133 0.868164 0.899414 0.874023 0.888672 0.886719 0.875977 0.894531 0.875977 0.894531 0.876953
0 0.849609 0.875977 0.860352 0.889648 0.854492 0.900391 0.854492 0.900391 0.854492 0.90625 0.835938 0.916016 0.833008 0.900391 0.829102 0.891602 0.842773 0.880859
0 0.804688 0.871094 0.811523 0.881836 0.814453 0.888672 0.816406 0.895508 0.816406 0.90332 0.807617 0.911133 0.792969 0.916016 0.777344 0.916992 0.765625 0.915039 0.775391 0.897461 0.769531 0.889648 0.766602 0.875977 0.769531 0.861328 0.78125 0.864258 0.78418 0.860352 0.795898 0.866211
0 0.698242 0.878906 0.704102 0.873047 0.71875 0.875 0.726562 0.876953 0.725586 0.884766 0.725586 0.884766 0.716797 0.894531 0.712891 0.899414 0.707031 0.900391 0.701172 0.896484 0.696289 0.890625
0 0.658203 0.875 0.665039 0.867188 0.675781 0.870117 0.677734 0.879883 0.676758 0.886719 0.668945 0.901367 0.664062 0.900391 0.65625 0.896484 0.652344 0.885742
0 0.597656 0.864258 0.604492 0.868164 0.613281 0.869141 0.614258 0.874023 0.614258 0.883789 0.607422 0.902344 0.601562 0.904297 0.591797 0.899414 0.580078 0.901367 0.570312 0.890625 0.577148 0.883789 0.574219 0.866211 0.586914 0.865234 0.591797 0.859375
0 0.56543 0.866211 0.55957 0.879883 0.556641 0.888672 0.549805 0.901367 0.53418 0.907227 0.523438 0.901367 0.525391 0.893555 0.523438 0.881836 0.529297 0.87207 0.530273 0.861328 0.542969 0.848633 0.549805 0.856445 0.560547 0.860352
0 0.486328 0.858398 0.490234 0.869141 0.492188 0.873047 0.492188 0.880859 0.488281 0.885742 0.490234 0.895508 0.486328 0.902344 0.467773 0.904297 0.458008 0.902344 0.455078 0.890625 0.458008 0.883789 0.455078 0.876953 0.459961 0.862305 0.470703 0.857422
0 0.405273 0.893555 0.408203 0.87793 0.416992 0.868164 0.411133 0.860352 0.427734 0.859375 0.4375 0.863281 0.433594 0.873047 0.433594 0.873047 0.4375 0.878906 0.4375 0.890625 0.435547 0.901367 0.423828 0.898438 0.417969 0.896484 0.412109 0.897461
0 0.365234 0.847656 0.366211 0.862305 0.366211 0.862305 0.368164 0.871094 0.371094 0.879883 0.37207 0.887695 0.37207 0.887695 0.364258 0.897461 0.358398 0.900391 0.351562 0.902344 0.342773 0.897461 0.333008 0.896484 0.326172 0.888672 0.328125 0.879883 0.331055 0.873047 0.329102 0.860352 0.329102 0.860352 0.337891 0.849609 0.34668 0.849609 0.354492 0.84668
0 0.283203 0.860352 0.291992 0.860352 0.296875 0.861328 0.296875 0.871094 0.295898 0.875 0.292969 0.875977 0.286133 0.875977 0.283203 0.869141
0 0.202148 0.855469 0.208984 0.863281 0.212891 0.866211 0.21582 0.873047 0.212891 0.875 0.204102 0.879883 0.204102 0.879883 0.198242 0.886719 0.189453 0.886719 0.178711 0.881836 0.177734 0.871094 0.181641 0.856445 0.193359 0.851562
0 0.128906 0.858398 0.137695 0.855469 0.150391 0.850586 0.15332 0.859375 0.151367 0.874023 0.146484 0.879883 0.138672 0.882812 0.125 0.874023
0 0.0898438 0.844727 0.0976562 0.852539 0.106445 0.857422 0.106445 0.867188 0.107422 0.875977 0.0996094 0.884766 0.0908203 0.886719 0.0800781 0.891602 0.0693359 0.888672 0.0693359 0.87793 0.0722656 0.866211 0.0771484 0.861328 0.0820312 0.848633
0 0.0449219 0.821289 0.0507812 0.831055 0.0566406 0.835938 0.0576172 0.839844 0.0585938 0.844727 0.0585938 0.849609 0.0566406 0.856445 0.0537109 0.860352 0.0498047 0.865234 0.0439453 0.867188 0.0439453 0.867188 0.0380859 0.870117 0.0380859 0.870117 0.0302734 0.87207 0.0302734 0.87207 0.0234375 0.871094 0.015625 0.870117 0.0117188 0.853516 0.0117188 0.853516 0.0117188 0.84668 0.0078125 0.84082 0.0107422 0.835938 0.0146484 0.833984 0.015625 0.827148 0.0244141 0.827148 0.0273438 0.821289 0.0380859 0.817383
0 0 0.813477 0.00683594 0.813477 0.0107422 0.822266 0.0126953 0.826172 0.0126953 0.831055 0.0126953 0.833984 0.00976562 0.835938 0 0.833984
0 0 0.743164 0.00488281 0.746094 0.015625 0.743164 0.0224609 0.748047 0.0224609 0.756836 0.0263672 0.764648 0.0263672 0.764648 0.0283203 0.766602 0.0263672 0.773438 0.0244141 0.78125 0.0205078 0.782227 0.015625 0.791992 0.00976562 0.795898 0.00683594 0.798828 0 0.796875
0 0.96582 0.688477 0.966797 0.682617 0.975586 0.679688 0.981445 0.683594 0.986328 0.69043 0.986328 0.697266 0.982422 0.702148 0.980469 0.705078 0.966797 0.702148 0.962891 0.695312
0 0.97168 0.736328 0.977539 0.729492 0.987305 0.728516 0.988281 0.734375 0.992188 0.742188 0.993164 0.74707 0.987305 0.756836 0.980469 0.757812 0.96875 0.758789 0.96582 0.753906 0.97168 0.75 0.969727 0.741211
0 1 0.779297 0.993164 0.780273 0.989258 0.783203 0.986328 0.787109 0.985352 0.790039 0.984375 0.794922 0.985352 0.800781 0.989258 0.804688 0.996094 0.807617 1 0.807617
0 0.945312 0.779297 0.949219 0.77832 0.956055 0.777344 0.961914 0.779297 0.96582 0.78125 0.967773 0.786133 0.967773 0.790039 0.966797 0.793945 0.964844 0.796875 0.966797 0.798828 0.966797 0.803711 0.964844 0.807617 0.961914 0.807617 0.958984 0.810547 0.957031 0.8125 0.952148 0.814453 0.948242 0.813477 0.946289 0.810547 0.946289 0.808594 0.944336 0.804688 0.941406 0.801758 0.941406 0.797852 0.9375 0.791992 0.9375 0.787109 0.939453 0.785156 0.942383 0.783203
0 0.980469 0.830078 0.982422 0.825195 0.983398 0.820312 0.985352 0.819336 0.990234 0.822266 0.993164 0.825195 0.995117 0.827148 0.999023 0.828125 1 0.829102 1 0.863281 0.995117 0.864258 0.994141 0.869141 0.994141 0.869141 0.988281 0.875 0.983398 0.871094 0.977539 0.866211 0.975586 0.861328 0.97168 0.858398 0.96875 0.858398 0.96875 0.854492 0.964844 0.84668 0.964844 0.84082 0.964844 0.84082 0.967773 0.838867 0.967773 0.833984 0.973633 0.830078 0.973633 0.830078 0.978516 0.832031
0 0.925781 0.827148 0.931641 0.826172 0.931641 0.826172 0.933594 0.827148 0.94043 0.824219 0.944336 0.828125 0.951172 0.828125 0.957031 0.833008 0.958984 0.833008 0.960938 0.835938 0.958984 0.837891 0.954102 0.838867 0.952148 0.845703 0.952148 0.845703 0.949219 0.847656 0.946289 0.849609 0.945312 0.852539 0.945312 0.854492 0.947266 0.858398 0.952148 0.860352 0.953125 0.863281 0.946289 0.866211 0.942383 0.865234 0.9375 0.863281 0.932617 0.862305 0.928711 0.857422 0.926758 0.856445 0.922852 0.850586 0.920898 0.84375 0.923828 0.84082 0.921875 0.836914 0.923828 0.835938 0.925781 0.836914
0 0.882812 0.830078 0.887695 0.825195 0.890625 0.825195 0.895508 0.825195 0.902344 0.831055 0.90625 0.833008 0.908203 0.837891 0.908203 0.84082 0.908203 0.84375 0.908203 0.848633 0.90918 0.854492 0.90918 0.855469 0.90918 0.859375 0.907227 0.859375 0.907227 0.864258 0.907227 0.866211 0.902344 0.869141 0.898438 0.865234 0.894531 0.864258 0.889648 0.866211 0.886719 0.868164 0.884766 0.869141 0.879883 0.869141 0.87793 0.861328 0.875977 0.856445 0.875977 0.850586 0.874023 0.847656 0.874023 0.84375 0.875977 0.842773 0.875977 0.836914 0.876953 0.833008 0.879883 0.831055
0 0.836914 0.829102 0.837891 0.823242 0.842773 0.819336 0.848633 0.823242 0.853516 0.820312 0.857422 0.827148 0.860352 0.829102 0.860352 0.833008 0.860352 0.836914 0.859375 0.84375 0.862305 0.849609 0.859375 0.855469 0.855469 0.857422 0.855469 0.862305 0.850586 0.865234 0.844727 0.865234 0.84082 0.87207 0.836914 0.875977 0.834961 0.867188 0.833008 0.859375 0.833984 0.854492 0.831055 0.845703 0.830078 0.837891 0.833008 0.834961 0.836914 0.833008
0 0.859375 0.780273 0.859375 0.768555 0.860352 0.762695 0.865234 0.763672 0.871094 0.768555 0.876953 0.768555 0.881836 0.759766 0.886719 0.760742 0.887695 0.769531 0.894531 0.771484 0.902344 0.775391 0.900391 0.789062 0.900391 0.789062 0.898438 0.792969 0.905273 0.797852 0.905273 0.801758 0.901367 0.80957 0.897461 0.817383 0.897461 0.817383 0.885742 0.819336 0.876953 0.819336 0.871094 0.818359 0.861328 0.818359 0.855469 0.817383 0.856445 0.810547 0.849609 0.803711 0.845703 0.792969 0.852539 0.791016
0 0.893555 0.731445 0.896484 0.725586 0.896484 0.720703 0.900391 0.719727 0.912109 0.723633 0.918945 0.729492 0.925781 0.729492 0.930664 0.744141 0.924805 0.749023 0.923828 0.755859 0.920898 0.758789 0.916016 0.761719 0.908203 0.761719 0.897461 0.753906 0.891602 0.749023 0.889648 0.735352
0 0.912109 0.679688 0.918945 0.669922 0.922852 0.669922 0.932617 0.671875 0.936523 0.673828 0.94043 0.681641 0.941406 0.6875 0.942383 0.697266 0.935547 0.698242 0.933594 0.706055 0.923828 0.708984 0.916992 0.708008 0.908203 0.705078 0.905273 0.698242 0.904297 0.689453
0 0.862305 0.666016 0.866211 0.664062 0.869141 0.658203 0.874023 0.661133 0.87793 0.663086 0.881836 0.661133 0.885742 0.661133 0.893555 0.668945 0.895508 0.671875 0.896484 0.673828 0.897461 0.677734 0.899414 0.678711 0.894531 0.686523 0.893555 0.688477 0.897461 0.693359 0.899414 0.697266 0.895508 0.704102 0.891602 0.708008 0.886719 0.706055 0.883789 0.712891 0.882812 0.71582 0.882812 0.717773 0.875 0.719727 0.871094 0.71582 0.865234 0.710938 0.865234 0.708984 0.859375 0.705078 0.859375 0.699219 0.856445 0.695312 0.861328 0.6875 0.864258 0.68457 0.864258 0.679688 0.862305 0.674805 0.859375 0.674805 0.859375 0.668945
0 0.825195 0.72168 0.828125 0.714844 0.828125 0.711914 0.833008 0.712891 0.838867 0.712891 0.842773 0.71582 0.848633 0.71875 0.847656 0.726562 0.849609 0.731445 0.850586 0.738281 0.853516 0.742188 0.855469 0.742188 0.855469 0.748047 0.858398 0.754883 0.855469 0.758789 0.849609 0.761719 0.841797 0.763672 0.838867 0.765625 0.832031 0.771484 0.827148 0.769531 0.826172 0.768555 0.820312 0.767578 0.816406 0.766602 0.8125 0.764648 0.810547 0.759766 0.808594 0.750977 0.80957 0.741211 0.813477 0.729492 0.817383 0.726562
0 0.806641 0.664062 0.810547 0.65918 0.816406 0.662109 0.819336 0.664062 0.827148 0.664062 0.829102 0.671875 0.829102 0.677734 0.829102 0.682617 0.830078 0.688477 0.830078 0.695312 0.831055 0.702148 0.831055 0.702148 0.830078 0.708984 0.832031 0.71875 0.821289 0.720703 0.814453 0.709961 0.808594 0.708008 0.801758 0.713867 0.796875 0.716797 0.791992 0.711914 0.78418 0.709961 0.780273 0.702148 0.78125 0.695312 0.785156 0.691406 0.782227 0.681641 0.78125 0.674805 0.787109 0.664062 0.785156 0.660156 0.783203 0.654297 0.790039 0.652344 0.795898 0.652344 0.795898 0.652344 0.803711 0.657227
0 0.773438 0.731445 0.770508 0.727539 0.774414 0.723633 0.780273 0.722656 0.791016 0.727539 0.795898 0.730469 0.790039 0.739258 0.790039 0.739258 0.790039 0.743164 0.786133 0.746094 0.783203 0.746094 0.780273 0.746094 0.774414 0.741211
0 0.783203 0.775391 0.783203 0.766602 0.789062 0.766602 0.796875 0.766602 0.798828 0.772461 0.804688 0.776367 0.806641 0.782227 0.807617 0.788086 0.804688 0.793945 0.799805 0.805664 0.794922 0.807617 0.785156 0.806641 0.779297 0.806641 0.770508 0.807617 0.771484 0.799805 0.774414 0.792969 0.777344 0.786133 0.78125 0.77832
0 0.780273 0.826172 0.785156 0.818359 0.788086 0.816406 0.792969 0.816406 0.795898 0.820312 0.798828 0.820312 0.805664 0.822266 0.806641 0.826172 0.807617 0.831055 0.805664 0.84082 0.803711 0.850586 0.798828 0.857422 0.792969 0.860352 0.792969 0.860352 0.785156 0.859375 0.78125 0.857422 0.774414 0.853516 0.771484 0.851562 0.770508 0.84668 0.771484 0.839844 0.774414 0.831055 0.779297 0.830078
0 0.727539 0.833008 0.734375 0.822266 0.738281 0.817383 0.743164 0.817383 0.74707 0.825195 0.757812 0.826172 0.759766 0.833008 0.754883 0.833008 0.748047 0.836914 0.751953 0.842773 0.75293 0.84668 0.74707 0.851562 0.744141 0.854492 0.739258 0.861328 0.736328 0.861328 0.732422 0.861328 0.728516 0.859375 0.725586 0.855469 0.720703 0.851562 0.720703 0.84375 0.72168 0.833984
0 0.731445 0.753906 0.738281 0.75293 0.742188 0.759766 0.748047 0.760742 0.75293 0.757812 0.758789 0.75293 0.760742 0.753906 0.761719 0.761719 0.763672 0.768555 0.768555 0.773438 0.761719 0.786133 0.762695 0.791992 0.761719 0.796875 0.763672 0.801758 0.763672 0.805664 0.759766 0.8125 0.759766 0.8125 0.761719 0.818359 0.754883 0.821289 0.749023 0.822266 0.742188 0.8125 0.735352 0.8125 0.728516 0.8125 0.71875 0.819336 0.713867 0.813477 0.712891 0.807617 0.713867 0.803711 0.71582 0.798828 0.712891 0.792969 0.71875 0.788086 0.720703 0.776367 0.723633 0.770508 0.725586 0.766602 0.72168 0.756836
0 0.71875 0.71582 0.722656 0.708008 0.726562 0.705078 0.729492 0.708984 0.734375 0.708984 0.736328 0.713867 0.743164 0.712891 0.744141 0.717773 0.750977 0.717773 0.751953 0.72168 0.750977 0.725586 0.750977 0.730469 0.75 0.735352 0.754883 0.744141 0.757812 0.749023 0.753906 0.753906 0.749023 0.755859 0.744141 0.754883 0.735352 0.751953 0.728516 0.753906 0.723633 0.749023 0.72168 0.744141 0.71582 0.743164 0.709961 0.738281 0.708008 0.725586
0 0.685547 0.8125 0.693359 0.801758 0.693359 0.793945 0.693359 0.793945 0.689453 0.790039 0.689453 0.78125 0.686523 0.779297 0.679688 0.779297 0.674805 0.779297 0.672852 0.783203 0.672852 0.787109 0.672852 0.790039 0.672852 0.797852 0.672852 0.802734 0.677734 0.803711 0.678711 0.805664 0.674805 0.807617 0.676758 0.8125
0 0.658203 0.754883 0.666992 0.756836 0.669922 0.757812 0.676758 0.759766 0.681641 0.759766 0.6875 0.758789 0.688477 0.753906 0.693359 0.754883 0.694336 0.750977 0.693359 0.746094 0.695312 0.739258 0.688477 0.734375 0.693359 0.732422 0.698242 0.724609 0.698242 0.717773 0.695312 0.713867 0.689453 0.713867 0.676758 0.714844 0.679688 0.710938 0.672852 0.708984 0.666016 0.710938 0.663086 0.722656 0.662109 0.727539 0.663086 0.735352 0.662109 0.740234
0 0.620117 0.775391 0.626953 0.770508 0.626953 0.770508 0.632812 0.768555 0.635742 0.770508 0.644531 0.765625 0.648438 0.765625 0.654297 0.765625 0.655273 0.770508 0.655273 0.782227 0.655273 0.787109 0.655273 0.792969 0.65332 0.798828 0.648438 0.802734 0.648438 0.802734 0.643555 0.803711 0.638672 0.804688 0.636719 0.805664 0.631836 0.808594 0.625 0.804688 0.620117 0.802734 0.614258 0.795898 0.619141 0.792969
0 0.550781 0.799805 0.560547 0.794922 0.569336 0.791992 0.571289 0.780273 0.566406 0.772461 0.563477 0.765625 0.555664 0.766602 0.548828 0.762695 0.544922 0.768555 0.544922 0.775391 0.546875 0.78125 0.541992 0.785156 0.541992 0.791016 0.544922 0.792969
0 0.59375 0.825195 0.599609 0.820312 0.605469 0.819336 0.608398 0.826172 0.609375 0.833984 0.604492 0.841797 0.597656 0.842773 0.595703 0.833008
0 0.56543 0.816406 0.573242 0.81543 0.573242 0.81543 0.583008 0.817383 0.586914 0.828125 0.586914 0.828125 0.587891 0.834961 0.581055 0.84375 0.576172 0.845703 0.569336 0.847656 0.569336 0.847656 0.561523 0.847656 0.556641 0.836914 0.55957 0.831055 0.5625 0.825195
0 0.519531 0.810547 0.525391 0.821289 0.525391 0.822266 0.526367 0.829102 0.526367 0.834961 0.518555 0.84082 0.513672 0.841797 0.509766 0.842773 0.501953 0.841797 0.498047 0.84082 0.493164 0.829102 0.495117 0.821289 0.500977 0.810547 0.507812 0.810547 0.512695 0.804688
0 0.498047 0.779297 0.493164 0.773438 0.5 0.760742 0.5 0.760742 0.514648 0.767578 0.525391 0.767578 0.526367 0.776367 0.52832 0.782227 0.527344 0.788086 0.522461 0.791016 0.517578 0.791992 0.512695 0.796875 0.513672 0.796875 0.5 0.795898 0.499023 0.790039 0.496094 0.788086
0 0.445312 0.805664 0.453125 0.810547 0.453125 0.810547 0.463867 0.80957 0.46582 0.819336 0.467773 0.826172 0.470703 0.832031 0.46875 0.838867 0.461914 0.838867 0.459961 0.844727 0.456055 0.845703 0.446289 0.845703 0.438477 0.842773 0.43457 0.839844 0.4375 0.831055 0.442383 0.820312 0.44043 0.810547
0 0.449219 0.763672 0.455078 0.74707 0.467773 0.750977 0.478516 0.761719 0.485352 0.766602 0.478516 0.776367 0.479492 0.786133 0.479492 0.793945 0.473633 0.793945 0.46582 0.802734 0.459961 0.799805 0.454102 0.791992 0.447266 0.788086 0.445312 0.779297 0.445312 0.772461 0.439453 0.765625 0.444336 0.761719
0 0.427734 0.767578 0.433594 0.760742 0.438477 0.759766 0.44043 0.767578 0.441406 0.77832 0.44043 0.786133 0.435547 0.790039 0.429688 0.791992 0.421875 0.788086 0.419922 0.780273
0 0.386719 0.80957 0.392578 0.805664 0.401367 0.802734 0.411133 0.804688 0.415039 0.810547 0.416016 0.824219 0.416992 0.832031 0.408203 0.839844 0.408203 0.839844 0.399414 0.833008 0.393555 0.839844 0.389648 0.839844 0.384766 0.831055 0.387695 0.826172 0.390625 0.820312 0.384766 0.81543
0 0.356445 0.803711 0.364258 0.804688 0.366211 0.813477 0.367188 0.821289 0.365234 0.828125 0.364258 0.831055 0.364258 0.842773 0.359375 0.844727 0.347656 0.84668 0.338867 0.845703 0.325195 0.833984 0.327148 0.816406 0.328125 0.810547 0.333008 0.80957 0.337891 0.797852 0.345703 0.795898 0.349609 0.793945
0 0.299805 0.802734 0.307617 0.814453 0.306641 0.824219 0.305664 0.836914 0.298828 0.837891 0.292969 0.841797 0.282227 0.839844 0.279297 0.841797 0.271484 0.84082 0.271484 0.833008 0.275391 0.819336 0.276367 0.808594 0.28125 0.801758 0.283203 0.795898 0.287109 0.796875
0 0.222656 0.805664 0.223633 0.821289 0.230469 0.827148 0.226562 0.835938 0.219727 0.84082 0.214844 0.84375 0.206055 0.841797 0.197266 0.829102 0.199219 0.816406 0.202148 0.806641 0.208984 0.804688
0 0.169922 0.808594 0.173828 0.814453 0.176758 0.820312 0.173828 0.827148 0.175781 0.834961 0.169922 0.839844 0.160156 0.836914 0.149414 0.835938 0.146484 0.828125 0.143555 0.814453 0.149414 0.808594 0.149414 0.803711 0.154297 0.801758 0.161133 0.801758
0 0.167969 0.78125 0.174805 0.796875 0.182617 0.795898 0.193359 0.794922 0.204102 0.792969 0.207031 0.789062 0.206055 0.782227 0.209961 0.78125 0.208984 0.772461 0.203125 0.766602 0.204102 0.762695 0.207031 0.758789 0.203125 0.750977 0.201172 0.746094 0.197266 0.743164 0.191406 0.75 0.1875 0.742188 0.181641 0.742188 0.177734 0.745117 0.178711 0.750977 0.176758 0.756836 0.172852 0.760742 0.170898 0.768555
0 0.263672 0.763672 0.265625 0.750977 0.268555 0.75 0.274414 0.753906 0.279297 0.753906 0.28418 0.755859 0.288086 0.761719 0.287109 0.767578 0.28418 0.773438 0.285156 0.779297 0.283203 0.786133 0.277344 0.786133 0.271484 0.789062 0.257812 0.785156 0.254883 0.775391 0.258789 0.766602
0 0.303711 0.756836 0.304688 0.74707 0.307617 0.746094 0.311523 0.74707 0.319336 0.746094 0.323242 0.748047 0.328125 0.753906 0.333008 0.757812 0.336914 0.758789 0.333008 0.770508 0.333008 0.77832 0.329102 0.780273 0.330078 0.78418 0.329102 0.788086 0.333008 0.791992 0.331055 0.797852 0.325195 0.799805 0.316406 0.797852 0.311523 0.794922 0.304688 0.795898 0.299805 0.795898 0.294922 0.785156 0.297852 0.77832 0.307617 0.780273 0.303711 0.764648
0 0.349609 0.762695 0.351562 0.75 0.357422 0.750977 0.365234 0.753906 0.369141 0.758789 0.37793 0.757812 0.381836 0.759766 0.384766 0.764648 0.381836 0.768555 0.381836 0.768555 0.37793 0.771484 0.37793 0.783203 0.375 0.791016 0.368164 0.793945 0.364258 0.793945 0.359375 0.794922 0.358398 0.791016 0.352539 0.789062 0.349609 0.790039 0.342773 0.789062 0.349609 0.783203 0.353516 0.77832 0.358398 0.771484
0 0.458984 0.710938 0.461914 0.696289 0.470703 0.693359 0.478516 0.695312 0.484375 0.700195 0.489258 0.697266 0.492188 0.708008 0.493164 0.717773 0.489258 0.724609 0.490234 0.731445 0.490234 0.737305 0.491211 0.737305 0.485352 0.742188 0.481445 0.743164 0.474609 0.74707 0.46875 0.74707 0.463867 0.744141 0.457031 0.743164 0.453125 0.745117 0.448242 0.744141 0.446289 0.740234 0.451172 0.729492 0.458008 0.726562 0.458008 0.71875
0 0.429688 0.701172 0.431641 0.711914 0.4375 0.719727 0.4375 0.725586 0.436523 0.731445 0.432617 0.740234 0.431641 0.746094 0.431641 0.75293 0.422852 0.75293 0.419922 0.75293 0.407227 0.754883 0.402344 0.75 0.396484 0.749023 0.385742 0.745117 0.383789 0.738281 0.392578 0.738281 0.390625 0.728516 0.395508 0.72168 0.398438 0.709961 0.397461 0.697266 0.404297 0.692383 0.413086 0.691406 0.416016 0.693359 0.422852 0.692383 0.432617 0.695312
0 0.355469 0.704102 0.356445 0.712891 0.361328 0.722656 0.364258 0.734375 0.361328 0.738281 0.357422 0.739258 0.351562 0.74707 0.348633 0.756836 0.338867 0.751953 0.329102 0.75293 0.319336 0.748047 0.324219 0.741211 0.317383 0.735352 0.323242 0.713867 0.324219 0.706055 0.330078 0.700195 0.337891 0.701172 0.34375 0.694336 0.352539 0.697266
0 0.301758 0.708008 0.299805 0.714844 0.303711 0.72168 0.296875 0.729492 0.292969 0.740234 0.291992 0.746094 0.28418 0.745117 0.27832 0.740234 0.273438 0.733398 0.267578 0.725586 0.270508 0.716797 0.276367 0.706055 0.289062 0.702148
0 0.235352 0.699219 0.244141 0.705078 0.251953 0.707031 0.257812 0.709961 0.257812 0.723633 0.250977 0.735352 0.241211 0.740234 0.228516 0.735352 0.226562 0.726562 0.224609 0.717773 0.229492 0.709961 0.229492 0.704102
0 0.206055 0.694336 0.211914 0.708008 0.213867 0.71582 0.210938 0.72168 0.217773 0.725586 0.216797 0.734375 0.216797 0.734375 0.208984 0.736328 0.205078 0.741211 0.196289 0.737305 0.196289 0.737305 0.18457 0.743164 0.168945 0.737305 0.170898 0.724609 0.170898 0.706055 0.179688 0.692383 0.191406 0.689453 0.197266 0.696289
0 0.15332 0.709961 0.15332 0.724609 0.145508 0.734375 0.129883 0.740234 0.121094 0.734375 0.124023 0.71875 0.126953 0.704102 0.126953 0.704102 0.130859 0.695312 0.144531 0.698242
0 0.125 0.668945 0.137695 0.685547 0.144531 0.686523 0.150391 0.677734 0.151367 0.666016 0.147461 0.654297 0.140625 0.650391 0.132812 0.651367 0.125977 0.65625
0 0.195312 0.660156 0.200195 0.649414 0.208008 0.647461 0.217773 0.660156 0.217773 0.669922 0.212891 0.672852 0.212891 0.681641 0.199219 0.682617 0.195312 0.679688
0 0.240234 0.655273 0.25293 0.649414 0.261719 0.654297 0.262695 0.667969 0.262695 0.685547 0.255859 0.691406 0.246094 0.698242 0.239258 0.698242 0.231445 0.674805
0 0.307617 0.658203 0.308594 0.651367 0.321289 0.65332 0.321289 0.664062 0.322266 0.671875 0.326172 0.681641 0.327148 0.686523 0.320312 0.692383 0.31543 0.692383 0.303711 0.699219 0.294922 0.699219 0.296875 0.693359 0.291992 0.68457 0.297852 0.673828
0 0.341797 0.65918 0.348633 0.652344 0.353516 0.65332 0.359375 0.654297 0.366211 0.665039 0.369141 0.668945 0.367188 0.676758 0.358398 0.68457 0.34668 0.693359 0.336914 0.682617 0.335938 0.673828 0.342773 0.669922 0.341797 0.663086
0 0.392578 0.666016 0.398438 0.660156 0.404297 0.65918 0.414062 0.662109 0.414062 0.669922 0.415039 0.673828 0.407227 0.682617 0.407227 0.682617 0.401367 0.6875 0.395508 0.688477 0.392578 0.688477 0.391602 0.681641 0.390625 0.672852
0 0.507812 0.725586 0.510742 0.714844 0.518555 0.713867 0.530273 0.707031 0.533203 0.71875 0.540039 0.71875 0.544922 0.722656 0.543945 0.728516 0.547852 0.733398 0.541016 0.739258 0.536133 0.746094 0.529297 0.748047 0.520508 0.745117 0.515625 0.742188
0 0.445312 0.668945 0.445312 0.646484 0.459961 0.651367 0.46582 0.646484 0.473633 0.65332 0.477539 0.663086 0.480469 0.668945 0.484375 0.673828 0.480469 0.680664 0.475586 0.681641 0.475586 0.681641 0.46875 0.686523 0.46875 0.694336 0.464844 0.700195 0.458984 0.700195 0.453125 0.701172 0.439453 0.689453
0 0.496094 0.663086 0.493164 0.654297 0.499023 0.646484 0.511719 0.648438 0.519531 0.650391 0.520508 0.65918 0.520508 0.669922 0.517578 0.680664 0.517578 0.6875 0.525391 0.6875 0.522461 0.693359 0.507812 0.696289 0.490234 0.6875 0.493164 0.682617 0.490234 0.677734 0.496094 0.672852
0 0.53418 0.658203 0.537109 0.652344 0.541016 0.652344 0.542969 0.657227 0.553711 0.654297 0.5625 0.65918 0.560547 0.669922 0.560547 0.678711 0.563477 0.683594 0.557617 0.689453 0.550781 0.691406 0.545898 0.694336 0.541992 0.698242 0.533203 0.698242 0.526367 0.689453 0.53125 0.682617 0.527344 0.660156
0 0.576172 0.669922 0.586914 0.663086 0.592773 0.670898 0.59668 0.678711 0.59668 0.688477 0.595703 0.693359 0.589844 0.701172 0.580078 0.698242 0.574219 0.688477 0.571289 0.683594 0.573242 0.678711
0 0.623047 0.672852 0.625977 0.663086 0.631836 0.666016 0.635742 0.673828 0.636719 0.676758 0.634766 0.682617 0.634766 0.682617 0.633789 0.6875 0.628906 0.688477 0.621094 0.677734
0 0.592773 0.644531 0.603516 0.650391 0.612305 0.651367 0.619141 0.65332 0.621094 0.647461 0.624023 0.642578 0.626953 0.640625 0.628906 0.634766 0.625 0.628906 0.624023 0.624023 0.618164 0.620117 0.612305 0.618164 0.610352 0.615234 0.604492 0.616211 0.604492 0.623047 0.600586 0.625977 0.594727 0.630859 0.59375 0.636719
0 0.55957 0.614258 0.564453 0.614258 0.574219 0.615234 0.573242 0.62207 0.569336 0.629883 0.5625 0.631836 0.556641 0.625 0.555664 0.617188
0 0.530273 0.618164 0.53418 0.607422 0.543945 0.607422 0.547852 0.614258 0.552734 0.618164 0.550781 0.624023 0.545898 0.625977 0.543945 0.633789 0.536133 0.635742 0.53125 0.636719 0.526367 0.631836
0 0.46875 0.609375 0.476562 0.602539 0.484375 0.603516 0.492188 0.603516 0.496094 0.607422 0.5 0.615234 0.500977 0.624023 0.50293 0.635742 0.498047 0.640625 0.498047 0.640625 0.494141 0.645508 0.488281 0.647461 0.479492 0.647461 0.470703 0.647461 0.46582 0.642578 0.466797 0.630859
0 0.401367 0.600586 0.411133 0.600586 0.419922 0.597656 0.424805 0.608398 0.425781 0.619141 0.421875 0.624023 0.419922 0.62793 0.424805 0.633789 0.422852 0.638672 0.422852 0.638672 0.417969 0.641602 0.410156 0.643555 0.396484 0.638672 0.397461 0.630859 0.395508 0.620117 0.396484 0.606445
0 0.660156 0.668945 0.658203 0.660156 0.660156 0.65332 0.666016 0.65332 0.675781 0.662109 0.679688 0.658203 0.670898 0.651367 0.673828 0.647461 0.692383 0.648438 0.694336 0.661133 0.691406 0.676758 0.694336 0.679688 0.694336 0.685547 0.689453 0.693359 0.685547 0.695312 0.693359 0.697266 0.693359 0.700195 0.696289 0.704102 0.688477 0.710938 0.678711 0.713867 0.671875 0.709961 0.673828 0.705078 0.665039 0.703125 0.65918 0.699219 0.655273 0.689453 0.661133 0.673828
0 0.696289 0.666992 0.701172 0.655273 0.705078 0.654297 0.711914 0.65625 0.716797 0.665039 0.723633 0.668945 0.725586 0.677734 0.725586 0.683594 0.723633 0.6875 0.725586 0.689453 0.725586 0.695312 0.722656 0.702148 0.719727 0.704102 0.714844 0.701172 0.714844 0.701172 0.713867 0.706055 0.709961 0.708984 0.704102 0.708984 0.698242 0.703125 0.693359 0.694336 0.695312 0.69043 0.694336 0.686523 0.695312 0.680664 0.692383 0.672852 0.696289 0.670898
0 0.742188 0.676758 0.74707 0.666992 0.74707 0.666992 0.75293 0.667969 0.758789 0.673828 0.767578 0.68457 0.764648 0.695312 0.763672 0.700195 0.755859 0.702148 0.74707 0.697266
0 0.753906 0.611328 0.764648 0.614258 0.765625 0.624023 0.766602 0.630859 0.766602 0.642578 0.766602 0.650391 0.761719 0.65332 0.753906 0.654297 0.74707 0.657227 0.737305 0.648438 0.742188 0.637695 0.742188 0.62793 0.74707 0.621094 0.748047 0.613281
0 0.71875 0.609375 0.717773 0.618164 0.719727 0.626953 0.720703 0.630859 0.71582 0.637695 0.717773 0.642578 0.716797 0.650391 0.709961 0.651367 0.706055 0.654297 0.694336 0.650391 0.689453 0.62793 0.695312 0.620117 0.700195 0.608398 0.708008 0.608398
0 0.647461 0.615234 0.65625 0.608398 0.666016 0.608398 0.664062 0.621094 0.666992 0.62793 0.664062 0.638672 0.664062 0.649414 0.657227 0.649414 0.646484 0.650391 0.646484 0.650391 0.639648 0.648438 0.635742 0.644531 0.636719 0.629883 0.644531 0.619141
0 0.705078 0.53125 0.703125 0.520508 0.705078 0.511719 0.720703 0.513672 0.720703 0.513672 0.728516 0.521484 0.735352 0.530273 0.733398 0.539062 0.728516 0.543945 0.720703 0.544922 0.723633 0.554688 0.717773 0.557617 0.711914 0.555664 0.700195 0.548828
0 0.723633 0.571289 0.728516 0.558594 0.735352 0.55957 0.743164 0.560547 0.744141 0.570312 0.746094 0.582031 0.746094 0.59082 0.741211 0.597656 0.733398 0.607422 0.726562 0.608398 0.722656 0.610352 0.712891 0.605469 0.712891 0.589844 0.71582 0.577148
0 0.694336 0.571289 0.707031 0.576172 0.713867 0.579102 0.707031 0.591797 0.701172 0.597656 0.693359 0.603516 0.685547 0.600586 0.683594 0.592773 0.685547 0.582031 0.685547 0.582031 0.69043 0.576172
0 0.672852 0.553711 0.671875 0.56543 0.666016 0.569336 0.670898 0.578125 0.676758 0.583008 0.672852 0.589844 0.666992 0.59375 0.667969 0.598633 0.669922 0.604492 0.666016 0.609375 0.655273 0.608398 0.649414 0.613281 0.643555 0.610352 0.638672 0.613281 0.633789 0.608398 0.620117 0.599609 0.620117 0.584961 0.624023 0.576172 0.626953 0.56543 0.631836 0.555664 0.639648 0.555664 0.645508 0.552734
0 0.644531 0.508789 0.65625 0.511719 0.670898 0.508789 0.678711 0.513672 0.675781 0.525391 0.683594 0.533203 0.678711 0.542969 0.680664 0.545898 0.675781 0.552734 0.666992 0.552734 0.647461 0.552734 0.646484 0.544922 0.649414 0.540039 0.644531 0.53418 0.646484 0.525391 0.640625 0.521484
0 0.615234 0.515625 0.617188 0.525391 0.616211 0.537109 0.609375 0.545898 0.609375 0.545898 0.602539 0.546875 0.597656 0.541992 0.599609 0.522461 0.603516 0.515625
0 0.567383 0.545898 0.579102 0.558594 0.583008 0.567383 0.583008 0.579102 0.573242 0.588867 0.560547 0.589844 0.553711 0.582031 0.547852 0.569336 0.554688 0.566406 0.556641 0.556641 0.563477 0.554688
0 0.496094 0.514648 0.498047 0.499023 0.503906 0.501953 0.505859 0.494141 0.512695 0.49707 0.515625 0.500977 0.522461 0.49707 0.527344 0.506836 0.522461 0.521484 0.53125 0.518555 0.533203 0.52832 0.530273 0.542969 0.530273 0.549805 0.512695 0.549805 0.501953 0.546875 0.501953 0.546875 0.492188 0.542969 0.492188 0.542969 0.485352 0.537109 0.484375 0.527344 0.495117 0.521484
0 0.464844 0.513672 0.478516 0.532227 0.479492 0.540039 0.473633 0.543945 0.469727 0.550781 0.459961 0.550781 0.450195 0.549805 0.450195 0.544922 0.44043 0.546875 0.43457 0.544922 0.422852 0.541016 0.412109 0.538086 0.407227 0.53125 0.408203 0.525391 0.414062 0.521484 0.416016 0.513672 0.416992 0.503906 0.426758 0.500977 0.4375 0.504883 0.455078 0.50293 0.460938 0.503906
0 0.46582 0.570312 0.47168 0.553711 0.483398 0.568359 0.485352 0.579102 0.482422 0.584961 0.479492 0.587891 0.478516 0.59082 0.472656 0.59082 0.463867 0.585938 0.462891 0.578125
0 0.430664 0.545898 0.4375 0.566406 0.4375 0.579102 0.435547 0.589844 0.425781 0.589844 0.421875 0.59375 0.414062 0.59375 0.40918 0.594727 0.40332 0.589844 0.407227 0.583008 0.405273 0.569336 0.414062 0.548828 0.419922 0.547852 0.422852 0.543945
0 0.358398 0.599609 0.365234 0.592773 0.37207 0.59375 0.37207 0.600586 0.382812 0.606445 0.382812 0.617188 0.375977 0.623047 0.374023 0.62793 0.383789 0.631836 0.385742 0.634766 0.379883 0.642578 0.373047 0.639648 0.363281 0.638672 0.357422 0.638672 0.34668 0.630859 0.352539 0.623047 0.349609 0.608398
0 0.322266 0.607422 0.329102 0.608398 0.339844 0.610352 0.336914 0.618164 0.337891 0.62207 0.34082 0.626953 0.333008 0.634766 0.335938 0.640625 0.341797 0.639648 0.337891 0.645508 0.333984 0.654297 0.327148 0.649414 0.318359 0.649414 0.31543 0.639648 0.310547 0.636719 0.308594 0.632812 0.310547 0.623047 0.313477 0.609375
0 0.338867 0.558594 0.338867 0.544922 0.350586 0.552734 0.362305 0.558594 0.368164 0.563477 0.37207 0.570312 0.369141 0.577148 0.362305 0.579102 0.359375 0.583008 0.360352 0.587891 0.354492 0.591797 0.34668 0.592773 0.347656 0.592773 0.339844 0.582031 0.332031 0.575195
0 0.31543 0.563477 0.311523 0.573242 0.313477 0.582031 0.30957 0.584961 0.300781 0.584961 0.291016 0.589844 0.28418 0.584961 0.285156 0.575195 0.286133 0.564453 0.301758 0.554688 0.30957 0.551758 0.310547 0.551758
0 0.256836 0.554688 0.266602 0.555664 0.272461 0.567383 0.270508 0.577148 0.268555 0.581055 0.262695 0.582031 0.257812 0.584961 0.250977 0.592773 0.239258 0.580078 0.245117 0.552734
0 0.258789 0.595703 0.268555 0.604492 0.274414 0.611328 0.27832 0.615234 0.277344 0.621094 0.277344 0.621094 0.271484 0.623047 0.276367 0.628906 0.28125 0.632812 0.276367 0.638672 0.269531 0.638672 0.269531 0.644531 0.265625 0.648438 0.262695 0.650391 0.253906 0.644531 0.249023 0.650391 0.244141 0.645508 0.241211 0.635742 0.232422 0.626953 0.238281 0.615234 0.238281 0.604492 0.242188 0.598633 0.248047 0.601562
0 0.214844 0.59668 0.22168 0.59375 0.225586 0.597656 0.22168 0.609375 0.222656 0.620117 0.222656 0.625977 0.216797 0.630859 0.209961 0.636719 0.204102 0.634766 0.203125 0.628906 0.197266 0.629883 0.193359 0.623047 0.198242 0.617188 0.200195 0.606445 0.205078 0.599609 0.207031 0.59082 0.213867 0.589844
0 0.168945 0.595703 0.174805 0.599609 0.173828 0.608398 0.170898 0.611328 0.174805 0.617188 0.174805 0.625 0.175781 0.631836 0.175781 0.631836 0.167969 0.639648 0.160156 0.639648 0.15625 0.643555 0.15625 0.643555 0.147461 0.639648 0.143555 0.62793 0.141602 0.607422 0.145508 0.591797 0.15332 0.592773 0.154297 0.582031 0.166992 0.583984
0 0.148438 0.538086 0.168945 0.542969 0.174805 0.556641 0.171875 0.566406 0.171875 0.573242 0.165039 0.578125 0.165039 0.579102 0.157227 0.582031 0.148438 0.583008 0.139648 0.583008 0.12793 0.574219 0.131836 0.567383 0.134766 0.5625 0.134766 0.552734 0.136719 0.544922 0.140625 0.542969 0.142578 0.541992
0 0.0810547 0.804688 0.0869141 0.795898 0.100586 0.801758 0.110352 0.798828 0.110352 0.808594 0.108398 0.822266 0.112305 0.835938 0.0869141 0.839844 0.0732422 0.833984 0.0742188 0.817383
0 0.0722656 0.744141 0.0820312 0.748047 0.0917969 0.734375 0.100586 0.741211 0.103516 0.75293 0.111328 0.761719 0.108398 0.771484 0.112305 0.776367 0.0976562 0.789062 0.0849609 0.790039 0.0703125 0.780273 0.0634766 0.762695
0 0.0537109 0.722656 0.0546875 0.701172 0.0400391 0.69043 0.0322266 0.689453 0.0263672 0.713867 0.0419922 0.724609
0 0.0615234 0.678711 0.0800781 0.686523 0.0976562 0.674805 0.0927734 0.663086 0.0957031 0.646484 0.0849609 0.638672 0.0722656 0.638672 0.0615234 0.649414 0.0615234 0.665039
0 0.015625 0.680664 0.0263672 0.671875 0.046875 0.666992 0.0439453 0.655273 0.0439453 0.641602 0.0351562 0.629883 0.0166016 0.635742 0.00976562 0.645508 0.0107422 0.645508 0.0126953 0.65918 0.00683594 0.671875
0 0 0.631836 0.015625 0.621094 0.00878906 0.601562 0 0.601562
0 0 0.584961 0.00976562 0.585938 0.0224609 0.55957 0.0185547 0.537109 0.0126953 0.53125 0 0.532227 0 0.581055
0 0.0429688 0.547852 0.0634766 0.548828 0.0712891 0.552734 0.0751953 0.56543 0.0751953 0.573242 0.0732422 0.579102 0.0664062 0.580078 0.0605469 0.584961 0.0605469 0.584961 0.046875 0.583984 0.0380859 0.570312
0 0.963867 0.0126953 0.972656 0 0.979492 0 0.986328 0.00976562 0.991211 0.0205078 0.987305 0.0292969 0.975586 0.0292969 0.963867 0.0234375
