0 0 0.0292969 0.00390625 0.0322266 0.0117188 0.0332031 0.0117188 0.0400391 0.0400391 0.0244141 0.0380859 0.0537109 0.046875 0.046875 0.0507812 0.0576172 0.0654297 0.0419922 0.078125 0.0546875 0.0830078 0.0371094 0.101562 0.0449219 0.0947266 0.0205078 0.109375 0.0224609 0.103516 0.0126953 0.104492 0.0126953 0.115234 0.00878906 0.115234 0 0 0 0 0.00683594 0.015625 0.0117188
0 0.0986328 0.0234375 0.106445 0.0341797 0.09375 0.0517578 0.118164 0.0429688 0.118164 0.0429688 0.119141 0.0576172 0.136719 0.0429688 0.141602 0.0507812 0.141602 0.0507812 0.145508 0.046875 0.152344 0.0488281 0.162109 0.0400391 0.182617 0.0380859 0.169922 0.0234375 0.169922 0.0234375 0.18457 0.0166016 0.168945 0.0126953 0.180664 0 0.106445 0 0.111328 0.00976562 0.0986328 0.0136719
0 0.180664 0 0.198242 0.0146484 0.178711 0.0195312 0.191406 0.0273438 0.166992 0.0517578 0.1875 0.0507812 0.185547 0.0556641 0.197266 0.0546875 0.195312 0.0615234 0.209961 0.0585938 0.206055 0.0859375 0.223633 0.0722656 0.224609 0.0722656 0.232422 0.0966797 0.240234 0.0722656 0.249023 0.0839844 0.253906 0.0742188 0.259766 0.0830078 0.266602 0.0810547 0.261719 0.0615234 0.271484 0.0742188 0.276367 0.0644531 0.288086 0.0566406 0.271484 0.0419922 0.290039 0.0361328 0.287109 0.0175781 0.267578 0.0146484 0.273438 0
0 0.274414 0.0625 0.27832 0.0732422 0.288086 0.0712891 0.283203 0.0791016 0.305664 0.0693359 0.310547 0.0839844 0.323242 0.0771484 0.335938 0.0908203 0.335938 0.0908203 0.341797 0.0761719 0.360352 0.0810547 0.352539 0.0644531 0.368164 0.0673828 0.369141 0.0556641 0.356445 0.046875 0.375977 0.0361328 0.358398 0.0224609 0.362305 0.0078125 0.350586 0 0.298828 0.000976562 0.300781 0.0185547 0.282227 0.0117188 0.285156 0.0273438 0.275391 0.0400391 0.282227 0.0449219
0 0.367188 0.0136719 0.382812 0.0214844 0.376953 0.00488281 0.390625 0.0107422 0.402344 0.0214844 0.40332 0 0.417969 0 0.421875 0.00878906 0.429688 0 0.450195 0 0.438477 0.0195312 0.463867 0.00878906 0.463867 0.00878906 0.46582 0.0166016 0.46582 0.0175781 0.454102 0.0361328 0.480469 0.0449219 0.480469 0.0458984 0.487305 0.0556641 0.47168 0.0625 0.475586 0.0761719 0.456055 0.0742188 0.472656 0.0966797 0.453125 0.0917969 0.446289 0.100586 0.427734 0.0849609 0.419922 0.0986328 0.411133 0.0839844 0.399414 0.0957031 0.400391 0.0957031 0.399414 0.0703125 0.387695 0.0878906 0.355469 0.09375 0.355469 0.09375 0.37207 0.0761719 0.389648 0.0654297 0.369141 0.0615234 0.356445 0.0439453 0.386719 0.0429688 0.370117 0.0292969 0.359375 0.0146484
0 0.484375 0.0302734 0.494141 0.0341797 0.500977 0.0273438 0.512695 0.0322266 0.521484 0.00585938 0.533203 0.0283203 0.549805 0.0214844 0.555664 0.0332031 0.568359 0.0332031 0.567383 0.0419922 0.557617 0.0566406 0.578125 0.0595703 0.577148 0.0683594 0.582031 0.0712891 0.56543 0.0800781 0.584961 0.0957031 0.561523 0.100586 0.556641 0.112305 0.543945 0.108398 0.539062 0.126953 0.52832 0.108398 0.505859 0.117188 0.505859 0.117188 0.505859 0.0996094 0.490234 0.117188 0.47168 0.112305 0.486328 0.0917969 0.475586 0.0849609 0.494141 0.0810547 0.466797 0.0800781 0.46582 0.0703125 0.490234 0.0664062 0.474609 0.0429688
0 0.541016 0.000976562 0.550781 0.00488281 0.542969 0.0136719 0.5625 0.0107422 0.560547 0.0332031 0.579102 0.0214844 0.577148 0.0341797 0.591797 0.0263672 0.597656 0.0322266 0.613281 0.0214844 0.625 0.0078125 0.639648 0
0 0.611328 0.0361328 0.618164 0.0380859 0.625 0.0371094 0.630859 0.0380859 0.631836 0.0429688 0.634766 0.0488281 0.634766 0.0537109 0.633789 0.0595703 0.631836 0.0654297 0.630859 0.0703125 0.626953 0.0742188 0.625977 0.0800781 0.625 0.0898438 0.620117 0.0927734 0.615234 0.0898438 0.607422 0.0830078 0.597656 0.0771484 0.594727 0.0810547 0.589844 0.0820312 0.585938 0.0791016 0.583984 0.0732422 0.581055 0.0683594 0.576172 0.0664062 0.574219 0.0615234 0.578125 0.0576172 0.583984 0.0566406 0.589844 0.0537109 0.592773 0.0488281 0.597656 0.0400391 0.601562 0.0351562
0 0.645508 0 0.648438 0.00488281 0.624023 0.0263672 0.624023 0.0273438 0.655273 0.0224609 0.65625 0.0380859 0.676758 0.0273438 0.678711 0.0449219 0.692383 0.0322266 0.700195 0.0429688 0.706055 0.0253906 0.725586 0.0351562 0.743164 0.0253906 0.738281 0.0107422 0.757812 0.00976562 0.740234 0 0.740234 0.000976562
0 0.685547 0.0341797 0.696289 0.0439453 0.705078 0.0263672 0.720703 0.0380859 0.732422 0.0283203 0.740234 0.0439453 0.759766 0.0371094 0.759766 0.0488281 0.759766 0.0488281 0.754883 0.0615234 0.771484 0.0625 0.783203 0.0703125 0.768555 0.0732422 0.783203 0.0878906 0.768555 0.09375 0.773438 0.108398 0.763672 0.114258 0.765625 0.131836 0.743164 0.119141 0.739258 0.142578 0.717773 0.132812 0.707031 0.140625 0.696289 0.126953 0.678711 0.15625 0.680664 0.124023 0.657227 0.131836 0.633789 0.134766 0.645508 0.111328 0.654297 0.101562 0.633789 0.0966797 0.618164 0.0908203 0.636719 0.0849609 0.630859 0.0732422 0.65625 0.0634766 0.657227 0.0634766 0.641602 0.0488281 0.641602 0.0488281 0.654297 0.0449219 0.65918 0.0380859 0.679688 0.0488281
0 0.783203 0.0263672 0.799805 0.0302734 0.80957 0.0136719 0.817383 0.0214844 0.826172 0.0185547 0.832031 0.0292969 0.832031 0.0302734 0.853516 0.0224609 0.851562 0.0419922 0.870117 0.0380859 0.863281 0.0498047 0.878906 0.0546875 0.866211 0.0654297 0.87207 0.0703125 0.866211 0.0771484 0.87793 0.0878906 0.866211 0.09375 0.875 0.0986328 0.850586 0.106445 0.864258 0.120117 0.855469 0.125 0.850586 0.141602 0.828125 0.125 0.828125 0.131836 0.814453 0.124023 0.822266 0.141602 0.806641 0.133789 0.799805 0.113281 0.797852 0.131836 0.786133 0.125 0.759766 0.15625 0.758789 0.134766 0.772461 0.118164 0.793945 0.0908203 0.769531 0.0996094 0.749023 0.0898438 0.758789 0.0732422 0.773438 0.0751953 0.759766 0.0566406 0.759766 0.0576172 0.756836 0.0371094 0.775391 0.0517578 0.783203 0.0546875 0.78418 0.0546875
0 0.739258 0.0302734 0.738281 0.0458984 0.755859 0.0361328 0.766602 0.0537109 0.77832 0.0419922 0.779297 0.0234375 0.796875 0.0166016 0.827148 0.00488281 0.828125 0 0.742188 0 0.737305 0.0126953 0.730469 0.0205078
0 0.875977 0.0429688 0.882812 0.0380859 0.887695 0.0371094 0.893555 0.0380859 0.898438 0.0410156 0.901367 0.0458984 0.901367 0.0527344 0.900391 0.0644531 0.897461 0.0751953 0.896484 0.0820312 0.892578 0.0927734 0.888672 0.0957031 0.884766 0.0986328 0.880859 0.103516 0.876953 0.106445 0.871094 0.106445 0.866211 0.108398 0.860352 0.116211 0.855469 0.111328 0.850586 0.111328 0.855469 0.0917969 0.869141 0.0673828 0.863281 0.0449219
0 0.931641 0.0205078 0.953125 0.0263672 0.964844 0.0205078 0.983398 0.0253906 1 0.0458984 1 0.114258 0.985352 0.117188 0.96875 0.103516 0.957031 0.113281 0.947266 0.151367 0.94043 0.133789 0.929688 0.143555 0.936523 0.12207 0.907227 0.137695 0.927734 0.120117 0.892578 0.131836 0.914062 0.113281 0.922852 0.100586 0.902344 0.107422 0.883789 0.117188 0.884766 0.117188 0.87207 0.113281 0.882812 0.100586 0.90625 0.0878906 0.894531 0.0800781 0.895508 0.0683594 0.895508 0.0683594 0.911133 0.0664062 0.898438 0.0556641 0.892578 0.0498047 0.917969 0.0488281 0.928711 0.0478516 0.927734 0.0400391 0.914062 0.0439453 0.912109 0.0263672 0.912109 0.0263672
0 0.980469 0.147461 0.987305 0.162109 1 0.182617 0.986328 0.192383 0.980469 0.208008 0.97168 0.211914 0.963867 0.206055 0.962891 0.22168 0.956055 0.226562 0.956055 0.226562 0.948242 0.211914 0.914062 0.226562 0.904297 0.222656 0.879883 0.238281 0.875977 0.231445 0.889648 0.219727 0.87207 0.224609 0.897461 0.199219 0.890625 0.197266 0.886719 0.19043 0.878906 0.185547 0.894531 0.179688 0.897461 0.173828 0.910156 0.169922 0.895508 0.163086 0.875 0.15625 0.886719 0.151367 0.883789 0.142578 0.895508 0.143555 0.901367 0.150391 0.912109 0.155273 0.904297 0.141602 0.916992 0.140625 0.923828 0.144531 0.935547 0.135742 0.949219 0.130859 0.953125 0.139648 0.944336 0.152344 0.951172 0.158203 0.955078 0.145508 0.956055 0.146484 0.961914 0.138672 0.96875 0.146484
0 0.819336 0.163086 0.810547 0.147461 0.805664 0.130859 0.822266 0.131836 0.833984 0.136719 0.833984 0.136719 0.837891 0.149414 0.847656 0.138672 0.862305 0.143555 0.873047 0.151367 0.873047 0.152344 0.880859 0.15625 0.87207 0.168945 0.884766 0.176758 0.884766 0.189453 0.884766 0.200195 0.875 0.203125 0.875 0.203125 0.875977 0.212891 0.867188 0.211914 0.867188 0.225586 0.864258 0.236328 0.850586 0.225586 0.851562 0.237305 0.845703 0.232422 0.845703 0.232422 0.842773 0.244141 0.842773 0.244141 0.837891 0.232422 0.825195 0.242188 0.816406 0.222656 0.804688 0.239258 0.803711 0.22168 0.78418 0.230469 0.779297 0.216797 0.766602 0.220703 0.77832 0.208008 0.803711 0.195312 0.804688 0.195312 0.78125 0.188477 0.790039 0.182617 0.772461 0.174805 0.796875 0.173828 0.800781 0.167969 0.779297 0.149414 0.802734 0.150391
1 0.946289 0.224609 0.957031 0.216797 0.962891 0.214844 0.96875 0.216797 0.973633 0.214844 0.977539 0.211914 0.982422 0.208984 0.988281 0.208008 0.995117 0.208984 1 0.209961 1 0.216797 1 0.3125 1 0.313477 0.986328 0.311523 0.983398 0.306641 0.977539 0.296875 0.972656 0.294922 0.962891 0.291016 0.957031 0.290039 0.950195 0.287109 0.946289 0.28418 0.942383 0.279297 0.941406 0.274414 0.941406 0.269531 0.943359 0.25293 0.938477 0.243164 0.935547 0.238281 0.935547 0.233398 0.939453 0.229492
0 0.59375 0.129883 0.59668 0.135742 0.603516 0.124023 0.608398 0.134766 0.616211 0.129883 0.617188 0.15332 0.634766 0.145508 0.635742 0.151367 0.650391 0.149414 0.65332 0.157227 0.649414 0.162109 0.658203 0.166992 0.645508 0.172852 0.647461 0.179688 0.652344 0.189453 0.650391 0.198242 0.637695 0.198242 0.639648 0.213867 0.629883 0.21582 0.629883 0.21582 0.62207 0.220703 0.611328 0.209961 0.611328 0.230469 0.602539 0.244141 0.59668 0.224609 0.579102 0.242188 0.584961 0.219727 0.55957 0.232422 0.581055 0.208008 0.572266 0.204102 0.557617 0.203125 0.573242 0.193359 0.579102 0.183594 0.584961 0.173828 0.572266 0.169922 0.586914 0.163086 0.583008 0.145508 0.576172 0.129883 0.591797 0.143555 0.597656 0.15332
0 0.520508 0.142578 0.521484 0.110352 0.540039 0.132812 0.541016 0.132812 0.546875 0.109375 0.550781 0.119141 0.55957 0.113281 0.561523 0.124023 0.569336 0.115234 0.571289 0.125977 0.579102 0.12207 0.574219 0.138672 0.586914 0.130859 0.584961 0.138672 0.579102 0.147461 0.587891 0.143555 0.580078 0.154297 0.572266 0.161133 0.584961 0.163086 0.572266 0.169922 0.587891 0.179688 0.579102 0.182617 0.579102 0.182617 0.570312 0.181641 0.576172 0.192383 0.560547 0.188477 0.558594 0.200195 0.55957 0.200195 0.572266 0.219727 0.567383 0.222656 0.558594 0.217773 0.55957 0.223633 0.545898 0.216797 0.547852 0.232422 0.541992 0.22168 0.541016 0.232422 0.535156 0.22168 0.532227 0.238281 0.526367 0.216797 0.525391 0.232422 0.521484 0.216797 0.513672 0.226562 0.513672 0.205078 0.519531 0.189453 0.52832 0.188477 0.530273 0.176758 0.527344 0.162109 0.519531 0.15918
0 0.519531 0.158203 0.523438 0.164062 0.52832 0.166992 0.530273 0.171875 0.53125 0.177734 0.527344 0.186523 0.522461 0.1875 0.516602 0.1875 0.515625 0.193359 0.507812 0.202148 0.504883 0.207031 0.5 0.208984 0.495117 0.208984 0.493164 0.214844 0.488281 0.216797 0.483398 0.21582 0.472656 0.213867 0.467773 0.211914 0.464844 0.208008 0.46582 0.203125 0.470703 0.194336 0.474609 0.191406 0.478516 0.1875 0.481445 0.182617 0.483398 0.177734 0.488281 0.163086 0.486328 0.158203 0.487305 0.152344 0.493164 0.151367 0.498047 0.152344 0.503906 0.150391 0.506836 0.146484 0.511719 0.148438
0 0.436523 0.118164 0.432617 0.0957031 0.448242 0.104492 0.448242 0.104492 0.447266 0.0869141 0.459961 0.101562 0.463867 0.0957031 0.470703 0.105469 0.475586 0.104492 0.475586 0.104492 0.476562 0.118164 0.486328 0.113281 0.489258 0.119141 0.485352 0.125977 0.499023 0.123047 0.496094 0.132812 0.500977 0.138672 0.491211 0.147461 0.481445 0.155273 0.496094 0.166016 0.479492 0.170898 0.485352 0.176758 0.475586 0.178711 0.475586 0.179688 0.479492 0.19043 0.467773 0.194336 0.466797 0.207031 0.458008 0.208984 0.451172 0.228516 0.448242 0.224609 0.446289 0.231445 0.439453 0.211914 0.426758 0.229492 0.426758 0.208984 0.416016 0.224609 0.415039 0.198242 0.392578 0.207031 0.399414 0.193359 0.382812 0.194336 0.397461 0.172852 0.381836 0.166992 0.404297 0.147461 0.40332 0.134766 0.390625 0.123047 0.407227 0.125 0.401367 0.114258 0.417969 0.114258 0.405273 0.0996094 0.419922 0.100586 0.422852 0.0839844
0 0.341797 0.0839844 0.348633 0.103516 0.357422 0.0849609 0.360352 0.0947266 0.366211 0.0957031 0.370117 0.0986328 0.379883 0.0917969 0.381836 0.0966797 0.390625 0.0986328 0.389648 0.102539 0.393555 0.107422 0.383789 0.123047 0.400391 0.12207 0.402344 0.132812 0.386719 0.141602 0.404297 0.15332 0.391602 0.15332 0.397461 0.162109 0.386719 0.163086 0.397461 0.18457 0.383789 0.18457 0.381836 0.200195 0.368164 0.188477 0.366211 0.214844 0.359375 0.207031 0.359375 0.207031 0.354492 0.186523 0.342773 0.212891 0.336914 0.208008 0.337891 0.19043 0.323242 0.210938 0.322266 0.197266 0.333984 0.176758 0.307617 0.196289 0.307617 0.196289 0.311523 0.177734 0.292969 0.183594 0.310547 0.165039 0.288086 0.166016 0.288086 0.166016 0.303711 0.152344 0.291016 0.147461 0.291016 0.148438 0.294922 0.143555 0.293945 0.128906 0.303711 0.128906 0.297852 0.107422 0.30957 0.113281 0.308594 0.0986328 0.322266 0.113281 0.321289 0.0878906 0.333008 0.0966797
1 0.224609 0.0996094 0.235352 0.103516 0.241211 0.101562 0.246094 0.0996094 0.250977 0.0976562 0.254883 0.100586 0.259766 0.102539 0.264648 0.0996094 0.269531 0.0966797 0.275391 0.0957031 0.28125 0.0947266 0.280273 0.0996094 0.275391 0.102539 0.272461 0.107422 0.269531 0.117188 0.273438 0.123047 0.277344 0.126953 0.285156 0.134766 0.290039 0.142578 0.287109 0.147461 0.283203 0.150391 0.28418 0.15625 0.280273 0.15918 0.275391 0.158203 0.269531 0.160156 0.264648 0.162109 0.259766 0.162109 0.251953 0.166016 0.254883 0.170898 0.259766 0.180664 0.255859 0.188477 0.250977 0.186523 0.246094 0.183594 0.241211 0.1875 0.232422 0.192383 0.227539 0.194336 0.222656 0.196289 0.216797 0.196289 0.208984 0.191406 0.200195 0.18457 0.199219 0.178711 0.199219 0.173828 0.201172 0.168945 0.198242 0.165039 0.193359 0.163086 0.18457 0.157227 0.183594 0.151367 0.183594 0.146484 0.18457 0.140625 0.189453 0.140625 0.193359 0.135742 0.193359 0.129883 0.198242 0.118164 0.207031 0.114258 0.211914 0.115234 0.216797 0.111328 0.219727 0.106445
0 0.12207 0.0683594 0.137695 0.0800781 0.147461 0.0615234 0.15332 0.0673828 0.160156 0.0585938 0.166016 0.0761719 0.1875 0.0664062 0.189453 0.0830078 0.21582 0.0810547 0.208984 0.0917969 0.217773 0.0957031 0.188477 0.118164 0.197266 0.124023 0.181641 0.134766 0.183594 0.146484 0.19043 0.180664 0.179688 0.174805 0.179688 0.174805 0.179688 0.185547 0.172852 0.179688 0.172852 0.188477 0.15918 0.166992 0.154297 0.192383 0.142578 0.172852 0.136719 0.189453 0.123047 0.180664 0.123047 0.165039 0.110352 0.163086 0.0986328 0.165039 0.102539 0.151367 0.0917969 0.150391 0.0966797 0.134766 0.0976562 0.112305 0.0966797 0.0820312 0.112305 0.0810547
0 0.0654297 0.0615234 0.0654297 0.0771484 0.078125 0.0693359 0.078125 0.0693359 0.078125 0.0791016 0.0859375 0.0810547 0.0830078 0.0869141 0.09375 0.0927734 0.09375 0.107422 0.0947266 0.12207 0.0878906 0.132812 0.0878906 0.132812 0.0791016 0.145508 0.0693359 0.15332 0.0654297 0.149414 0.0517578 0.144531 0.0361328 0.157227 0.0263672 0.141602 0.0136719 0.130859 0.0107422 0.119141 0.0175781 0.102539 0.00683594 0.0957031 0.015625 0.0869141 0.0322266 0.0673828 0.0488281 0.0585938 0.0517578 0.0634766
0 0.8125 0.25 0.816406 0.251953 0.821289 0.253906 0.829102 0.251953 0.832031 0.255859 0.830078 0.273438 0.836914 0.262695 0.850586 0.261719 0.854492 0.274414 0.844727 0.291992 0.857422 0.291992 0.870117 0.297852 0.870117 0.297852 0.864258 0.307617 0.850586 0.3125 0.865234 0.322266 0.859375 0.333008 0.854492 0.34082 0.84082 0.332031 0.830078 0.324219 0.834961 0.338867 0.828125 0.351562 0.8125 0.341797 0.802734 0.34668 0.786133 0.357422 0.772461 0.357422 0.791016 0.337891 0.783203 0.332031 0.765625 0.333008 0.768555 0.327148 0.754883 0.331055 0.751953 0.324219 0.763672 0.322266 0.764648 0.316406 0.777344 0.308594 0.762695 0.304688 0.75 0.296875 0.755859 0.290039 0.767578 0.289062 0.77832 0.291016 0.779297 0.291016 0.779297 0.280273 0.770508 0.27832 0.764648 0.268555 0.762695 0.261719 0.780273 0.264648 0.78418 0.25293 0.798828 0.257812 0.808594 0.255859
0 0.916992 0.305664 0.905273 0.329102 0.905273 0.342773 0.916016 0.34082 0.916992 0.354492 0.936523 0.339844 0.936523 0.348633 0.948242 0.345703 0.958984 0.34082 0.976562 0.335938 0.964844 0.322266 0.974609 0.3125 0.970703 0.304688 0.953125 0.296875 0.944336 0.288086 0.93457 0.288086
0 0.923828 0.364258 0.935547 0.350586 0.944336 0.34668 0.947266 0.354492 0.958008 0.354492 0.956055 0.370117 0.967773 0.368164 0.973633 0.37207 0.970703 0.382812 0.979492 0.382812 0.975586 0.393555 0.985352 0.402344 0.97168 0.40918 0.97168 0.415039 0.964844 0.418945 0.960938 0.4375 0.939453 0.427734 0.930664 0.438477 0.923828 0.44043 0.918945 0.423828 0.904297 0.441406 0.889648 0.442383 0.893555 0.427734 0.898438 0.416992 0.881836 0.413086 0.894531 0.398438 0.902344 0.388672 0.880859 0.37793 0.870117 0.354492 0.883789 0.357422 0.904297 0.373047 0.899414 0.355469 0.897461 0.336914 0.910156 0.344727
0 0.833008 0.364258 0.835938 0.34668 0.848633 0.34082 0.854492 0.347656 0.854492 0.347656 0.848633 0.363281 0.861328 0.350586 0.875 0.350586 0.874023 0.358398 0.859375 0.375977 0.867188 0.379883 0.880859 0.374023 0.904297 0.385742 0.900391 0.388672 0.879883 0.391602 0.897461 0.397461 0.893555 0.40918 0.876953 0.413086 0.881836 0.428711 0.880859 0.432617 0.875 0.428711 0.874023 0.44043 0.862305 0.431641 0.850586 0.423828 0.853516 0.446289 0.853516 0.446289 0.839844 0.454102 0.836914 0.436523 0.829102 0.424805 0.818359 0.4375 0.805664 0.448242 0.789062 0.449219 0.796875 0.43457 0.811523 0.414062 0.798828 0.414062 0.775391 0.423828 0.759766 0.419922 0.777344 0.413086 0.774414 0.407227 0.78125 0.402344 0.751953 0.397461 0.783203 0.395508 0.757812 0.384766 0.779297 0.382812 0.766602 0.371094 0.771484 0.366211 0.78125 0.371094 0.797852 0.375 0.787109 0.364258 0.782227 0.345703 0.791016 0.338867 0.804688 0.354492 0.811523 0.362305 0.811523 0.345703 0.822266 0.332031 0.828125 0.342773
0 0.916016 0.431641 0.928711 0.447266 0.949219 0.424805 0.951172 0.451172 0.961914 0.455078 0.986328 0.446289 0.988281 0.457031 0.984375 0.459961 0.996094 0.461914 0.993164 0.47168 0.984375 0.478516 0.998047 0.486328 1 0.501953 0.984375 0.499023 0.983398 0.52832 0.975586 0.526367 0.97168 0.538086 0.958008 0.53125 0.949219 0.543945 0.945312 0.557617 0.926758 0.53418 0.912109 0.547852 0.907227 0.538086 0.883789 0.561523 0.886719 0.539062 0.875977 0.535156 0.893555 0.508789 0.866211 0.508789 0.895508 0.487305 0.87793 0.462891 0.90332 0.464844 0.901367 0.444336 0.904297 0.421875
0 0.857422 0.466797 0.874023 0.453125 0.886719 0.455078 0.878906 0.475586 0.879883 0.475586 0.901367 0.480469 0.899414 0.492188 0.883789 0.503906 0.900391 0.527344 0.882812 0.527344 0.871094 0.548828 0.860352 0.555664 0.851562 0.547852 0.849609 0.556641 0.837891 0.550781 0.825195 0.546875 0.813477 0.555664 0.813477 0.544922 0.805664 0.544922 0.810547 0.537109 0.789062 0.537109 0.804688 0.520508 0.792969 0.523438 0.776367 0.518555 0.804688 0.504883 0.779297 0.507812 0.770508 0.504883 0.787109 0.498047 0.77832 0.488281 0.789062 0.485352 0.777344 0.478516 0.789062 0.476562 0.776367 0.469727 0.795898 0.472656 0.795898 0.472656 0.799805 0.477539 0.805664 0.476562 0.795898 0.457031 0.810547 0.460938 0.811523 0.444336 0.823242 0.450195 0.831055 0.456055 0.834961 0.432617 0.84668 0.441406 0.858398 0.457031
0 0.916992 0.543945 0.935547 0.554688 0.9375 0.536133 0.953125 0.525391 0.958008 0.543945 0.977539 0.529297 0.981445 0.543945 0.970703 0.5625 0.981445 0.563477 0.984375 0.570312 0.984375 0.571289 1 0.563477 1 0.595703 0.992188 0.598633 1 0.603516 1 0.639648 0.983398 0.636719 0.982422 0.655273 0.969727 0.640625 0.959961 0.65332 0.956055 0.625977 0.946289 0.637695 0.941406 0.628906 0.927734 0.635742 0.930664 0.610352 0.914062 0.624023 0.910156 0.609375 0.924805 0.59668 0.901367 0.583008 0.916992 0.582031 0.90332 0.566406 0.90332 0.556641 0.913086 0.56543 0.904297 0.547852 0.904297 0.53418
0 0.855469 0.561523 0.874023 0.541016 0.880859 0.543945 0.880859 0.567383 0.900391 0.556641 0.901367 0.556641 0.90918 0.556641 0.905273 0.56543 0.90918 0.570312 0.90918 0.570312 0.905273 0.575195 0.905273 0.576172 0.90918 0.582031 0.893555 0.59082 0.910156 0.599609 0.894531 0.605469 0.882812 0.604492 0.884766 0.616211 0.87793 0.611328 0.879883 0.628906 0.863281 0.613281 0.847656 0.619141 0.844727 0.631836 0.831055 0.630859 0.806641 0.626953 0.821289 0.611328 0.804688 0.606445 0.787109 0.608398 0.78125 0.601562 0.811523 0.591797 0.810547 0.586914 0.800781 0.583984 0.798828 0.578125 0.793945 0.574219 0.774414 0.567383 0.791016 0.570312 0.803711 0.568359 0.794922 0.560547 0.811523 0.560547 0.830078 0.570312 0.828125 0.561523 0.817383 0.548828 0.819336 0.541992 0.84082 0.546875
0 0.898438 0.602539 0.907227 0.603516 0.917969 0.604492 0.922852 0.606445 0.926758 0.609375 0.933594 0.619141 0.936523 0.623047 0.945312 0.628906 0.955078 0.635742 0.957031 0.640625 0.957031 0.645508 0.952148 0.650391 0.947266 0.652344 0.945312 0.657227 0.942383 0.662109 0.942383 0.667969 0.939453 0.672852 0.932617 0.674805 0.923828 0.678711 0.915039 0.682617 0.90918 0.681641 0.904297 0.679688 0.899414 0.678711 0.895508 0.681641 0.890625 0.683594 0.886719 0.678711 0.880859 0.675781 0.87207 0.670898 0.869141 0.675781 0.865234 0.677734 0.855469 0.682617 0.851562 0.679688 0.847656 0.675781 0.845703 0.670898 0.845703 0.665039 0.848633 0.660156 0.850586 0.649414 0.847656 0.644531 0.841797 0.642578 0.832031 0.637695 0.828125 0.633789 0.833984 0.630859 0.838867 0.630859 0.850586 0.62793 0.850586 0.621094 0.853516 0.611328 0.860352 0.611328 0.865234 0.612305 0.875 0.611328 0.885742 0.607422
0 0.954102 0.661133 0.96875 0.640625 0.96875 0.651367 0.981445 0.643555 0.983398 0.664062 0.983398 0.664062 0.999023 0.660156 0.991211 0.675781 0.994141 0.681641 1 0.680664 1 0.723633 0.994141 0.72168 0.982422 0.74707 0.972656 0.736328 0.969727 0.749023 0.948242 0.759766 0.950195 0.734375 0.939453 0.736328 0.923828 0.742188 0.924805 0.730469 0.913086 0.732422 0.927734 0.707031 0.908203 0.702148 0.900391 0.688477 0.928711 0.694336 0.920898 0.683594 0.920898 0.665039 0.935547 0.678711 0.939453 0.652344 0.946289 0.642578
0 0.824219 0.643555 0.828125 0.658203 0.806641 0.657227 0.814453 0.665039 0.814453 0.673828 0.829102 0.680664 0.830078 0.680664 0.80957 0.689453 0.819336 0.699219 0.834961 0.699219 0.817383 0.711914 0.837891 0.714844 0.826172 0.724609 0.84082 0.724609 0.837891 0.732422 0.852539 0.729492 0.875 0.712891 0.87793 0.733398 0.884766 0.731445 0.893555 0.713867 0.911133 0.724609 0.916992 0.725586 0.904297 0.705078 0.918945 0.703125 0.926758 0.694336 0.90918 0.686523 0.917969 0.679688 0.892578 0.675781 0.849609 0.643555 0.849609 0.643555 0.845703 0.651367
0 0.880859 0.735352 0.890625 0.711914 0.893555 0.72168 0.90332 0.708984 0.904297 0.730469 0.916016 0.722656 0.915039 0.739258 0.929688 0.739258 0.929688 0.739258 0.930664 0.749023 0.924805 0.753906 0.935547 0.758789 0.929688 0.769531 0.919922 0.769531 0.916016 0.78418 0.904297 0.78125 0.888672 0.785156 0.875977 0.805664 0.867188 0.811523 0.868164 0.779297 0.854492 0.791016 0.854492 0.791016 0.833984 0.797852 0.844727 0.788086 0.828125 0.782227 0.847656 0.769531 0.816406 0.767578 0.831055 0.762695 0.825195 0.759766 0.834961 0.757812 0.824219 0.749023 0.854492 0.746094 0.851562 0.714844 0.864258 0.722656 0.868164 0.707031
0 0.952148 0.777344 0.959961 0.78125 0.96582 0.782227 0.966797 0.787109 0.96875 0.791992 0.972656 0.796875 0.972656 0.801758 0.970703 0.806641 0.969727 0.811523 0.970703 0.822266 0.969727 0.835938 0.96582 0.838867 0.958984 0.838867 0.948242 0.837891 0.942383 0.835938 0.932617 0.831055 0.916992 0.825195 0.911133 0.825195 0.907227 0.829102 0.901367 0.829102 0.895508 0.828125 0.889648 0.824219 0.884766 0.822266 0.876953 0.814453 0.876953 0.808594 0.876953 0.797852 0.87793 0.792969 0.882812 0.789062 0.887695 0.785156 0.892578 0.78418 0.90332 0.782227 0.913086 0.779297 0.916016 0.775391 0.926758 0.770508 0.93457 0.775391 0.939453 0.777344 0.945312 0.77832
0 0.960938 0.75 0.966797 0.757812 0.992188 0.740234 0.995117 0.754883 0.988281 0.771484 1 0.764648 1 0.78418 1 0.853516 0.980469 0.833008 0.980469 0.833008 0.978516 0.867188 0.960938 0.835938 0.960938 0.805664 0.952148 0.782227 0.932617 0.777344 0.928711 0.753906 0.952148 0.771484
0 0.853516 0.792969 0.879883 0.824219 0.891602 0.816406 0.898438 0.828125 0.917969 0.825195 0.916016 0.835938 0.94043 0.831055 0.928711 0.841797 0.947266 0.84668 0.932617 0.857422 0.936523 0.87793 0.901367 0.862305 0.901367 0.87207 0.889648 0.870117 0.887695 0.882812 0.865234 0.885742 0.865234 0.885742 0.842773 0.880859 0.836914 0.865234 0.814453 0.856445 0.833984 0.850586 0.814453 0.828125 0.833008 0.827148 0.819336 0.806641 0.84668 0.816406 0.842773 0.791992
0 0.87793 0.885742 0.876953 0.897461 0.879883 0.901367 0.889648 0.907227 0.896484 0.90625 0.904297 0.905273 0.90918 0.900391 0.910156 0.894531 0.915039 0.892578 0.919922 0.893555 0.923828 0.896484 0.925781 0.90332 0.925781 0.90918 0.925781 0.914062 0.924805 0.919922 0.930664 0.924805 0.936523 0.926758 0.94043 0.929688 0.943359 0.93457 0.947266 0.9375 0.949219 0.942383 0.954102 0.945312 0.959961 0.946289 0.964844 0.944336 0.975586 0.94043 0.981445 0.9375 0.985352 0.933594 0.991211 0.924805 0.995117 0.920898 1 0.908203 1 0.900391 0.996094 0.878906 0.992188 0.875977 0.988281 0.87207 0.984375 0.869141 0.972656 0.862305 0.962891 0.857422 0.950195 0.856445 0.938477 0.858398 0.93457 0.862305 0.930664 0.865234 0.924805 0.865234 0.919922 0.863281 0.915039 0.862305 0.90918 0.862305 0.898438 0.865234 0.895508 0.869141 0.894531 0.875 0.890625 0.87793 0.887695 0.882812
0 0.874023 0.913086 0.837891 0.911133 0.844727 0.918945 0.818359 0.918945 0.816406 0.931641 0.838867 0.93457 0.821289 0.943359 0.842773 0.947266 0.824219 0.958008 0.856445 0.955078 0.852539 0.961914 0.874023 0.96582 0.875 0.987305 0.885742 0.988281 0.899414 0.975586 0.90332 0.956055 0.90918 0.975586 0.916016 0.993164 0.925781 0.974609 0.929688 0.958008 0.936523 0.975586 0.94043 0.958008 0.96582 0.959961 0.94043 0.946289 0.921875 0.924805 0.910156 0.919922 0.890625 0.925781
0 0.821289 0.947266 0.838867 0.963867 0.868164 0.96582 0.857422 0.974609 0.835938 0.979492 0.837891 0.987305 0.838867 0.987305 0.842773 1 0.827148 1 0.811523 0.977539 0.797852 0.982422 0.77832 0.979492 0.801758 0.969727 0.785156 0.951172 0.806641 0.955078
1 0.564453 0.761719 0.577148 0.750977 0.578125 0.745117 0.582031 0.733398 0.583008 0.728516 0.586914 0.723633 0.588867 0.71875 0.594727 0.716797 0.600586 0.717773 0.606445 0.720703 0.611328 0.720703 0.617188 0.71875 0.621094 0.71582 0.625977 0.713867 0.631836 0.713867 0.648438 0.710938 0.65332 0.713867 0.663086 0.71875 0.667969 0.722656 0.671875 0.728516 0.674805 0.733398 0.679688 0.746094 0.68457 0.750977 0.6875 0.755859 0.69043 0.759766 0.704102 0.77832 0.704102 0.787109 0.702148 0.793945 0.699219 0.797852 0.694336 0.794922 0.689453 0.793945 0.6875 0.798828 0.6875 0.804688 0.691406 0.808594 0.699219 0.80957 0.695312 0.814453 0.689453 0.817383 0.68457 0.817383 0.677734 0.819336 0.673828 0.823242 0.666016 0.830078 0.664062 0.835938 0.65625 0.837891 0.639648 0.844727 0.634766 0.84668 0.628906 0.842773 0.620117 0.836914 0.608398 0.826172 0.603516 0.823242 0.597656 0.820312 0.591797 0.818359 0.575195 0.8125 0.575195 0.807617 0.575195 0.801758 0.580078 0.797852 0.583984 0.793945 0.587891 0.791016 0.59375 0.790039 0.599609 0.790039 0.603516 0.793945 0.605469 0.799805 0.609375 0.803711 0.617188 0.811523 0.623047 0.811523 0.621094 0.806641 0.616211 0.796875 0.615234 0.791016 0.616211 0.786133 0.619141 0.782227 0.624023 0.78125 0.628906 0.782227 0.632812 0.786133 0.641602 0.786133 0.644531 0.782227 0.647461 0.777344 0.65332 0.776367 0.657227 0.772461 0.655273 0.767578 0.650391 0.767578 0.643555 0.766602 0.637695 0.766602 0.635742 0.760742 0.637695 0.755859 0.635742 0.750977 0.630859 0.749023 0.625977 0.749023 0.620117 0.75 0.615234 0.75293 0.614258 0.759766 0.614258 0.770508 0.612305 0.775391 0.605469 0.774414 0.600586 0.773438 0.594727 0.773438 0.589844 0.773438 0.580078 0.777344 0.578125 0.782227 0.578125 0.787109 0.575195 0.791016 0.569336 0.790039 0.568359 0.78418 0.564453 0.774414 0.564453 0.768555
0 0.535156 0.665039 0.543945 0.681641 0.549805 0.678711 0.547852 0.694336 0.563477 0.689453 0.556641 0.703125 0.568359 0.699219 0.583984 0.701172 0.580078 0.709961 0.554688 0.711914 0.542969 0.710938 0.543945 0.710938 0.561523 0.737305 0.558594 0.743164 0.558594 0.743164 0.548828 0.734375 0.540039 0.719727 0.536133 0.734375 0.521484 0.74707 0.517578 0.733398 0.526367 0.728516 0.526367 0.729492 0.52832 0.717773 0.516602 0.720703 0.498047 0.717773 0.498047 0.71875 0.507812 0.712891 0.493164 0.702148 0.524414 0.707031 0.519531 0.700195 0.511719 0.698242 0.50293 0.688477 0.519531 0.694336 0.505859 0.676758 0.519531 0.68457 0.514648 0.666992 0.518555 0.655273 0.529297 0.669922
1 0.655273 0.584961 0.666992 0.583008 0.672852 0.583008 0.677734 0.584961 0.683594 0.588867 0.692383 0.595703 0.703125 0.602539 0.703125 0.608398 0.706055 0.612305 0.708984 0.617188 0.709961 0.62207 0.710938 0.62793 0.708984 0.632812 0.711914 0.637695 0.71582 0.641602 0.716797 0.646484 0.717773 0.65918 0.713867 0.664062 0.708008 0.671875 0.704102 0.675781 0.696289 0.677734 0.691406 0.677734 0.68457 0.678711 0.674805 0.681641 0.668945 0.682617 0.664062 0.680664 0.660156 0.676758 0.657227 0.672852 0.651367 0.670898 0.646484 0.668945 0.640625 0.667969 0.629883 0.664062 0.625 0.660156 0.623047 0.655273 0.623047 0.649414 0.626953 0.638672 0.633789 0.638672 0.644531 0.634766 0.650391 0.633789 0.655273 0.635742 0.65918 0.639648 0.65918 0.644531 0.663086 0.648438 0.672852 0.652344 0.682617 0.65332 0.6875 0.655273 0.692383 0.654297 0.693359 0.648438 0.691406 0.643555 0.686523 0.640625 0.680664 0.639648 0.674805 0.639648 0.669922 0.638672 0.666016 0.634766 0.661133 0.631836 0.657227 0.62793 0.65332 0.623047 0.648438 0.621094 0.644531 0.618164 0.641602 0.613281 0.646484 0.610352 0.650391 0.605469 0.651367 0.600586 0.654297 0.59082
0 0.463867 0.607422 0.481445 0.606445 0.481445 0.611328 0.493164 0.618164 0.480469 0.621094 0.476562 0.632812 0.460938 0.636719 0.450195 0.634766 0.453125 0.619141 0.454102 0.605469
1 0.5 0.563477 0.504883 0.563477 0.510742 0.5625 0.521484 0.560547 0.527344 0.561523 0.532227 0.558594 0.535156 0.549805 0.529297 0.550781 0.519531 0.549805 0.518555 0.544922 0.519531 0.539062 0.512695 0.539062 0.508789 0.542969 0.503906 0.544922 0.49707 0.544922 0.496094 0.539062 0.49707 0.533203 0.500977 0.523438 0.501953 0.517578 0.499023 0.513672 0.495117 0.510742 0.490234 0.508789 0.488281 0.50293 0.488281 0.498047 0.492188 0.494141 0.495117 0.489258 0.5 0.487305 0.503906 0.489258 0.508789 0.493164 0.511719 0.49707 0.516602 0.5 0.522461 0.498047 0.52832 0.49707 0.533203 0.499023 0.536133 0.50293 0.538086 0.507812 0.538086 0.513672 0.533203 0.515625 0.52832 0.515625 0.523438 0.517578 0.520508 0.521484 0.532227 0.520508 0.53418 0.525391 0.536133 0.53125 0.541016 0.530273 0.543945 0.526367 0.542969 0.520508 0.546875 0.514648 0.550781 0.510742 0.556641 0.510742 0.566406 0.512695 0.569336 0.517578 0.572266 0.521484 0.577148 0.523438 0.583984 0.524414 0.599609 0.525391 0.604492 0.525391 0.608398 0.52832 0.618164 0.533203 0.623047 0.538086 0.625 0.542969 0.62793 0.553711 0.628906 0.558594 0.631836 0.568359 0.633789 0.573242 0.638672 0.575195 0.642578 0.579102 0.644531 0.584961 0.644531 0.589844 0.643555 0.595703 0.642578 0.600586 0.640625 0.605469 0.634766 0.614258 0.625 0.621094 0.614258 0.623047 0.610352 0.620117 0.612305 0.615234 0.611328 0.610352 0.605469 0.611328 0.600586 0.614258 0.595703 0.615234 0.589844 0.613281 0.583984 0.604492 0.583008 0.59375 0.583008 0.588867 0.578125 0.585938 0.572266 0.584961 0.568359 0.587891 0.56543 0.591797 0.569336 0.594727 0.572266 0.600586 0.579102 0.609375 0.587891 0.618164 0.583984 0.62207 0.578125 0.623047 0.572266 0.623047 0.568359 0.620117 0.563477 0.618164 0.558594 0.617188 0.552734 0.616211 0.547852 0.616211 0.536133 0.616211 0.53418 0.621094 0.52832 0.621094 0.523438 0.619141 0.518555 0.615234 0.518555 0.609375 0.515625 0.605469 0.512695 0.601562 0.506836 0.603516 0.500977 0.603516 0.5 0.598633 0.495117 0.595703 0.489258 0.594727 0.479492 0.589844 0.476562 0.584961 0.473633 0.580078 0.472656 0.575195 0.475586 0.570312 0.489258 0.566406
1 0.646484 0.453125 0.654297 0.450195 0.65918 0.447266 0.664062 0.445312 0.669922 0.446289 0.679688 0.448242 0.685547 0.448242 0.69043 0.451172 0.694336 0.454102 0.703125 0.460938 0.708008 0.461914 0.713867 0.461914 0.71582 0.466797 0.719727 0.470703 0.714844 0.477539 0.713867 0.483398 0.717773 0.487305 0.722656 0.492188 0.725586 0.496094 0.729492 0.5 0.732422 0.503906 0.731445 0.508789 0.727539 0.513672 0.726562 0.518555 0.72168 0.530273 0.717773 0.533203 0.714844 0.538086 0.708008 0.545898 0.704102 0.550781 0.700195 0.560547 0.695312 0.5625 0.69043 0.563477 0.685547 0.566406 0.681641 0.571289 0.675781 0.572266 0.669922 0.571289 0.664062 0.571289 0.65918 0.569336 0.655273 0.56543 0.652344 0.561523 0.647461 0.552734 0.646484 0.547852 0.643555 0.542969 0.637695 0.541016 0.628906 0.53418 0.620117 0.526367 0.617188 0.522461 0.611328 0.521484 0.608398 0.517578 0.609375 0.511719 0.611328 0.506836 0.614258 0.501953 0.617188 0.49707 0.617188 0.491211 0.621094 0.477539 0.625977 0.475586 0.62793 0.470703 0.628906 0.46582 0.631836 0.461914 0.636719 0.458984
0 0.587891 0.416992 0.59082 0.423828 0.59082 0.433594 0.603516 0.425781 0.603516 0.425781 0.609375 0.431641 0.609375 0.431641 0.597656 0.441406 0.601562 0.450195 0.595703 0.454102 0.586914 0.447266 0.576172 0.456055 0.571289 0.454102 0.570312 0.449219 0.582031 0.435547 0.583008 0.423828
0 0.478516 0.423828 0.492188 0.435547 0.508789 0.429688 0.512695 0.4375 0.517578 0.439453 0.507812 0.450195 0.522461 0.460938 0.511719 0.464844 0.516602 0.472656 0.5 0.469727 0.506836 0.482422 0.499023 0.479492 0.494141 0.483398 0.479492 0.480469 0.478516 0.472656 0.47168 0.482422 0.457031 0.479492 0.47168 0.46582 0.462891 0.458984 0.467773 0.456055 0.460938 0.441406 0.474609 0.442383
0 0.423828 0.493164 0.427734 0.480469 0.435547 0.491211 0.441406 0.505859 0.444336 0.495117 0.455078 0.486328 0.459961 0.499023 0.460938 0.499023 0.459961 0.510742 0.453125 0.522461 0.46875 0.517578 0.489258 0.523438 0.489258 0.524414 0.482422 0.535156 0.472656 0.540039 0.462891 0.542969 0.477539 0.555664 0.488281 0.561523 0.481445 0.56543 0.483398 0.573242 0.474609 0.573242 0.464844 0.573242 0.463867 0.578125 0.458984 0.579102 0.458984 0.589844 0.452148 0.583008 0.448242 0.594727 0.43457 0.584961 0.429688 0.567383 0.429688 0.582031 0.416992 0.583984 0.417969 0.583984 0.421875 0.558594 0.412109 0.570312 0.392578 0.573242 0.398438 0.564453 0.390625 0.560547 0.402344 0.552734 0.407227 0.544922 0.395508 0.546875 0.381836 0.541992 0.402344 0.532227 0.40332 0.532227 0.390625 0.527344 0.388672 0.510742 0.398438 0.505859 0.405273 0.514648 0.408203 0.495117 0.422852 0.503906
0 0.40332 0.40625 0.404297 0.415039 0.420898 0.411133 0.427734 0.415039 0.428711 0.426758 0.432617 0.428711 0.430664 0.430664 0.447266 0.433594 0.448242 0.439453 0.423828 0.442383 0.441406 0.452148 0.433594 0.457031 0.433594 0.458008 0.416992 0.453125 0.422852 0.467773 0.408203 0.46582 0.408203 0.466797 0.402344 0.470703 0.392578 0.464844 0.393555 0.464844 0.392578 0.480469 0.383789 0.488281 0.378906 0.476562 0.387695 0.460938 0.373047 0.464844 0.373047 0.453125 0.365234 0.455078 0.363281 0.442383 0.354492 0.441406 0.347656 0.435547 0.357422 0.430664 0.34668 0.421875 0.353516 0.419922 0.351562 0.413086 0.362305 0.412109 0.361328 0.405273 0.379883 0.422852 0.393555 0.420898
0 0.433594 0.386719 0.44043 0.389648 0.454102 0.387695 0.450195 0.397461 0.446289 0.404297 0.441406 0.411133 0.429688 0.416016 0.417969 0.413086 0.413086 0.405273 0.40918 0.396484 0.416992 0.389648 0.423828 0.395508 0.424805 0.385742
0 0.626953 0.249023 0.633789 0.254883 0.645508 0.259766 0.650391 0.269531 0.658203 0.283203 0.648438 0.287109 0.641602 0.294922 0.643555 0.303711 0.643555 0.303711 0.636719 0.3125 0.624023 0.3125 0.614258 0.310547 0.608398 0.301758 0.616211 0.292969 0.610352 0.280273 0.621094 0.270508 0.613281 0.262695 0.618164 0.253906
0 0 0.206055 0.0107422 0.219727 0.0214844 0.22168 0.0244141 0.232422 0.0341797 0.238281 0.0302734 0.242188 0.0332031 0.250977 0.0205078 0.254883 0.0419922 0.270508 0.0195312 0.269531 0.0214844 0.279297 0.0117188 0.274414 0.0117188 0.286133 0 0.280273
0 0.0644531 0.226562 0.0830078 0.225586 0.0888672 0.209961 0.0976562 0.219727 0.100586 0.208984 0.100586 0.209961 0.107422 0.228516 0.123047 0.213867 0.123047 0.213867 0.123047 0.229492 0.120117 0.24707 0.143555 0.266602 0.135742 0.267578 0.112305 0.266602 0.0898438 0.291992 0.0830078 0.285156 0.0742188 0.291992 0.0791016 0.280273 0.0703125 0.277344 0.0703125 0.27832 0.0556641 0.270508 0.0712891 0.256836 0.0537109 0.25 0.0625 0.242188 0.0732422 0.242188
0 0 0.283203 0.0166016 0.303711 0.0263672 0.318359 0.0263672 0.291016 0.0351562 0.279297 0.0390625 0.288086 0.0517578 0.276367 0.0605469 0.275391 0.0585938 0.294922 0.0537109 0.310547 0.0458984 0.325195 0.0605469 0.308594 0.0810547 0.296875 0.0839844 0.298828 0.0751953 0.30957 0.0566406 0.329102 0.0761719 0.322266 0.0888672 0.326172 0.0791016 0.335938 0.100586 0.337891 0.0849609 0.345703 0.0703125 0.345703 0.0869141 0.352539 0.102539 0.359375 0.100586 0.365234 0.09375 0.365234 0.0976562 0.373047 0.0898438 0.374023 0.0742188 0.371094 0.0742188 0.371094 0.0898438 0.387695 0.0791016 0.390625 0.0664062 0.378906 0.0527344 0.366211 0.0585938 0.385742 0.0615234 0.407227 0.0566406 0.40918 0.0478516 0.397461 0.0439453 0.37793 0.0390625 0.382812 0.0400391 0.382812 0.0292969 0.376953 0.0263672 0.367188 0.0166016 0.378906 0 0.382812 0 0.363281 0.0166016 0.356445 0 0.358398
0 0.119141 0.293945 0.129883 0.282227 0.136719 0.288086 0.145508 0.282227 0.15332 0.276367 0.162109 0.285156 0.173828 0.28125 0.174805 0.294922 0.188477 0.287109 0.19043 0.295898 0.186523 0.301758 0.193359 0.301758 0.192383 0.30957 0.193359 0.30957 0.207031 0.319336 0.208008 0.319336 0.19043 0.328125 0.205078 0.337891 0.199219 0.34668 0.203125 0.362305 0.196289 0.365234 0.199219 0.375977 0.189453 0.378906 0.174805 0.376953 0.167969 0.389648 0.158203 0.395508 0.141602 0.385742 0.131836 0.37793 0.115234 0.381836 0.105469 0.375977 0.112305 0.361328 0.112305 0.362305 0.102539 0.365234 0.110352 0.350586 0.0927734 0.350586 0.0927734 0.342773 0.111328 0.34082 0.109375 0.333984 0.09375 0.333008 0.0898438 0.324219 0.104492 0.324219 0.112305 0.325195 0.0976562 0.3125 0.109375 0.313477 0.119141 0.308594 0.119141 0.30957 0.112305 0.302734
0 0.21875 0.30957 0.209961 0.301758 0.206055 0.290039 0.222656 0.295898 0.235352 0.307617 0.244141 0.310547 0.239258 0.300781 0.232422 0.285156 0.232422 0.272461 0.248047 0.274414 0.258789 0.288086 0.263672 0.280273 0.265625 0.260742 0.270508 0.271484 0.272461 0.285156 0.285156 0.264648 0.290039 0.273438 0.287109 0.286133 0.296875 0.28418 0.310547 0.270508 0.308594 0.288086 0.307617 0.295898 0.322266 0.296875 0.313477 0.310547 0.301758 0.319336 0.318359 0.321289 0.330078 0.322266 0.320312 0.333984 0.320312 0.333984 0.311523 0.335938 0.322266 0.351562 0.307617 0.354492 0.322266 0.367188 0.314453 0.370117 0.30957 0.385742 0.292969 0.37207 0.276367 0.363281 0.277344 0.393555 0.266602 0.387695 0.261719 0.390625 0.253906 0.375977 0.253906 0.349609 0.244141 0.37793 0.223633 0.389648 0.224609 0.389648 0.223633 0.375 0.214844 0.37793 0.21875 0.361328 0.21875 0.361328 0.197266 0.367188 0.214844 0.347656 0.19043 0.347656 0.199219 0.335938 0.21875 0.326172 0.205078 0.314453 0.202148 0.304688
0 0.288086 0.364258 0.291992 0.383789 0.304688 0.373047 0.303711 0.383789 0.325195 0.376953 0.318359 0.391602 0.333008 0.390625 0.331055 0.399414 0.345703 0.414062 0.331055 0.433594 0.34375 0.443359 0.318359 0.453125 0.308594 0.454102 0.318359 0.47168 0.303711 0.469727 0.289062 0.455078 0.268555 0.475586 0.264648 0.460938 0.24707 0.487305 0.241211 0.480469 0.249023 0.462891 0.234375 0.458984 0.245117 0.445312 0.219727 0.443359 0.212891 0.43457 0.224609 0.421875 0.248047 0.415039 0.227539 0.40625 0.21875 0.389648 0.228516 0.390625 0.232422 0.373047 0.244141 0.383789 0.244141 0.384766 0.248047 0.370117 0.257812 0.367188 0.267578 0.379883 0.28418 0.375977
0 0.188477 0.388672 0.212891 0.367188 0.208984 0.379883 0.21875 0.376953 0.213867 0.391602 0.224609 0.392578 0.21582 0.40332 0.234375 0.404297 0.223633 0.415039 0.240234 0.416992 0.234375 0.424805 0.234375 0.424805 0.214844 0.431641 0.230469 0.44043 0.220703 0.443359 0.214844 0.448242 0.241211 0.467773 0.229492 0.46875 0.213867 0.461914 0.223633 0.475586 0.222656 0.480469 0.208008 0.47168 0.208984 0.488281 0.192383 0.474609 0.189453 0.480469 0.176758 0.46875 0.172852 0.495117 0.165039 0.491211 0.165039 0.491211 0.164062 0.5 0.164062 0.500977 0.155273 0.480469 0.143555 0.493164 0.137695 0.494141 0.139648 0.477539 0.120117 0.485352 0.126953 0.475586 0.114258 0.470703 0.12793 0.456055 0.119141 0.454102 0.125977 0.447266 0.108398 0.453125 0.0986328 0.451172 0.114258 0.44043 0.105469 0.43457 0.0986328 0.426758 0.112305 0.420898 0.135742 0.421875 0.120117 0.415039 0.106445 0.402344 0.104492 0.392578 0.104492 0.393555 0.112305 0.399414 0.109375 0.386719 0.12793 0.397461 0.119141 0.379883 0.136719 0.390625 0.137695 0.379883 0.148438 0.390625 0.152344 0.375977 0.161133 0.394531 0.173828 0.37793 0.186523 0.370117
0 0 0.416016 0.0273438 0.423828 0.0361328 0.419922 0.0585938 0.423828 0.0917969 0.423828 0.0771484 0.43457 0.103516 0.450195 0.0888672 0.452148 0.0585938 0.445312 0.0664062 0.467773 0.0644531 0.481445 0.0517578 0.46875 0.0410156 0.449219 0.0273438 0.46582 0.0205078 0.467773 0.0234375 0.453125 0.0400391 0.43457 0.0292969 0.433594 0.0166016 0.429688 0.0175781 0.429688 0 0.420898
0 0.0234375 0.491211 0.0341797 0.494141 0.0302734 0.479492 0.0458984 0.492188 0.0517578 0.481445 0.0556641 0.46582 0.0654297 0.484375 0.0732422 0.459961 0.0800781 0.475586 0.0800781 0.476562 0.0810547 0.492188 0.0976562 0.472656 0.0976562 0.472656 0.0996094 0.487305 0.118164 0.474609 0.117188 0.485352 0.134766 0.479492 0.124023 0.493164 0.138672 0.493164 0.132812 0.504883 0.143555 0.504883 0.137695 0.510742 0.143555 0.515625 0.136719 0.522461 0.152344 0.526367 0.147461 0.535156 0.126953 0.539062 0.140625 0.549805 0.125 0.551758 0.138672 0.575195 0.115234 0.567383 0.111328 0.580078 0.114258 0.59082 0.104492 0.586914 0.0917969 0.583008 0.0830078 0.570312 0.0722656 0.586914 0.0605469 0.594727 0.0595703 0.583984 0.0458984 0.591797 0.0478516 0.579102 0.0302734 0.585938 0.0458984 0.558594 0.0205078 0.561523 0.0292969 0.549805 0.0117188 0.544922 0.0263672 0.537109 0.00878906 0.52832 0.0224609 0.523438 0.0224609 0.516602 0.015625 0.508789 0.0302734 0.508789
0 0.146484 0.494141 0.158203 0.496094 0.166992 0.477539 0.173828 0.485352 0.177734 0.46582 0.185547 0.483398 0.205078 0.466797 0.212891 0.477539 0.207031 0.490234 0.226562 0.475586 0.229492 0.485352 0.226562 0.494141 0.236328 0.492188 0.232422 0.50293 0.227539 0.507812 0.242188 0.507812 0.241211 0.514648 0.21875 0.522461 0.243164 0.541992 0.230469 0.545898 0.235352 0.553711 0.21875 0.551758 0.222656 0.560547 0.217773 0.556641 0.205078 0.569336 0.191406 0.552734 0.180664 0.567383 0.166016 0.576172 0.15625 0.575195 0.162109 0.550781 0.148438 0.554688 0.151367 0.546875 0.12793 0.552734 0.150391 0.538086 0.124023 0.537109 0.137695 0.529297 0.143555 0.517578 0.143555 0.518555 0.134766 0.5 0.129883 0.485352
0 0.237305 0.476562 0.257812 0.485352 0.265625 0.490234 0.268555 0.467773 0.276367 0.47168 0.28418 0.458008 0.295898 0.467773 0.305664 0.472656 0.333984 0.458984 0.336914 0.46875 0.351562 0.464844 0.34668 0.479492 0.342773 0.487305 0.347656 0.496094 0.356445 0.496094 0.356445 0.496094 0.352539 0.505859 0.363281 0.511719 0.359375 0.519531 0.363281 0.525391 0.347656 0.530273 0.361328 0.541992 0.351562 0.545898 0.357422 0.554688 0.34375 0.555664 0.350586 0.568359 0.332031 0.5625 0.333008 0.571289 0.333984 0.571289 0.316406 0.566406 0.31543 0.582031 0.303711 0.56543 0.292969 0.574219 0.288086 0.561523 0.268555 0.582031 0.269531 0.561523 0.258789 0.573242 0.245117 0.576172 0.256836 0.556641 0.242188 0.563477 0.231445 0.5625 0.249023 0.541992 0.234375 0.544922 0.225586 0.540039 0.25 0.523438 0.235352 0.518555 0.224609 0.509766 0.243164 0.506836 0.231445 0.501953 0.225586 0.490234 0.248047 0.499023 0.243164 0.489258 0.234375 0.485352
0 0.334961 0.571289 0.352539 0.558594 0.354492 0.563477 0.361328 0.55957 0.361328 0.569336 0.374023 0.566406 0.370117 0.577148 0.375 0.584961 0.373047 0.592773 0.383789 0.595703 0.385742 0.606445 0.375 0.613281 0.386719 0.619141 0.379883 0.626953 0.379883 0.634766 0.379883 0.634766 0.382812 0.639648 0.375 0.643555 0.373047 0.650391 0.365234 0.650391 0.364258 0.65918 0.34375 0.650391 0.34375 0.650391 0.345703 0.674805 0.34375 0.678711 0.332031 0.668945 0.321289 0.65625 0.310547 0.675781 0.305664 0.651367 0.289062 0.670898 0.294922 0.647461 0.275391 0.661133 0.286133 0.641602 0.269531 0.647461 0.259766 0.644531 0.28125 0.628906 0.263672 0.626953 0.250977 0.619141 0.269531 0.616211 0.25 0.609375 0.271484 0.603516 0.255859 0.59668 0.259766 0.582031 0.27832 0.584961 0.27832 0.584961 0.285156 0.560547 0.295898 0.573242 0.303711 0.561523 0.310547 0.579102 0.321289 0.557617
0 0.217773 0.564453 0.233398 0.554688 0.232422 0.56543 0.227539 0.583008 0.246094 0.578125 0.244141 0.592773 0.260742 0.587891 0.255859 0.600586 0.246094 0.607422 0.269531 0.619141 0.258789 0.625 0.263672 0.632812 0.24707 0.635742 0.256836 0.651367 0.249023 0.658203 0.238281 0.65918 0.223633 0.65625 0.226562 0.672852 0.211914 0.663086 0.211914 0.666992 0.202148 0.664062 0.194336 0.658203 0.180664 0.672852 0.175781 0.670898 0.166992 0.678711 0.163086 0.672852 0.154297 0.677734 0.15625 0.665039 0.147461 0.665039 0.160156 0.650391 0.160156 0.636719 0.143555 0.635742 0.128906 0.62207 0.146484 0.620117 0.131836 0.614258 0.15332 0.606445 0.142578 0.580078 0.15918 0.583984 0.15918 0.571289 0.170898 0.577148 0.171875 0.55957 0.181641 0.569336 0.194336 0.551758 0.200195 0.568359 0.216797 0.553711
0 0.106445 0.591797 0.115234 0.573242 0.129883 0.5625 0.129883 0.575195 0.139648 0.569336 0.140625 0.577148 0.137695 0.588867 0.15625 0.581055 0.154297 0.597656 0.138672 0.612305 0.158203 0.610352 0.152344 0.625 0.140625 0.633789 0.158203 0.646484 0.151367 0.652344 0.133789 0.649414 0.147461 0.666992 0.137695 0.668945 0.125977 0.663086 0.129883 0.682617 0.117188 0.677734 0.108398 0.667969 0.107422 0.685547 0.0917969 0.669922 0.0810547 0.691406 0.0712891 0.69043 0.0703125 0.670898 0.0712891 0.670898 0.0507812 0.682617 0.0566406 0.665039 0.0556641 0.658203 0.0410156 0.661133 0.0488281 0.647461 0.0380859 0.637695 0.0566406 0.623047 0.0390625 0.615234 0.0351562 0.604492 0.0449219 0.602539 0.0371094 0.59082 0.0498047 0.59082 0.0576172 0.583008 0.0595703 0.566406 0.0791016 0.582031 0.0878906 0.569336 0.0878906 0.569336 0.0966797 0.561523
0 0 0.587891 0.0244141 0.570312 0.0224609 0.582031 0.0332031 0.579102 0.0244141 0.605469 0.0429688 0.599609 0.0283203 0.618164 0.0546875 0.619141 0.0546875 0.619141 0.0292969 0.632812 0.0546875 0.638672 0.0488281 0.649414 0.0361328 0.652344 0.0449219 0.662109 0.0263672 0.658203 0.0390625 0.669922 0.0439453 0.676758 0.0390625 0.678711 0.0185547 0.668945 0.0175781 0.685547 0 0.681641
0 0.000976562 0.683594 0.0146484 0.674805 0.0146484 0.674805 0.0253906 0.673828 0.0283203 0.685547 0.0410156 0.669922 0.0429688 0.677734 0.0380859 0.692383 0.0537109 0.681641 0.0458984 0.699219 0.0615234 0.705078 0.0585938 0.719727 0.0527344 0.717773 0.0478516 0.731445 0.0615234 0.737305 0.0498047 0.748047 0.0537109 0.756836 0.0361328 0.757812 0.0361328 0.765625 0.0292969 0.766602 0.0332031 0.773438 0.00976562 0.766602 0 0.768555
0 0.0722656 0.671875 0.0898438 0.68457 0.0927734 0.668945 0.104492 0.657227 0.111328 0.676758 0.129883 0.65918 0.142578 0.663086 0.142578 0.663086 0.134766 0.6875 0.15918 0.670898 0.158203 0.682617 0.154297 0.692383 0.171875 0.683594 0.166992 0.695312 0.166992 0.695312 0.157227 0.704102 0.166016 0.704102 0.166992 0.704102 0.154297 0.717773 0.166992 0.723633 0.178711 0.723633 0.173828 0.733398 0.167969 0.741211 0.147461 0.735352 0.139648 0.733398 0.157227 0.748047 0.163086 0.763672 0.151367 0.763672 0.140625 0.758789 0.149414 0.779297 0.132812 0.769531 0.126953 0.765625 0.116211 0.761719 0.110352 0.78125 0.110352 0.78125 0.100586 0.754883 0.0908203 0.769531 0.0771484 0.775391 0.0820312 0.751953 0.0683594 0.759766 0.0576172 0.760742 0.0791016 0.740234 0.0537109 0.743164 0.0683594 0.732422 0.0488281 0.726562 0.0585938 0.719727 0.0683594 0.716797 0.0664062 0.711914 0.0576172 0.709961 0.0527344 0.698242 0.0644531 0.701172 0.0546875 0.688477 0.0673828 0.692383 0.0673828 0.693359 0.0820312 0.700195
0 0.180664 0.674805 0.191406 0.693359 0.166992 0.6875 0.166992 0.6875 0.174805 0.701172 0.15918 0.702148 0.179688 0.712891 0.165039 0.722656 0.158203 0.738281 0.171875 0.740234 0.183594 0.741211 0.173828 0.751953 0.179688 0.75293 0.179688 0.753906 0.203125 0.746094 0.196289 0.768555 0.210938 0.756836 0.213867 0.773438 0.213867 0.773438 0.220703 0.772461 0.228516 0.779297 0.228516 0.779297 0.231445 0.760742 0.245117 0.770508 0.245117 0.754883 0.245117 0.755859 0.263672 0.764648 0.266602 0.755859 0.271484 0.753906 0.262695 0.743164 0.275391 0.743164 0.270508 0.735352 0.28418 0.734375 0.285156 0.726562 0.273438 0.72168 0.27832 0.713867 0.268555 0.706055 0.280273 0.694336 0.280273 0.682617 0.266602 0.688477 0.273438 0.677734 0.259766 0.681641 0.262695 0.665039 0.250977 0.672852 0.248047 0.654297 0.241211 0.666992 0.230469 0.647461 0.223633 0.663086 0.212891 0.652344 0.208008 0.666016 0.193359 0.660156 0.188477 0.675781 0.188477 0.676758
0 0.302734 0.671875 0.31543 0.680664 0.310547 0.666016 0.316406 0.657227 0.327148 0.666992 0.335938 0.650391 0.342773 0.668945 0.342773 0.668945 0.358398 0.65918 0.370117 0.658203 0.367188 0.668945 0.380859 0.666016 0.380859 0.675781 0.387695 0.676758 0.390625 0.686523 0.382812 0.694336 0.383789 0.694336 0.386719 0.699219 0.397461 0.708984 0.391602 0.711914 0.394531 0.722656 0.388672 0.727539 0.381836 0.732422 0.375977 0.741211 0.376953 0.754883 0.367188 0.749023 0.362305 0.762695 0.362305 0.762695 0.353516 0.751953 0.344727 0.757812 0.338867 0.75 0.336914 0.763672 0.331055 0.767578 0.331055 0.767578 0.322266 0.756836 0.318359 0.749023 0.307617 0.753906 0.307617 0.753906 0.299805 0.74707 0.289062 0.740234 0.295898 0.725586 0.282227 0.725586 0.274414 0.71875 0.287109 0.708984 0.271484 0.701172 0.285156 0.696289 0.27832 0.68457 0.293945 0.681641 0.291016 0.664062
0 0.450195 0.755859 0.458008 0.766602 0.46582 0.757812 0.470703 0.768555 0.480469 0.763672 0.483398 0.773438 0.476562 0.786133 0.489258 0.786133 0.490234 0.796875 0.482422 0.797852 0.491211 0.804688 0.487305 0.811523 0.466797 0.811523 0.466797 0.811523 0.472656 0.84082 0.459961 0.834961 0.454102 0.816406 0.451172 0.823242 0.44043 0.84082 0.426758 0.833008 0.438477 0.814453 0.425781 0.818359 0.418945 0.824219 0.416016 0.800781 0.4375 0.798828 0.43457 0.779297 0.443359 0.785156 0.443359 0.785156 0.4375 0.764648
0 0.479492 0.856445 0.489258 0.865234 0.499023 0.876953 0.506836 0.882812 0.498047 0.892578 0.501953 0.898438 0.494141 0.90625 0.493164 0.924805 0.481445 0.924805 0.477539 0.9375 0.460938 0.918945 0.451172 0.921875 0.449219 0.90625 0.458984 0.895508 0.456055 0.868164 0.46582 0.875 0.47168 0.853516 0.476562 0.869141
0 0.500977 0.935547 0.505859 0.946289 0.504883 0.976562 0.509766 0.970703 0.516602 0.956055 0.521484 0.973633 0.532227 0.975586 0.554688 0.964844 0.554688 0.973633 0.53125 0.985352 0.541016 0.989258 0.544922 0.983398 0.547852 0.986328 0.560547 0.987305 0.556641 0.996094 0.548828 0.99707 0.547852 1 0.462891 1 0.461914 0.995117 0.442383 0.985352 0.467773 0.982422 0.448242 0.964844 0.476562 0.974609 0.482422 0.973633 0.461914 0.957031 0.467773 0.954102 0.487305 0.969727 0.489258 0.963867 0.487305 0.951172 0.495117 0.957031 0.5 0.96875 0.5 0.957031 0.492188 0.939453
0 0.342773 0.976562 0.347656 0.981445 0.347656 0.981445 0.34375 0.963867 0.351562 0.97168 0.353516 0.958984 0.358398 0.964844 0.362305 0.950195 0.366211 0.958008 0.369141 0.944336 0.37793 0.958984 0.386719 0.94043 0.398438 0.953125 0.413086 0.948242 0.413086 0.960938 0.426758 0.956055 0.421875 0.97168 0.429688 0.96875 0.443359 0.974609 0.430664 0.987305 0.435547 1 0.34375 1 0.341797 0.992188
0 0.327148 0.874023 0.335938 0.87793 0.336914 0.869141 0.348633 0.875977 0.360352 0.881836 0.362305 0.860352 0.37207 0.860352 0.37207 0.860352 0.376953 0.868164 0.380859 0.859375 0.386719 0.871094 0.394531 0.853516 0.400391 0.857422 0.402344 0.870117 0.40918 0.866211 0.414062 0.878906 0.415039 0.893555 0.428711 0.891602 0.431641 0.897461 0.425781 0.910156 0.427734 0.916992 0.427734 0.916992 0.416016 0.924805 0.422852 0.9375 0.411133 0.929688 0.420898 0.951172 0.404297 0.946289 0.40332 0.954102 0.388672 0.938477 0.381836 0.958984 0.369141 0.955078 0.366211 0.942383 0.356445 0.953125 0.342773 0.956055 0.335938 0.947266 0.342773 0.936523 0.351562 0.926758 0.34668 0.922852 0.334961 0.929688 0.324219 0.926758 0.320312 0.910156 0.329102 0.898438 0.339844 0.908203 0.342773 0.899414 0.320312 0.892578 0.319336 0.875977
0 0.355469 0.761719 0.364258 0.745117 0.371094 0.761719 0.383789 0.75293 0.405273 0.753906 0.399414 0.771484 0.414062 0.766602 0.410156 0.783203 0.418945 0.78125 0.415039 0.791992 0.421875 0.795898 0.427734 0.803711 0.418945 0.8125 0.428711 0.817383 0.413086 0.832031 0.396484 0.830078 0.40625 0.844727 0.396484 0.845703 0.40332 0.858398 0.389648 0.855469 0.392578 0.868164 0.375 0.860352 0.362305 0.845703 0.360352 0.865234 0.350586 0.875977 0.350586 0.875977 0.344727 0.855469 0.349609 0.833984 0.333008 0.845703 0.314453 0.857422 0.321289 0.84082 0.336914 0.820312 0.31543 0.828125 0.298828 0.831055 0.311523 0.81543 0.294922 0.816406 0.294922 0.816406 0.287109 0.801758 0.324219 0.799805 0.301758 0.791992 0.301758 0.791992 0.290039 0.783203 0.308594 0.783203 0.299805 0.770508 0.318359 0.776367 0.310547 0.763672 0.314453 0.753906 0.323242 0.763672 0.323242 0.763672 0.327148 0.754883 0.335938 0.764648 0.344727 0.740234
0 0.251953 0.773438 0.264648 0.762695 0.263672 0.771484 0.271484 0.767578 0.279297 0.769531 0.28125 0.777344 0.289062 0.774414 0.288086 0.783203 0.277344 0.796875 0.27832 0.801758 0.302734 0.800781 0.3125 0.803711 0.303711 0.813477 0.271484 0.820312 0.28418 0.826172 0.295898 0.828125 0.296875 0.835938 0.291016 0.84082 0.298828 0.845703 0.292969 0.849609 0.276367 0.845703 0.280273 0.862305 0.272461 0.860352 0.269531 0.867188 0.253906 0.854492 0.253906 0.870117 0.254883 0.870117 0.241211 0.875 0.239258 0.860352 0.21875 0.875 0.21875 0.875977 0.21582 0.855469 0.196289 0.855469 0.210938 0.844727 0.189453 0.835938 0.202148 0.827148 0.200195 0.820312 0.192383 0.81543 0.189453 0.802734 0.198242 0.802734 0.191406 0.786133 0.201172 0.791992 0.202148 0.791992 0.199219 0.775391 0.199219 0.776367 0.209961 0.782227 0.210938 0.764648 0.21875 0.77832 0.223633 0.760742 0.233398 0.775391 0.246094 0.756836
0 0.149414 0.77832 0.167969 0.760742 0.167969 0.760742 0.167969 0.773438 0.167969 0.773438 0.162109 0.786133 0.175781 0.776367 0.175781 0.786133 0.174805 0.791992 0.196289 0.787109 0.197266 0.787109 0.19043 0.798828 0.180664 0.807617 0.198242 0.810547 0.194336 0.819336 0.189453 0.822266 0.205078 0.825195 0.198242 0.831055 0.175781 0.833984 0.188477 0.845703 0.189453 0.845703 0.185547 0.852539 0.178711 0.853516 0.189453 0.862305 0.186523 0.867188 0.169922 0.857422 0.179688 0.87207 0.174805 0.875977 0.150391 0.866211 0.150391 0.888672 0.142578 0.879883 0.140625 0.893555 0.131836 0.889648 0.130859 0.87793 0.125 0.868164 0.116211 0.886719 0.106445 0.87793 0.106445 0.869141 0.0908203 0.879883 0.0927734 0.869141 0.0791016 0.869141 0.078125 0.855469 0.0966797 0.841797 0.0791016 0.84375 0.0703125 0.836914 0.0830078 0.831055 0.0556641 0.827148 0.0517578 0.8125 0.0761719 0.8125 0.0761719 0.8125 0.0732422 0.802734 0.0791016 0.800781 0.0751953 0.787109 0.0917969 0.792969 0.0869141 0.774414 0.102539 0.786133 0.103516 0.771484 0.114258 0.783203 0.119141 0.758789 0.119141 0.758789 0.132812 0.779297 0.141602 0.768555
0 0 0.762695 0.00878906 0.760742 0.0126953 0.767578 0.0205078 0.760742 0.0253906 0.764648 0.0380859 0.754883 0.0458984 0.759766 0.0458984 0.770508 0.0556641 0.761719 0.0517578 0.772461 0.0605469 0.768555 0.0585938 0.775391 0.0625 0.77832 0.0585938 0.788086 0.0751953 0.78125 0.0712891 0.790039 0.0664062 0.799805 0.0664062 0.800781 0.0722656 0.804688 0.0673828 0.816406 0.0732422 0.829102 0.0634766 0.833008 0.078125 0.847656 0.0742188 0.856445 0.0605469 0.851562 0.0673828 0.865234 0.0605469 0.866211 0.0439453 0.858398 0.0410156 0.87793 0.0410156 0.87793 0.0244141 0.861328 0.0205078 0.87793 0.0136719 0.881836 0.00878906 0.868164 0 0.87793
0 0.00488281 0.875 0.0195312 0.885742 0.0253906 0.87793 0.0390625 0.860352 0.0517578 0.871094 0.0537109 0.892578 0.0722656 0.883789 0.0917969 0.870117 0.0996094 0.878906 0.0878906 0.901367 0.104492 0.897461 0.114258 0.90625 0.105469 0.917969 0.112305 0.922852 0.105469 0.938477 0.0810547 0.941406 0.078125 0.948242 0.0917969 0.964844 0.0888672 0.97168 0.0644531 0.962891 0.0576172 0.959961 0.0615234 0.977539 0.0566406 0.996094 0.0507812 0.981445 0.0419922 0.988281 0.0341797 0.974609 0.0185547 0.984375 0.0117188 0.989258 0.0166016 0.973633 0 0.982422 0 0.879883 0.0078125 0.884766
0 0.110352 0.978516 0.109375 0.962891 0.123047 0.970703 0.123047 0.956055 0.125977 0.9375 0.136719 0.951172 0.144531 0.939453 0.146484 0.927734 0.154297 0.93457 0.155273 0.93457 0.166016 0.916016 0.172852 0.929688 0.181641 0.920898 0.192383 0.93457 0.202148 0.929688 0.208984 0.949219 0.22168 0.950195 0.216797 0.969727 0.228516 0.966797 0.222656 0.981445 0.209961 0.991211 0.229492 1 0.101562 1 0.101562 0.982422 0.102539 0.982422
0 0.288086 0.855469 0.297852 0.842773 0.297852 0.864258 0.295898 0.874023 0.295898 0.874023 0.313477 0.864258 0.314453 0.864258 0.317383 0.871094 0.30957 0.884766 0.322266 0.884766 0.320312 0.893555 0.3125 0.904297 0.322266 0.916992 0.322266 0.916992 0.310547 0.929688 0.304688 0.929688 0.31543 0.939453 0.30957 0.947266 0.290039 0.94043 0.297852 0.961914 0.286133 0.956055 0.27832 0.977539 0.27832 0.977539 0.271484 0.963867 0.264648 0.969727 0.260742 0.960938 0.260742 0.961914 0.254883 0.970703 0.245117 0.970703 0.249023 0.959961 0.25 0.945312 0.243164 0.958984 0.22168 0.961914 0.228516 0.951172 0.217773 0.948242 0.217773 0.939453 0.225586 0.933594 0.210938 0.930664 0.203125 0.915039 0.196289 0.90332 0.193359 0.891602 0.200195 0.894531 0.200195 0.884766 0.208008 0.881836 0.207031 0.864258 0.21875 0.868164 0.239258 0.882812 0.227539 0.868164 0.226562 0.855469 0.244141 0.870117 0.244141 0.853516 0.256836 0.844727 0.264648 0.866211 0.27832 0.851562
0 0.210938 1 0.210938 0.987305 0.219727 0.991211 0.216797 0.977539 0.226562 0.983398 0.223633 0.969727 0.232422 0.972656 0.231445 0.962891 0.250977 0.976562 0.24707 0.961914 0.259766 0.96875 0.271484 0.950195 0.285156 0.962891 0.308594 0.936523 0.306641 0.951172 0.319336 0.951172 0.313477 0.973633 0.337891 0.961914 0.338867 0.973633 0.333008 0.982422 0.347656 0.980469 0.351562 1
