1 0 0 0.163013 0 0.137152 0.0174053 0.11405 0.0287842 0.106445 0.0478516 0.136719 0.0527344 0.160255 0.0353359 0.156462 0.00912988 0.172323 0 0.187839 0.00223437 0.211286 0.0160264 0.208984 0.0332031 0.216803 0.0422314 0.287924 0.129525 0.307637 0.149237 0.306027 0.179007 0.30957 0.191406 0.318359 0.188477 0.329102 0.195312 0.322266 0.201172 0.313477 0.212891 0.304688 0.223633 0.301758 0.238281 0.294922 0.253906 0.282227 0.253906 0.280273 0.27832 0.271484 0.280273 0.262695 0.277344 0.249023 0.266602 0.240052 0.258259 0.216719 0.234523 0.186145 0.193892 0.166432 0.165329 0.143099 0.146823 0.120973 0.152456 0.104076 0.1601 0.0927734 0.179688 0.0810547 0.208984 0.0527344 0.211914 0 0.149366
0 0.000426758 0.240083 0.0175869 0.237795 0.0305527 0.237414 0.0389424 0.245613 0.0448535 0.257054 0.0431367 0.274786 0.0355098 0.29004 0.0295996 0.301099 0.0206377 0.30434 0.0109131 0.307963 0 0.309679 0 0.313302
0 0.000998047 0.307772 0.0158711 0.305675 0.0208281 0.307772 0.0242607 0.329699 0.0282646 0.339233 0.037417 0.348386 0.0383701 0.354105 0.0320781 0.355631 0.0225439 0.353725 0.0164424 0.347051 0.00671875 0.335038 0 0.325314
0 0.119578 0.209741 0.112249 0.208776 0.103377 0.202025 0.100966 0.191321 0.105787 0.18216 0.115142 0.176181 0.125171 0.177916 0.13443 0.186403 0.13443 0.197687 0.131536 0.206559 0.127679 0.209451
1 0.142227 0.243603 0.129722 0.232384 0.129254 0.218243 0.138954 0.208426 0.153913 0.212867 0.16934 0.223151 0.179857 0.237292 0.192012 0.245473 0.197622 0.256692 0.198089 0.268496 0.193063 0.280533 0.183364 0.29035 0.174131 0.3004 0.166418 0.309983 0.160691 0.318982 0.152628 0.322723 0.145148 0.321437 0.135682 0.316996 0.122943 0.311386 0.11897 0.304842 0.117217 0.291051 0.126566 0.281001 0.140941 0.2706
0 0.130546 0.263536 0.122267 0.261415 0.115629 0.255667 0.117545 0.246019 0.125277 0.243692 0.133352 0.246361 0.134926 0.252451 0.134721 0.258062
0 0 0.408766 0.0141152 0.403354 0.0283818 0.404215 0.0371143 0.41307 0.0350234 0.428936 0.0265371 0.434963 0.0169443 0.44185 0.0105488 0.446646 0.00107813 0.449968 0 0.449599
0 0.0273984 0.427583 0.0404355 0.425984 0.051627 0.4373 0.0494131 0.451936 0.0371143 0.462267 0.0240771 0.460913 0.0152227 0.456854 0.01104 0.447385 0.0131309 0.438406
0 0.0287832 0.477988 0.0228994 0.477988 0.0173105 0.472913 0.0184873 0.462616 0.0255479 0.459602 0.0340059 0.463205 0.0347412 0.469604
0 0.0698437 0.476639 0.0629932 0.474383 0.0538857 0.46962 0.0506279 0.461015 0.0555576 0.454331 0.0672539 0.453913 0.0757754 0.458509 0.0809551 0.463187 0.0800361 0.471041 0.0766943 0.474968
0 0.0579355 0.423606 0.0484189 0.424087 0.0417861 0.417551 0.0421709 0.403709 0.052168 0.394 0.0616846 0.392174 0.0701436 0.399672 0.0700469 0.410438 0.0665869 0.417646
0 0.181949 0.356087 0.173717 0.357917 0.164701 0.35661 0.15647 0.345634 0.159866 0.327603 0.170059 0.311923 0.187567 0.306827 0.199065 0.313491 0.203639 0.326558 0.19998 0.342629 0.193056 0.349293
0 0.224304 0.372023 0.216201 0.37299 0.206285 0.366702 0.203745 0.352795 0.214871 0.343726 0.226844 0.340823 0.240509 0.352433 0.241477 0.360172 0.238332 0.368032
0 0.2287 0.446688 0.221102 0.450107 0.210463 0.447068 0.206094 0.43681 0.210748 0.424937 0.219297 0.417812 0.226516 0.414868 0.232595 0.425507 0.234304 0.43491 0.230979 0.441084
0 0.216611 0.497915 0.208617 0.498779 0.20138 0.498671 0.200083 0.487868 0.204404 0.472096 0.215531 0.467883 0.222121 0.46972 0.22655 0.477605 0.223417 0.487437
0 0.248041 0.415466 0.244524 0.415061 0.239656 0.408569 0.244297 0.401185 0.251005 0.403683 0.255572 0.407108 0.256144 0.412317 0.252289 0.415101
0 0.342715 0.523997 0.334855 0.523551 0.328604 0.51453 0.329407 0.50158 0.335838 0.493452 0.347448 0.489612 0.354326 0.492738 0.355486 0.502741 0.351468 0.513548
0 0.296928 0.566768 0.289259 0.567301 0.281803 0.561229 0.280845 0.548021 0.287555 0.540352 0.299059 0.540139 0.307153 0.548234 0.308112 0.556116
0 0.414371 0.348719 0.4061 0.353045 0.397829 0.345156 0.401646 0.331795 0.413353 0.321487 0.423405 0.321487 0.426078 0.327214 0.425187 0.336503
0 0.397829 0.347191 0.386249 0.344774 0.379251 0.336503 0.378487 0.325051 0.384341 0.314871 0.397319 0.31767 0.402919 0.327469 0.402664 0.332177
0 0.463093 0.28183 0.454634 0.28418 0.444452 0.280107 0.439282 0.267889 0.449621 0.256454 0.460899 0.253321 0.469045 0.261153 0.469201 0.271648
0 0.49189 0.267365 0.484314 0.26552 0.476352 0.256585 0.476448 0.246291 0.483829 0.239785 0.496842 0.237843 0.505971 0.240271 0.508302 0.250176 0.505291 0.259596
0 0.351153 0.252118 0.344896 0.25203 0.336524 0.245156 0.335291 0.234229 0.341283 0.22718 0.352387 0.225329 0.360054 0.234054 0.357233 0.245773
0 0.374936 0.226623 0.369384 0.227702 0.362906 0.223538 0.359976 0.216367 0.362058 0.208193 0.373008 0.204723 0.382262 0.207808 0.386426 0.213899 0.384267 0.219374
0 0.382724 0.240657 0.378021 0.241043 0.371234 0.238729 0.368535 0.231635 0.374396 0.226083 0.381259 0.223152 0.387428 0.226237 0.388122 0.234025
0 0.476444 0.153622 0.464028 0.153415 0.453267 0.136031 0.460303 0.120097 0.474996 0.112233 0.488861 0.122994 0.491759 0.139136
0 0.596678 0.0771074 0.586962 0.0751641 0.581375 0.0655693 0.585262 0.0554893 0.593642 0.0520889 0.601414 0.0586465 0.603236 0.066541
1 0.643527 0.139482 0.62808 0.139664 0.614258 0.142578 0.600586 0.125977 0.607544 0.111312 0.612814 0.0931396 0.629883 0.0927734 0.641602 0.0927734 0.655341 0.0915039 0.664973 0.104952 0.661883 0.123308
0 0.674208 0.0876982 0.664502 0.0859414 0.659649 0.0773232 0.66559 0.0689561 0.677054 0.0683701 0.683663 0.0738086 0.6845 0.0830967
0 0.696717 0.0968193 0.689103 0.0965684 0.684668 0.0861084 0.688182 0.0779092 0.695713 0.0708799 0.70408 0.0720518 0.707762 0.0763193 0.707009 0.0859414
0 0.721408 0.109473 0.713516 0.107571 0.708285 0.099583 0.711043 0.0926406 0.719222 0.0894072 0.727305 0.0922607 0.72778 0.0999629
0 0.687063 0.151854 0.678603 0.148018 0.673781 0.1369 0.682931 0.127456 0.692179 0.128932 0.694146 0.142509 0.691982 0.147428
0 0.78986 0.192279 0.777759 0.190479 0.769657 0.182678 0.772858 0.168876 0.78426 0.159975 0.795361 0.159475 0.801662 0.168776 0.799262 0.179178
0 0.544939 0.2518 0.536545 0.253186 0.528069 0.248621 0.52864 0.235174 0.541436 0.231263 0.551459 0.232566 0.553741 0.241612 0.551867 0.24748
0 0.591626 0.300609 0.580034 0.300072 0.566081 0.290949 0.563076 0.277318 0.576277 0.270986 0.590123 0.271522 0.604505 0.27968 0.607081 0.294062
0 0.657407 0.300931 0.646823 0.301628 0.640892 0.293603 0.645776 0.278832 0.657407 0.270807 0.67576 0.268854 0.676676 0.279574 0.669805 0.290844 0.662291 0.296523
0 0.639478 0.321474 0.632271 0.322862 0.624468 0.320614 0.621029 0.308646 0.625922 0.302496 0.635378 0.295884 0.644635 0.295619 0.645495 0.307191 0.642718 0.317109
0 0.618933 0.347916 0.609526 0.346648 0.603122 0.342179 0.603389 0.333105 0.608926 0.328836 0.617465 0.326435 0.626005 0.332506 0.625004 0.341778
0 0.598949 0.374114 0.59142 0.374186 0.584536 0.370601 0.580305 0.360634 0.588408 0.348802 0.597013 0.347009 0.603538 0.351024 0.606693 0.35963 0.605259 0.367016
0 0.525141 0.420893 0.509844 0.419234 0.499708 0.403754 0.500998 0.389748 0.514268 0.382192 0.535645 0.391223 0.537119 0.403569 0.53675 0.411862
0 0.559648 0.46603 0.546331 0.464954 0.535838 0.453922 0.536376 0.441681 0.548079 0.433878 0.560591 0.434819 0.566375 0.447868 0.565837 0.454326
0 0.463271 0.339316 0.455914 0.340643 0.447834 0.334251 0.448316 0.322432 0.456759 0.316281 0.466647 0.315558 0.470266 0.32605
0 0.474849 0.357648 0.467975 0.356804 0.458206 0.348603 0.457844 0.339075 0.465201 0.33003 0.478226 0.327377 0.491251 0.337146 0.500778 0.344141 0.500778 0.354754 0.49523 0.356684
0 1 0.31781 0.99047 0.318966 0.977107 0.312927 0.971068 0.294811 0.978649 0.28299 0.995352 0.277466 1 0.277209
0 0.903878 0.410173 0.89595 0.409667 0.893504 0.401232 0.894179 0.389594 0.904131 0.385799 0.911637 0.388244 0.912649 0.397606
0 0.889203 0.397269 0.88389 0.397606 0.877058 0.394232 0.874021 0.387401 0.880179 0.381582 0.889203 0.3831 0.895781 0.388582
0 0.887263 0.430667 0.88001 0.431342 0.872166 0.428559 0.871407 0.417595 0.879841 0.412365 0.88895 0.411354 0.89207 0.420125 0.891817 0.424679
0 0.682021 0.448045 0.671528 0.448501 0.661493 0.445916 0.654042 0.4336 0.66575 0.425541 0.68126 0.423868 0.690383 0.428733 0.689775 0.436032
0 0.694646 0.484903 0.687458 0.482681 0.679877 0.476276 0.681054 0.463991 0.692424 0.465689 0.700397 0.472617 0.702488 0.480067
0 0.708879 0.511051 0.700485 0.508176 0.693412 0.499471 0.695899 0.492165 0.703671 0.493021 0.710355 0.501103 0.713774 0.506621
0 0.718749 0.506776 0.711521 0.504289 0.705848 0.497372 0.704837 0.489989 0.711132 0.488823 0.720458 0.495274 0.722868 0.500792
0 0.771216 0.603296 0.761369 0.60772 0.751809 0.604152 0.757089 0.585031 0.768504 0.573473 0.778493 0.570334 0.783915 0.57861 0.780348 0.589883
0 0.919086 0.601251 0.912628 0.601079 0.905998 0.594362 0.906084 0.586613 0.913833 0.580931 0.923907 0.585063 0.928901 0.594449
0 0.925548 0.675018 0.914805 0.676852 0.902141 0.674668 0.896288 0.657812 0.898996 0.6434 0.907206 0.635189 0.920395 0.634142 0.929129 0.638858 0.937339 0.649339 0.938736 0.659034 0.938125 0.664362
0 0.999913 0.755416 0.982139 0.752919 0.96789 0.738964 0.962748 0.718545 0.976116 0.71076 0.992568 0.715754 1 0.726624
0 0.860288 0.718926 0.847773 0.719402 0.83955 0.711894 0.835617 0.701764 0.843364 0.691395 0.856116 0.689368 0.865413 0.695208 0.866485 0.704386
0 0.930562 0.811176 0.921432 0.808741 0.910842 0.801316 0.907068 0.791943 0.913154 0.781597 0.925084 0.776849 0.935674 0.785126 0.940178 0.794256 0.940056 0.80156
0 0.915346 0.784518 0.90865 0.785979 0.901834 0.78257 0.899156 0.771249 0.910964 0.764312 0.918632 0.768937 0.923258 0.775389
0 0.951652 0.825879 0.945036 0.824906 0.937837 0.818679 0.937059 0.805446 0.946594 0.80136 0.954183 0.805641 0.957978 0.813522 0.959339 0.818387
0 0.995422 0.947214 0.97977 0.941996 0.9681 0.932659 0.966451 0.913438 0.980868 0.897099 0.997894 0.896549 1 0.903964 1 0.947488
1 0.705294 1 0.70469 0.982799 0.701172 0.966797 0.714844 0.953125 0.732422 0.958008 0.747962 0.946772 0.763257 0.94315 0.770905 0.963075 0.770508 0.972656 0.764648 0.982422 0.757812 1
0 0.628991 0.87484 0.618784 0.874548 0.608504 0.867694 0.600119 0.85078 0.606535 0.842614 0.615795 0.841375 0.628043 0.848885 0.634167 0.853696 0.635553 0.862372
0 0.501676 0.952566 0.4876 0.946458 0.478171 0.932249 0.482819 0.916446 0.495567 0.914188 0.507651 0.924945 0.507651 0.942739
0 0.475648 0.925477 0.463298 0.920031 0.456525 0.904494 0.464228 0.892145 0.474453 0.890551 0.485607 0.899714 0.486803 0.911399
0 0.383983 0.99605 0.375303 0.996739 0.368138 0.987094 0.373649 0.976622 0.383294 0.974831 0.390873 0.987508
0 0.0985625 0.920083 0.0850527 0.920226 0.0736768 0.910129 0.078085 0.894912 0.0954346 0.884958 0.106953 0.888513 0.108375 0.903019
0 0.0490059 0.869634 0.0363086 0.868118 0.0261699 0.859874 0.0270225 0.844429 0.0379199 0.837891 0.0508066 0.84007 0.0581025 0.853336 0.0577236 0.862338
0 0.0456895 0.895313 0.0338447 0.895598 0.0255068 0.887069 0.0277803 0.875035 0.0378242 0.86916 0.050332 0.870582 0.0549756 0.87892 0.0521328 0.887732
0 0.194108 0.802495 0.186246 0.798785 0.181741 0.79057 0.185451 0.782797 0.193932 0.782267 0.201175 0.78792 0.201705 0.796488
0 0.0783057 0.629087 0.0705635 0.629634 0.0639141 0.621618 0.0651895 0.607318 0.0740244 0.600305 0.0855918 0.604221 0.0922412 0.613238 0.08796 0.62262
0 0.0601797 0.62763 0.0470635 0.6269 0.0327637 0.623986 0.0301221 0.613603 0.039959 0.607227 0.0544414 0.608047 0.0618193 0.611325 0.0645518 0.618157 0.0645518 0.624441
0 0.108669 0.652785 0.0999873 0.653574 0.0899238 0.649135 0.0836094 0.63621 0.0897266 0.625456 0.10275 0.623878 0.117055 0.632757 0.11745 0.641933
0 0.100283 0.683369 0.0876553 0.677252 0.0793672 0.668472 0.0786768 0.659691 0.0865693 0.652193 0.101072 0.654659 0.109261 0.661763 0.109359 0.670248
0 0.0159375 0.657301 0.00618945 0.656908 0 0.654 0 0.647239 0 0.637177 0.0104346 0.632303 0.0194746 0.636076 0.0234053 0.643544 0.0206543 0.650462
0 0.128737 0.573984 0.119105 0.572425 0.111124 0.566187 0.112226 0.556646 0.119472 0.547289 0.132132 0.548023 0.135158 0.560407 0.134149 0.568663
0 0.143598 0.595908 0.133141 0.593064 0.124334 0.585268 0.127086 0.573801 0.136442 0.571507 0.144699 0.572883 0.149836 0.581322 0.149285 0.588202
0 0.100299 0.548947 0.0917129 0.549064 0.0826563 0.541654 0.0845381 0.529187 0.0946533 0.523188 0.105356 0.52507 0.107827 0.53989
0 0.106298 0.525775 0.0957119 0.526363 0.0894775 0.521188 0.0879492 0.506956 0.0962998 0.49837 0.10665 0.504134 0.111473 0.514484 0.111943 0.520718
0 0.195 0.622937 0.18293 0.621533 0.17507 0.611568 0.176895 0.598374 0.189667 0.593883 0.201036 0.594865 0.204825 0.607498 0.203843 0.613112
0 0.237852 0.685602 0.230588 0.682795 0.219198 0.675697 0.214493 0.662986 0.219776 0.650854 0.228194 0.64681 0.236613 0.65498 0.241896 0.661171 0.248003 0.668847 0.245032 0.678586
0 0.258905 0.723953 0.250644 0.720854 0.244729 0.715315 0.243979 0.705459 0.247922 0.697479 0.257027 0.695132 0.263505 0.701516 0.265195 0.710716 0.26435 0.715785
0 0.242163 0.606233 0.235964 0.607333 0.229266 0.605034 0.228966 0.595536 0.233864 0.588537 0.244162 0.586938 0.250961 0.595336 0.251061 0.601835
0 0.354295 0.580257 0.345005 0.578864 0.336296 0.570154 0.336063 0.560284 0.348141 0.550762 0.359985 0.558658 0.364166 0.571315
0 0.368281 0.626756 0.359723 0.625805 0.350021 0.619338 0.345647 0.608306 0.3485 0.599176 0.359342 0.59347 0.3718 0.597274 0.376936 0.608496 0.377221 0.617436
0 0.391959 0.594633 0.385553 0.591472 0.377149 0.582403 0.37898 0.570507 0.386884 0.572254 0.393955 0.580823 0.396617 0.587229
0 0.420112 0.610725 0.412494 0.609333 0.403776 0.604498 0.401726 0.595487 0.409271 0.589554 0.415497 0.588528 0.421357 0.583986 0.426705 0.588309 0.427658 0.602667 0.427511 0.604132
0 0.461201 0.743116 0.452995 0.742872 0.446171 0.738241 0.444546 0.728898 0.452752 0.723861 0.459251 0.723617 0.463069 0.729792 0.464288 0.734748
0 0.544133 0.744443 0.532479 0.746981 0.522787 0.741328 0.520019 0.729559 0.529825 0.71629 0.539979 0.71456 0.551632 0.721598 0.552786 0.734059
0 0.530172 0.719752 0.519095 0.720329 0.509058 0.711444 0.507673 0.69633 0.519557 0.689868 0.534325 0.697022 0.540786 0.708099
0 0.563063 0.774731 0.552697 0.775138 0.539587 0.769752 0.533998 0.753187 0.546193 0.740483 0.560624 0.741499 0.572718 0.748918 0.576376 0.759487 0.577291 0.768126
0 0.583998 0.802374 0.574648 0.801256 0.56784 0.791805 0.57475 0.782861 0.583998 0.780626 0.592027 0.785098 0.593958 0.790891
0 0.545278 0.805931 0.538978 0.80522 0.530237 0.803594 0.525563 0.794752 0.5279 0.785199 0.538876 0.78215 0.548226 0.789569 0.54975 0.797699
0 0.592535 0.783675 0.583693 0.78154 0.57658 0.771479 0.580035 0.75654 0.588673 0.743431 0.601986 0.748105 0.610218 0.755422 0.61093 0.765382 0.605137 0.776256
0 0.644672 0.711092 0.634989 0.709428 0.630828 0.69929 0.635821 0.687867 0.646185 0.688019 0.653825 0.69339 0.653372 0.704283
0 0.624776 0.7266 0.618346 0.725465 0.613807 0.718884 0.617211 0.71147 0.62281 0.707233 0.628861 0.712604 0.630299 0.718052 0.630525 0.721985
0 0.631401 0.808607 0.625455 0.809375 0.61529 0.80084 0.619605 0.790675 0.633031 0.788277 0.639744 0.794415 0.640895 0.802566
0 0.736578 0.80349 0.731528 0.802479 0.726928 0.791818 0.731528 0.77824 0.740618 0.779812 0.745107 0.788901 0.74578 0.797542
0 0.723221 0.801816 0.717368 0.801877 0.712247 0.796024 0.714929 0.787733 0.721818 0.785539 0.726573 0.790781 0.727062 0.796939 0.726939 0.799378
0 0.760641 0.769831 0.755645 0.769013 0.748437 0.763853 0.749256 0.754105 0.75417 0.748781 0.762524 0.749847 0.766947 0.756809 0.766047 0.764508
0 0.859303 0.663633 0.852228 0.663296 0.844815 0.655547 0.8497 0.64443 0.862335 0.641397 0.86823 0.648304 0.869072 0.65521
1 0.280273 0.0625 0.287109 0.0712891 0.291992 0.0732422 0.294922 0.078125 0.294922 0.0849609 0.296875 0.0898438 0.302734 0.0898438 0.307617 0.09375 0.316406 0.0986328 0.333984 0.117188 0.321289 0.132812 0.314453 0.130859 0.308594 0.123047 0.304688 0.116211 0.295898 0.113281 0.292969 0.117188 0.295898 0.12207 0.299805 0.125 0.303711 0.128906 0.304688 0.133789 0.299805 0.136719 0.27832 0.119141 0.267578 0.107422 0.251953 0.0888672 0.25 0.0742188 0.261719 0.0761719 0.262695 0.0673828 0.268555 0.0615234
0 0.330078 0.000976562 0.325195 0.0136719 0.334961 0.0234375 0.345703 0.0205078 0.352539 0.0117188 0.347656 0.000976562
0 0.378906 0.03125 0.382812 0.0371094 0.382812 0.0429688 0.375 0.046875 0.370117 0.0439453 0.369141 0.0332031
0 0.404297 0.0537109 0.408203 0.0634766 0.40332 0.0693359 0.396484 0.0654297 0.392578 0.0585938 0.395508 0.0537109 0.395508 0.0537109
0 0.413086 0.0537109 0.419922 0.0595703 0.419922 0.0664062 0.416992 0.0693359 0.411133 0.0673828 0.40625 0.0625 0.40625 0.0566406
0 0.425781 0.0644531 0.427734 0.0732422 0.424805 0.0771484 0.418945 0.0761719 0.418945 0.0761719 0.413086 0.0703125 0.413086 0.0703125 0.416992 0.0654297
0 0.432617 0.0703125 0.433594 0.0791016 0.433594 0.0800781 0.430664 0.0849609 0.424805 0.0849609 0.419922 0.078125 0.420898 0.0732422
0 0.524414 0.00488281 0.53125 0.0107422 0.53125 0.0205078 0.526367 0.0273438 0.513672 0.03125 0.514648 0.0224609 0.504883 0.0195312 0.513672 0.0126953 0.518555 0.00292969
0 0.536133 0.0556641 0.541992 0.0625 0.540039 0.0712891 0.532227 0.0771484 0.532227 0.0771484 0.527344 0.0722656 0.527344 0.0634766 0.524414 0.0576172
0 0.603516 0.0908203 0.602539 0.0986328 0.592773 0.102539 0.592773 0.103516 0.588867 0.0957031 0.591797 0.0898438
1 0.549805 0.00292969 0.556641 0.00390625 0.560547 0.0078125 0.564453 0.0117188 0.572266 0.0185547 0.580078 0.0185547 0.597656 0 0.62207 0 0.615234 0.0126953 0.603516 0.0244141 0.588867 0.0361328 0.588867 0.0361328 0.59082 0.0419922 0.588867 0.0556641 0.581055 0.0615234 0.574219 0.0605469 0.569336 0.0585938 0.564453 0.0556641 0.557617 0.0488281 0.553711 0.0380859 0.550781 0.0332031 0.546875 0.0302734 0.541992 0.0273438 0.541016 0.0224609 0.541016 0.015625
0 0.679688 0.214844 0.682617 0.231445 0.671875 0.235352 0.662109 0.232422 0.661133 0.216797 0.671875 0.211914
1 0.503906 0.209961 0.503906 0.201172 0.501953 0.196289 0.506836 0.195312 0.514648 0.194336 0.518555 0.185547 0.524414 0.183594 0.527344 0.192383 0.532227 0.192383 0.539062 0.1875 0.545898 0.192383 0.547852 0.198242 0.539062 0.205078 0.53418 0.209961 0.53125 0.21582 0.527344 0.219727 0.532227 0.225586 0.529297 0.232422 0.522461 0.229492 0.512695 0.230469 0.503906 0.233398 0.494141 0.235352 0.480469 0.232422 0.484375 0.226562 0.490234 0.225586 0.487305 0.22168 0.493164 0.217773 0.500977 0.217773
0 0.383789 0.242188 0.383789 0.253906 0.376953 0.258789 0.373047 0.254883 0.373047 0.254883 0.37207 0.245117 0.37793 0.243164
0 0.339844 0.267578 0.342773 0.274414 0.338867 0.28418 0.324219 0.28418 0.323242 0.275391 0.331055 0.269531
0 0.232422 0.286133 0.235352 0.296875 0.235352 0.296875 0.227539 0.301758 0.222656 0.296875 0.223633 0.288086
0 0.228516 0.302734 0.234375 0.310547 0.234375 0.310547 0.232422 0.314453 0.226562 0.316406 0.21875 0.3125 0.216797 0.305664 0.22168 0.301758
0 0.225586 0.317383 0.230469 0.323242 0.225586 0.332031 0.217773 0.329102 0.216797 0.320312
0 0.262695 0.295898 0.263672 0.304688 0.266602 0.311523 0.260742 0.318359 0.250977 0.318359 0.249023 0.306641 0.253906 0.297852
0 0.321289 0.336914 0.333984 0.341797 0.328125 0.351562 0.319336 0.353516 0.311523 0.351562 0.311523 0.339844
0 0.263672 0.335938 0.272461 0.338867 0.272461 0.352539 0.261719 0.353516 0.251953 0.348633 0.254883 0.337891
0 0.223633 0.376953 0.232422 0.384766 0.232422 0.394531 0.224609 0.393555 0.224609 0.394531 0.214844 0.385742 0.210938 0.379883 0.210938 0.379883 0.213867 0.375977
1 0.155273 0.508789 0.162109 0.511719 0.15918 0.518555 0.155273 0.520508 0.154297 0.524414 0.149414 0.529297 0.149414 0.529297 0.148438 0.538086 0.140625 0.542969 0.132812 0.537109 0.132812 0.537109 0.135742 0.530273 0.145508 0.516602
0 0.258789 0.441406 0.266602 0.452148 0.263672 0.460938 0.255859 0.459961 0.255859 0.459961 0.249023 0.46582 0.237305 0.456055 0.24707 0.445312 0.248047 0.43457 0.254883 0.43457
1 0.263672 0.399414 0.276367 0.410156 0.283203 0.416992 0.289062 0.424805 0.289062 0.425781 0.280273 0.43457 0.271484 0.436523 0.268555 0.426758 0.256836 0.415039 0.259766 0.408203 0.256836 0.402344
1 0.362305 0.342773 0.371094 0.344727 0.367188 0.359375 0.364258 0.368164 0.351562 0.380859 0.364258 0.396484 0.37207 0.404297 0.371094 0.425781 0.379883 0.432617 0.382812 0.447266 0.368164 0.457031 0.362305 0.470703 0.345703 0.46875 0.342773 0.454102 0.323242 0.442383 0.325195 0.427734 0.313477 0.416016 0.316406 0.398438 0.310547 0.378906 0.327148 0.367188 0.333984 0.354492 0.34668 0.349609
0 0.136719 0.689453 0.141602 0.696289 0.138672 0.703125 0.130859 0.703125 0.130859 0.703125 0.125 0.699219 0.126953 0.69043
0 0.128906 0.646484 0.137695 0.658203 0.137695 0.665039 0.125 0.662109 0.119141 0.657227 0.119141 0.648438
0 0.171875 0.69043 0.178711 0.700195 0.172852 0.704102 0.164062 0.701172 0.164062 0.694336
1 0.178711 0.69043 0.189453 0.689453 0.198242 0.696289 0.201172 0.702148 0.208008 0.709961 0.216797 0.723633 0.216797 0.730469 0.216797 0.737305 0.214844 0.75293 0.209961 0.754883 0.198242 0.753906 0.199219 0.740234 0.191406 0.728516 0.183594 0.716797 0.180664 0.706055 0.173828 0.699219
0 0.211914 0.758789 0.216797 0.765625 0.208984 0.770508 0.204102 0.772461 0.201172 0.764648
0 0.0556641 0.80957 0.0556641 0.821289 0.0458984 0.826172 0.046875 0.826172 0.0410156 0.81543 0.0478516 0.810547
0 0.0166016 0.824219 0.0126953 0.835938 0.00390625 0.837891 0 0.830078 0.00488281 0.818359
0 0.0527344 0.893555 0.0615234 0.900391 0.0673828 0.90625 0.0605469 0.920898 0.046875 0.922852 0.0410156 0.915039 0.0371094 0.905273 0.0371094 0.893555 0.0429688 0.893555
0 0.0791016 0.915039 0.0859375 0.923828 0.0839844 0.929688 0.0751953 0.930664 0.0625 0.926758 0.0615234 0.919922 0.0722656 0.916992
0 0.0849609 0.931641 0.0869141 0.94043 0.0791016 0.945312 0.0703125 0.939453 0.0722656 0.931641 0.0722656 0.931641 0.0800781 0.931641
0 0.0595703 0.924805 0.0703125 0.93457 0.0654297 0.939453 0.0498047 0.939453 0.0478516 0.932617 0.0517578 0.927734
1 0.0458984 0.941406 0.0449219 0.959961 0.0332031 0.959961 0.0283203 0.962891 0.0380859 0.964844 0.0380859 0.964844 0.0371094 0.974609 0.0273438 0.976562 0.0263672 0.96875 0.0166016 0.967773 0.000976562 0.962891 0.00195312 0.952148 0.0117188 0.948242 0.0175781 0.952148 0.0195312 0.946289 0.0302734 0.947266 0.0380859 0.941406
1 0.0820312 0.944336 0.0888672 0.949219 0.0888672 0.962891 0.0927734 0.973633 0.105469 0.970703 0.119141 0.96875 0.131836 0.966797 0.145508 0.959961 0.161133 0.958008 0.166992 0.961914 0.163086 0.975586 0.15332 0.979492 0.147461 0.982422 0.117188 0.986328 0.125977 1 0.0800781 1 0.0830078 0.995117 0.0830078 0.988281 0.0820312 0.980469 0.0742188 0.973633 0.0712891 0.964844 0.0742188 0.955078 0.0751953 0.946289
0 0.203125 0.943359 0.206055 0.949219 0.199219 0.953125 0.194336 0.948242 0.197266 0.944336
0 0.206055 0.941406 0.219727 0.938477 0.22168 0.947266 0.222656 0.947266 0.21582 0.952148 0.208008 0.950195
0 0.219727 0.9375 0.236328 0.931641 0.237305 0.938477 0.237305 0.939453 0.231445 0.944336 0.224609 0.944336
0 0.246094 0.926758 0.238281 0.929688 0.237305 0.941406 0.243164 0.943359 0.243164 0.943359 0.25293 0.936523 0.25 0.931641
0 0.263672 0.921875 0.264648 0.927734 0.270508 0.928711 0.273438 0.938477 0.269531 0.944336 0.254883 0.951172 0.246094 0.946289 0.251953 0.9375 0.25293 0.927734
0 0.266602 0.947266 0.273438 0.956055 0.270508 0.962891 0.259766 0.963867 0.254883 0.958984 0.258789 0.949219
0 0.270508 0.961914 0.273438 0.970703 0.269531 0.978516 0.259766 0.979492 0.253906 0.970703 0.258789 0.962891
0 0.282227 0.958984 0.287109 0.959961 0.287109 0.959961 0.287109 0.966797 0.282227 0.96875 0.277344 0.966797 0.277344 0.967773 0.274414 0.960938
0 0.268555 0.985352 0.272461 0.993164 0.265625 0.99707 0.257812 0.992188 0.260742 0.987305
0 0.266602 0.853516 0.271484 0.862305 0.263672 0.868164 0.256836 0.864258 0.256836 0.856445
0 0.245117 0.875 0.25 0.873047 0.25293 0.87793 0.25 0.883789 0.244141 0.881836
0 0.0615234 0.788086 0.0625 0.795898 0.0566406 0.798828 0.0517578 0.793945 0.0546875 0.788086
0 0.350586 0.958008 0.366211 0.951172 0.376953 0.953125 0.374023 0.960938 0.374023 0.960938 0.381836 0.958984 0.379883 0.964844 0.380859 0.970703 0.380859 0.970703 0.375977 0.97168 0.378906 0.977539 0.376953 0.983398 0.368164 0.981445 0.368164 0.990234 0.353516 0.991211 0.345703 0.987305 0.342773 0.982422 0.348633 0.975586 0.339844 0.974609 0.34668 0.97168 0.341797 0.960938
0 0.422852 0.93457 0.416016 0.933594 0.414062 0.923828 0.423828 0.916016 0.433594 0.918945 0.441406 0.922852 0.438477 0.930664 0.43457 0.931641 0.429688 0.929688
0 0.511719 0.959961 0.522461 0.961914 0.52832 0.96875 0.526367 0.981445 0.516602 0.986328 0.510742 0.982422 0.5 0.977539 0.5 0.967773
0 0.347656 0.867188 0.350586 0.875977 0.345703 0.881836 0.338867 0.878906 0.336914 0.869141
0 0.382812 0.908203 0.384766 0.917969 0.375977 0.920898 0.37207 0.914062 0.374023 0.908203
0 0.631836 0.885742 0.640625 0.893555 0.637695 0.900391 0.630859 0.901367 0.623047 0.896484 0.621094 0.889648
0 0.62207 0.873047 0.623047 0.882812 0.610352 0.890625 0.603516 0.881836 0.603516 0.882812 0.610352 0.87207
0 0.678711 0.961914 0.688477 0.96875 0.677734 0.974609 0.669922 0.970703 0.671875 0.964844
1 0.669922 0.905273 0.679688 0.911133 0.685547 0.921875 0.69043 0.924805 0.693359 0.936523 0.683594 0.94043 0.675781 0.930664 0.669922 0.920898 0.669922 0.921875 0.662109 0.910156
0 0.78125 0.90625 0.780273 0.916016 0.783203 0.921875 0.770508 0.921875 0.770508 0.922852 0.765625 0.910156 0.770508 0.90332
0 0.774414 0.870117 0.776367 0.881836 0.772461 0.886719 0.767578 0.880859 0.766602 0.869141
1 0.585938 0.855469 0.59082 0.858398 0.592773 0.864258 0.591797 0.871094 0.589844 0.880859 0.584961 0.880859 0.579102 0.878906 0.573242 0.879883 0.570312 0.875 0.568359 0.870117 0.571289 0.866211 0.573242 0.860352 0.579102 0.853516
1 0.666016 0.821289 0.678711 0.817383 0.688477 0.817383 0.692383 0.820312 0.693359 0.825195 0.695312 0.830078 0.700195 0.828125 0.703125 0.833008 0.702148 0.837891 0.699219 0.841797 0.694336 0.84375 0.69043 0.84668 0.68457 0.847656 0.679688 0.849609 0.674805 0.849609 0.674805 0.844727 0.670898 0.84082 0.667969 0.845703 0.664062 0.848633 0.65918 0.848633 0.649414 0.84668 0.650391 0.841797 0.648438 0.832031 0.652344 0.828125 0.657227 0.826172 0.661133 0.823242
0 0.483398 0.693359 0.484375 0.703125 0.484375 0.703125 0.472656 0.706055 0.473633 0.706055 0.46875 0.699219 0.472656 0.692383
0 0.421875 0.661133 0.421875 0.668945 0.416992 0.670898 0.413086 0.666992 0.415039 0.661133
0 0.410156 0.655273 0.411133 0.660156 0.401367 0.661133 0.399414 0.65625 0.40332 0.652344
0 0.258789 0.618164 0.267578 0.625977 0.257812 0.638672 0.251953 0.632812 0.250977 0.62207
0 0.374023 0.514648 0.37793 0.523438 0.37207 0.527344 0.365234 0.523438 0.366211 0.514648
0 0.396484 0.523438 0.40625 0.529297 0.40625 0.529297 0.40332 0.53418 0.397461 0.536133 0.393555 0.53418 0.390625 0.52832
0 0.379883 0.53418 0.379883 0.543945 0.375977 0.549805 0.369141 0.544922 0.370117 0.536133
0 0.380859 0.549805 0.383789 0.56543 0.379883 0.566406 0.374023 0.560547 0.375 0.560547 0.375 0.550781
0 0.393555 0.510742 0.396484 0.519531 0.396484 0.519531 0.389648 0.523438 0.389648 0.523438 0.379883 0.518555 0.380859 0.513672
0 0.413086 0.520508 0.416992 0.526367 0.412109 0.533203 0.407227 0.532227 0.407227 0.532227 0.402344 0.523438
0 0.47168 0.507812 0.480469 0.513672 0.480469 0.522461 0.473633 0.523438 0.46875 0.516602 0.466797 0.509766
0 0.44043 0.503906 0.447266 0.509766 0.447266 0.518555 0.442383 0.521484 0.438477 0.514648 0.4375 0.507812
0 0.447266 0.305664 0.452148 0.30957 0.452148 0.318359 0.445312 0.318359 0.439453 0.314453 0.439453 0.306641
0 0.780273 0.00585938 0.786133 0.0146484 0.783203 0.0234375 0.774414 0.0244141 0.766602 0.0175781 0.771484 0.00878906
0 0.746094 0.015625 0.755859 0.0253906 0.75293 0.0322266 0.746094 0.0351562 0.737305 0.0263672 0.738281 0.0185547
0 0.814453 0.0488281 0.824219 0.0527344 0.826172 0.0634766 0.820312 0.0664062 0.8125 0.0634766 0.806641 0.0546875 0.806641 0.0546875
0 0.942383 0.0224609 0.945312 0.03125 0.94043 0.0371094 0.930664 0.0322266 0.933594 0.0244141
0 0.863281 0.0927734 0.87207 0.0927734 0.87207 0.103516 0.861328 0.102539
0 0.90918 0.154297 0.916992 0.162109 0.916992 0.169922 0.916992 0.169922 0.90918 0.172852 0.902344 0.166992 0.90332 0.158203
0 0.921875 0.169922 0.926758 0.174805 0.926758 0.174805 0.924805 0.179688 0.917969 0.179688 0.914062 0.173828
0 0.96582 0.290039 0.973633 0.302734 0.970703 0.313477 0.956055 0.3125 0.951172 0.298828 0.954102 0.289062
0 0.938477 0.307617 0.935547 0.319336 0.920898 0.326172 0.911133 0.317383 0.913086 0.307617 0.914062 0.307617 0.930664 0.302734
0 0.723633 0.345703 0.731445 0.350586 0.730469 0.360352 0.719727 0.362305 0.719727 0.362305 0.714844 0.352539
0 0.729492 0.507812 0.726562 0.515625 0.71875 0.514648 0.71875 0.507812
0 0.74707 0.521484 0.753906 0.53125 0.75293 0.540039 0.745117 0.541992 0.735352 0.539062 0.736328 0.526367
0 0.677734 0.492188 0.676758 0.500977 0.668945 0.500977 0.666992 0.492188 0.672852 0.492188
0 0.672852 0.507812 0.671875 0.513672 0.666016 0.515625 0.662109 0.507812 0.667969 0.504883
0 0.978516 0.443359 0.982422 0.448242 0.975586 0.452148 0.970703 0.445312
0 0.986328 0.450195 0.991211 0.457031 0.991211 0.461914 0.985352 0.463867 0.976562 0.459961 0.980469 0.451172
0 0.972656 0.657227 0.988281 0.660156 0.988281 0.673828 0.977539 0.681641 0.96582 0.682617 0.966797 0.682617 0.960938 0.666992
0 0.871094 0.795898 0.876953 0.801758 0.873047 0.808594 0.866211 0.808594 0.865234 0.799805
0 0.896484 0.972656 0.897461 0.978516 0.893555 0.982422 0.888672 0.982422 0.885742 0.975586 0.886719 0.975586
