0 0.178836 0.112869 0.167969 0.108398 0.159645 0.105017 0.163971 0.0756895 0.163086 0.0693359 0.170898 0.0615234 0.179688 0.0634766 0.186523 0.0673828 0.19048 0.0773926 0.193023 0.0902314 0.191236 0.0965459 0.191236 0.103857 0.188927 0.109017 0.183594 0.113281
0 0.189875 0.0834209 0.193639 0.0769971 0.198406 0.0724492 0.203585 0.0724961 0.208899 0.0757783 0.213645 0.0801387 0.217637 0.0847813 0.220487 0.0883389 0.223043 0.0957061 0.222656 0.0986328 0.222656 0.100586 0.21875 0.105469 0.21582 0.111328 0.215239 0.121237 0.208858 0.120394 0.202826 0.11858 0.198888 0.116388 0.19622 0.114152 0.194188 0.111157 0.191214 0.106855
0 0.148438 0 0.153787 0.0079043 0.162364 0.0154844 0.171984 0.0201807 0.181846 0.0226523 0.192868 0.0242178 0.200564 0.0230645 0.212569 0.0206953 0.217773 0.0126953 0.231056 0.00413867 0.23244 0
0 0.375 0 0.369941 0.0141943 0.362785 0.0192383 0.352848 0.0242813 0.34336 0.0260469 0.332483 0.0273916 0.330078 0.0214844 0.325195 0.0234375 0.315185 0.0265508 0.307415 0.025542 0.29895 0.0235244 0.293341 0.0152324 0.28955 0.00820898 0.284588 0
0 0.27635 0.00838965 0.278972 0.0164834 0.27635 0.0254307 0.268065 0.0284131 0.256036 0.0263926 0.245317 0.0159063 0.242188 0 0.273636 0
1 0.215586 0.0356045 0.214741 0.0400586 0.212097 0.0471562 0.211986 0.0564443 0.212097 0.0605303 0.211986 0.0698184 0.216395 0.0794824 0.223116 0.0835605 0.230793 0.0843906 0.238728 0.0813701 0.244936 0.0775947 0.251437 0.0754814 0.262682 0.0764736 0.272461 0.0791016 0.269531 0.0888672 0.277584 0.100755 0.286633 0.105296 0.296914 0.106169 0.305496 0.103725 0.312889 0.105034 0.32753 0.118869 0.335938 0.119141 0.34082 0.115234 0.347656 0.113281 0.355469 0.107422 0.356445 0.0957031 0.351562 0.0849609 0.341797 0.0791016 0.338867 0.0683594 0.339844 0.0585938 0.330078 0.0527344 0.322266 0.0498047 0.320312 0.0566406 0.317383 0.0595703 0.3125 0.0595703 0.311523 0.0478516 0.304688 0.03125 0.298828 0.03125 0.293945 0.0371094 0.28445 0.0375752 0.273963 0.0353545 0.263656 0.0293721 0.256013 0.0323643 0.251601 0.0384424 0.245095 0.0419961 0.237225 0.0405937 0.227539 0.0351562
1 0.472656 0.0429688 0.489343 0.030873 0.503906 0.0214844 0.517578 0.00976562 0.535156 0.000976562 0.549805 0 0.572266 0 0.592773 0.00878906 0.600586 0.0195312 0.612305 0.0205078 0.62207 0.0136719 0.630859 0.015625 0.636719 0.0224609 0.641951 0.0336084 0.640625 0.0400391 0.645508 0.0439453 0.651367 0.0458984 0.657474 0.0536563 0.654297 0.0634766 0.646484 0.0644531 0.637695 0.0654297 0.628859 0.0662354 0.621251 0.076209 0.611105 0.0828955 0.604545 0.0869756 0.596661 0.0890146 0.591037 0.0912812 0.584961 0.0908203 0.577148 0.0898438 0.566227 0.105222 0.555255 0.108734 0.545937 0.112361 0.538274 0.114175 0.526367 0.112305 0.512695 0.113281 0.507812 0.118164 0.494141 0.110352 0.488281 0.102539 0.482422 0.0917969 0.484375 0.0869141 0.478516 0.0810547 0.480469 0.078125 0.481445 0.0742188 0.476562 0.0664062 0.477539 0.0585938 0.478516 0.0556641 0.475586 0.0488281 0.475586 0.0458984
0 0.670974 0.0222969 0.666615 0.0248066 0.660156 0.0244141 0.65918 0.0253906 0.657793 0.0294814 0.654444 0.0319053 0.650391 0.03125 0.645391 0.0337236 0.640695 0.0286592 0.637915 0.0207822 0.641602 0.015625 0.639648 0.0117188 0.640625 0.0078125 0.644531 0.00292969 0.650391 0.00390625 0.650391 0.00585938 0.65332 0.00488281 0.657227 0.00488281 0.661133 0.00195312 0.666016 0.00390625 0.668426 0.00961523 0.670742 0.0146357 0.672258 0.0183145
0 0.631836 0.107422 0.629883 0.107422 0.625687 0.106323 0.622462 0.0988916 0.62253 0.0926357 0.627771 0.0889199 0.633789 0.0869141 0.639648 0.0878906 0.644039 0.0907959 0.645526 0.0929648 0.643555 0.0986328 0.640625 0.100586 0.638672 0.104492 0.635742 0.106445
0 0.663065 0.101055 0.661133 0.0976562 0.658861 0.099127 0.654356 0.0959248 0.652933 0.0907617 0.653652 0.0849092 0.657789 0.0814316 0.664036 0.0818105 0.66973 0.0825674 0.673566 0.0855586 0.673566 0.0916562 0.672852 0.0957031 0.671875 0.0957031 0.668945 0.0947266 0.667969 0.0957031 0.666016 0.0966797 0.665039 0.0976562 0.666992 0.0976562 0.666992 0.0996094 0.666016 0.0996094 0.665039 0.100586
0 0.52832 0.139648 0.523438 0.139648 0.520508 0.135742 0.517578 0.132812 0.514821 0.127421 0.513672 0.123047 0.516602 0.121094 0.521141 0.118312 0.526367 0.117188 0.532227 0.117188 0.536133 0.117188 0.537652 0.121673 0.538924 0.123341 0.537652 0.128688 0.535552 0.133876 0.532488 0.137321 0.53125 0.139648
0 0.538086 0.147461 0.535156 0.142578 0.534631 0.135516 0.53641 0.130942 0.539546 0.125629 0.544922 0.123047 0.547852 0.125 0.549805 0.125977 0.550781 0.128906 0.549805 0.130859 0.548828 0.135742 0.549419 0.137475 0.546305 0.142832 0.542969 0.145508
0 0.0678516 0.375059 0.0625 0.373047 0.0576172 0.373047 0.0546875 0.370117 0.0507812 0.364258 0.0507812 0.354492 0.0517578 0.347656 0.0546875 0.34375 0.0595703 0.34082 0.0683594 0.34082 0.0722656 0.342773 0.0727363 0.346427 0.0761719 0.345703 0.0828223 0.350833 0.0830078 0.356445 0.0830078 0.363281 0.0832734 0.367326 0.0806689 0.370718 0.0770908 0.372646 0.0720537 0.374646
0 0.220742 0.568915 0.21754 0.566677 0.214844 0.561523 0.214161 0.556407 0.216531 0.553182 0.221591 0.551536 0.225586 0.550781 0.230469 0.553711 0.230469 0.560547 0.228973 0.565459 0.225586 0.56543 0.223633 0.567383
0 0.588766 0.331729 0.579853 0.329694 0.571512 0.326015 0.566483 0.321474 0.563894 0.299786 0.563477 0.292969 0.567131 0.289922 0.570312 0.28418 0.568359 0.279297 0.576172 0.276367 0.581055 0.275391 0.587891 0.275391 0.594727 0.274414 0.602782 0.278334 0.610323 0.282317 0.610514 0.292025 0.610514 0.305893 0.609066 0.315758 0.605029 0.323117 0.598097 0.329381 0.59375 0.329102
0 0.610184 0.287102 0.619141 0.285156 0.625 0.287109 0.633287 0.296536 0.63159 0.304885 0.633287 0.308657 0.63159 0.317005 0.626695 0.324259 0.621603 0.328091 0.615477 0.329802 0.608086 0.328639 0.60256 0.327339 0.610316 0.3168
0 0.896929 0.204098 0.902943 0.194567 0.907204 0.187741 0.913086 0.182617 0.923828 0.177734 0.933594 0.179688 0.942383 0.178711 0.948242 0.182617 0.954102 0.196289 0.957031 0.204102 0.955078 0.208008 0.961914 0.212891 0.959961 0.21875 0.956055 0.220703 0.948431 0.224897 0.94157 0.22683 0.934615 0.228182 0.931641 0.231445 0.925781 0.235352 0.917261 0.235008 0.912028 0.23752 0.911133 0.245117 0.907227 0.24707 0.904297 0.25 0.901367 0.25 0.893555 0.243164 0.892578 0.240234 0.894531 0.237305 0.899414 0.233398 0.90332 0.228516 0.898438 0.223633 0.894531 0.219727 0.897461 0.217773 0.896484 0.212891 0.899414 0.208984
0 0.898939 0.274192 0.894531 0.273438 0.894531 0.275391 0.888672 0.275391 0.888226 0.271405 0.885742 0.269531 0.881836 0.269531 0.878044 0.271569 0.873949 0.270422 0.87207 0.264648 0.870521 0.256322 0.873046 0.249 0.879984 0.245011 0.884766 0.242188 0.889648 0.243164 0.892578 0.241211 0.902023 0.250476 0.906676 0.253747 0.906676 0.263427 0.905852 0.268235 0.904297 0.272461
0 0.93086 0.278737 0.924521 0.277148 0.918054 0.272063 0.914062 0.266602 0.91388 0.256915 0.916817 0.247964 0.922852 0.243164 0.929469 0.241767 0.93555 0.245051 0.936523 0.25293 0.939055 0.257067 0.939055 0.266449 0.936117 0.273335
0 1 0.305256 0.99454 0.303586 0.988066 0.301864 0.982202 0.299776 0.977911 0.296176 0.975322 0.291271 0.977539 0.283203 0.978516 0.27832 0.983398 0.276367 0.987025 0.277129 0.991211 0.275391 0.995117 0.274414 1 0.275391
0 0.970703 0.302734 0.966081 0.30129 0.960014 0.298264 0.955571 0.294141 0.951865 0.288923 0.951611 0.281669 0.956282 0.276868 0.962959 0.275042 0.967773 0.274414 0.970703 0.271484 0.974609 0.271484 0.977539 0.274414 0.977429 0.279366 0.976236 0.288551 0.977784 0.293775 0.976236 0.297794
0 0.880859 0.361328 0.873391 0.363187 0.865475 0.361387 0.860825 0.353631 0.858636 0.34456 0.85904 0.334727 0.8616 0.327178 0.869141 0.318359 0.875977 0.319336 0.881173 0.323508 0.889359 0.325239 0.895508 0.324219 0.898438 0.328125 0.898826 0.333264 0.899062 0.336181 0.898826 0.345529 0.894985 0.353631 0.891602 0.355469 0.88872 0.358617
0 0.924518 0.394375 0.918945 0.390625 0.913086 0.386719 0.914062 0.37793 0.913159 0.369396 0.917969 0.366211 0.924492 0.36114 0.933881 0.36298 0.939453 0.370117 0.944336 0.373047 0.950195 0.379883 0.944293 0.387381 0.94043 0.391955 0.932909 0.39469 0.930664 0.394531 0.927734 0.391602
0 0.900391 0.383789 0.897461 0.385742 0.892578 0.385742 0.886306 0.386645 0.881276 0.383962 0.877089 0.37882 0.874887 0.372617 0.87793 0.362305 0.884766 0.360352 0.890625 0.358398 0.898438 0.359375 0.904297 0.367188 0.907241 0.371388 0.912189 0.37312 0.913086 0.378906 0.912109 0.383789 0.90773 0.38575 0.90625 0.385742 0.904297 0.384766
0 0.830068 0.503545 0.824628 0.502106 0.819888 0.497931 0.81587 0.481272 0.818397 0.476447 0.824696 0.473987 0.833008 0.472656 0.839708 0.476447 0.844727 0.478516 0.847656 0.481445 0.847744 0.485217 0.845464 0.49148 0.842868 0.495286 0.838867 0.5 0.833984 0.501953
0 0.976562 0.522461 0.973633 0.522461 0.969727 0.518555 0.96875 0.515625 0.96582 0.510742 0.962891 0.506836 0.963867 0.504883 0.966797 0.498047 0.970703 0.493164 0.975586 0.491211 0.983251 0.494726 0.989268 0.495058 0.997548 0.498382 0.99661 0.50376 0.99661 0.515536 0.993164 0.516602 0.991211 0.517578 0.989258 0.519531 0.988281 0.521484 0.987305 0.522461 0.983398 0.522461 0.981445 0.522461 0.980469 0.520508 0.979492 0.521484 0.977539 0.519531
0 0.797202 0.596081 0.792681 0.594437 0.790039 0.587891 0.788743 0.576039 0.794311 0.570729 0.799805 0.56543 0.804688 0.567383 0.807617 0.567383 0.80957 0.570312 0.814453 0.570312 0.814453 0.575195 0.8125 0.578125 0.811523 0.583008 0.8093 0.588333 0.806263 0.590836 0.802433 0.593822
0 0.826177 0.578195 0.820826 0.577525 0.817128 0.573078 0.816406 0.552734 0.818431 0.548692 0.824269 0.54544 0.832085 0.544484 0.837365 0.545775 0.842344 0.548597 0.847065 0.552655 0.846484 0.560306 0.846484 0.568775 0.84332 0.574417 0.838622 0.577334 0.834961 0.578125 0.831055 0.578125
0 0.864258 0.578125 0.858559 0.57841 0.854161 0.575499 0.852046 0.57028 0.851623 0.564154 0.855726 0.558784 0.861925 0.556894 0.869044 0.557839 0.873294 0.562183 0.873294 0.568881 0.870388 0.574629
1 0.976212 0.622105 0.96875 0.624023 0.963867 0.624023 0.958984 0.624023 0.958984 0.619141 0.957031 0.614258 0.954102 0.613281 0.953125 0.616211 0.948242 0.617188 0.946289 0.613281 0.946289 0.610352 0.943359 0.611328 0.942383 0.608398 0.942383 0.605469 0.939453 0.607422 0.9375 0.605469 0.933594 0.603516 0.930664 0.599609 0.930664 0.595703 0.926758 0.591797 0.93457 0.585938 0.940099 0.584715 0.949219 0.584961 0.958008 0.585938 0.96582 0.588867 0.970703 0.588867 0.974609 0.592773 0.977539 0.59082 0.983631 0.59423 0.985352 0.594727 0.993164 0.597656 1 0.598633 1 0.606445 0.998047 0.608398 0.993164 0.610352 0.990234 0.613281 0.986328 0.613281 0.982422 0.613281 0.981445 0.609375 0.978516 0.612305 0.981445 0.614258 0.984375 0.616211 0.982422 0.618164 0.979492 0.619141
0 0.734197 0.889945 0.728547 0.888818 0.723207 0.887104 0.72168 0.881836 0.723633 0.875977 0.720703 0.873047 0.719727 0.865234 0.725586 0.863281 0.736748 0.865003 0.741211 0.866211 0.745117 0.870117 0.747785 0.877646 0.748047 0.883789 0.743279 0.883918 0.736328 0.885742
0 0.716797 0.880859 0.72168 0.881836 0.724757 0.887152 0.731169 0.889015 0.736328 0.887695 0.739895 0.891611 0.739775 0.897786 0.737225 0.903666 0.733506 0.908224 0.730025 0.912144 0.725138 0.914398 0.71944 0.914055 0.713671 0.912732 0.708809 0.909645 0.705494 0.904695 0.703897 0.897492 0.706305 0.890926 0.709961 0.886719 0.713867 0.883789
0 0.92028 1 0.916383 0.998829 0.912109 0.970703 0.916992 0.962891 0.920898 0.957031 0.931641 0.955078 0.938477 0.951172 0.943359 0.952148 0.946289 0.949219 0.956055 0.947266 0.961914 0.948242 0.96582 0.946289 0.97168 0.951172 0.972656 0.959961 0.977407 0.961592 0.979492 0.966797 0.982422 0.972656 0.981401 0.983546 0.978516 0.986328 0.975586 0.989258 0.975443 0.997058 0.973008 1
0 1 0.811496 0.998003 0.811606 0.993164 0.810547 0.990234 0.808594 0.987851 0.793443 0.989672 0.789292 0.990234 0.785156 0.993164 0.78418 0.999023 0.786133 1 0.789255
0 0.994722 0.813794 0.992232 0.815313 0.988281 0.81543 0.983398 0.816406 0.981445 0.818359 0.978516 0.819336 0.975606 0.816981 0.973352 0.8122 0.972656 0.806641 0.976562 0.801758 0.984334 0.799931 0.989258 0.799805 0.992846 0.805713 0.995425 0.808975 0.997427 0.810939 0.998047 0.813477
0 0.0253906 0.808594 0.0205078 0.806641 0.015625 0.800781 0.0146484 0.789062 0.0182109 0.785507 0.0221572 0.780535 0.0244141 0.77832 0.0280889 0.779332 0.0332305 0.781896 0.0361328 0.785156 0.0371094 0.788086 0.0390625 0.791016 0.0371094 0.794922 0.0361328 0.798828 0.031958 0.805601 0.0302734 0.806641 0.0292969 0.806641 0.0283203 0.806641 0.0263672 0.805664
0 0.367188 0.926758 0.365629 0.924825 0.362305 0.922852 0.355469 0.922852 0.353516 0.920898 0.352539 0.913086 0.350586 0.908203 0.350586 0.90332 0.350586 0.894531 0.353516 0.890625 0.358398 0.886719 0.363281 0.879883 0.371525 0.876972 0.381556 0.8792 0.387695 0.887695 0.390625 0.893555 0.392578 0.896484 0.392578 0.900391 0.388672 0.904297 0.390625 0.90918 0.389791 0.912078 0.386719 0.915039 0.383789 0.916016 0.382812 0.919922 0.379883 0.922852 0.376953 0.921875 0.376953 0.919922 0.375977 0.920898 0.375 0.923828 0.371094 0.923828 0.369141 0.926758
0 0.321289 0.826172 0.327148 0.827148 0.333008 0.828125 0.337891 0.832031 0.339743 0.838584 0.340835 0.844696 0.340835 0.854641 0.339005 0.860816 0.334771 0.865757 0.329992 0.867666 0.323901 0.86761 0.318931 0.866375 0.314506 0.864073 0.321962 0.857673 0.324219 0.850586 0.324748 0.841896 0.323242 0.834961 0.319336 0.832031 0.318359 0.829102 0.320312 0.828125
0 0.30959 0.866263 0.303499 0.865701 0.298173 0.863792 0.291016 0.860352 0.285156 0.853516 0.283779 0.843749 0.284734 0.83645 0.287493 0.829152 0.291016 0.826172 0.289062 0.824219 0.292969 0.820312 0.299805 0.820312 0.304688 0.820312 0.307617 0.817383 0.311523 0.820312 0.316406 0.826172 0.320706 0.831005 0.325021 0.838408 0.325021 0.848353 0.323137 0.854079 0.316406 0.863281
0 0.28418 0.836914 0.28418 0.84082 0.280126 0.846617 0.273687 0.851029 0.265625 0.849609 0.264648 0.852539 0.26048 0.851301 0.253906 0.849609 0.253906 0.844727 0.251953 0.841797 0.25 0.839844 0.249023 0.836914 0.246094 0.833984 0.245117 0.827148 0.245117 0.822266 0.246094 0.816406 0.244141 0.814453 0.244141 0.813477 0.242188 0.8125 0.242188 0.80957 0.241211 0.807617 0.238281 0.806641 0.238281 0.804688 0.237305 0.802734 0.236328 0.799805 0.239258 0.796875 0.243164 0.798828 0.243164 0.803711 0.245117 0.804688 0.246094 0.801758 0.251953 0.801758 0.260742 0.795898 0.267578 0.794922 0.270508 0.797852 0.270508 0.800781 0.273438 0.798828 0.27832 0.797852 0.283203 0.800781 0.285156 0.806641 0.279297 0.808594 0.28418 0.813477 0.288086 0.817383 0.291992 0.820312 0.289062 0.824219 0.291016 0.825195 0.288086 0.829102 0.288086 0.832031 0.286133 0.833984 0.285156 0.835938
0 0.548828 0.910156 0.546263 0.909402 0.541016 0.90625 0.539002 0.900805 0.539199 0.895167 0.542593 0.892166 0.549991 0.889732 0.55595 0.891192 0.561672 0.893094 0.564453 0.898438 0.56287 0.904415 0.560385 0.907368 0.55702 0.910161 0.553711 0.90918 0.552734 0.908203 0.550781 0.90918
0 0.587891 0.78418 0.584961 0.785156 0.582031 0.786133 0.579102 0.786133 0.572512 0.785111 0.567156 0.779822 0.564344 0.769305 0.568203 0.757988 0.574277 0.749993 0.581055 0.746094 0.587891 0.744141 0.59375 0.746094 0.602539 0.759766 0.603516 0.770508 0.602133 0.776439 0.598633 0.78125 0.595703 0.786133 0.592773 0.786133
0 0.603479 0.779945 0.602821 0.765615 0.599381 0.756144 0.595703 0.74707 0.588867 0.743164 0.597656 0.737305 0.605469 0.737305 0.613281 0.737305 0.62207 0.741211 0.629883 0.74707 0.630707 0.752753 0.630707 0.763646 0.62583 0.770843 0.616465 0.776686 0.61069 0.778038
0 0.580078 0.709961 0.576172 0.706055 0.573242 0.706055 0.572266 0.703125 0.573242 0.701172 0.575195 0.699219 0.576172 0.696289 0.576961 0.692195 0.582031 0.692383 0.585938 0.694336 0.588867 0.699219 0.585695 0.70316 0.584961 0.708984
1 0.556436 0.71827 0.552734 0.717773 0.55027 0.716579 0.543672 0.714312 0.538869 0.711021 0.535169 0.706352 0.532876 0.700125 0.5316 0.693366 0.532638 0.687141 0.533203 0.682617 0.537109 0.679688 0.541016 0.679688 0.543945 0.678711 0.546875 0.679688 0.549805 0.678711 0.552734 0.680664 0.553711 0.683594 0.558594 0.685547 0.561523 0.682617 0.56543 0.683594 0.567383 0.6875 0.571289 0.6875 0.577148 0.69043 0.576172 0.697266 0.573242 0.701172 0.572266 0.703125 0.573242 0.706055 0.576172 0.706055 0.577148 0.708008 0.575195 0.710938 0.574219 0.712891 0.569373 0.712755 0.564354 0.714801 0.560547 0.713867 0.558599 0.716446
0 0.463867 0.689453 0.458942 0.688253 0.453125 0.68457 0.453125 0.680664 0.453125 0.676758 0.45194 0.672234 0.45378 0.667396 0.458923 0.663371 0.467171 0.662965 0.473718 0.665852 0.47878 0.672311 0.479235 0.675161 0.477539 0.677734 0.47878 0.679512 0.478516 0.682617 0.475774 0.683984 0.47168 0.686523 0.470703 0.6875 0.466797 0.688477 0.464844 0.688477
0 0.383789 0.688477 0.389648 0.688477 0.392578 0.688477 0.395508 0.69043 0.399414 0.692383 0.402344 0.694336 0.404297 0.700195 0.40918 0.702148 0.414062 0.704102 0.417969 0.713867 0.416016 0.71582 0.412401 0.717804 0.409921 0.723457 0.412401 0.72762 0.409921 0.733272 0.403854 0.735323 0.396484 0.735352 0.393555 0.736328 0.391292 0.739092 0.386466 0.740366 0.381209 0.740698 0.375358 0.738537 0.371314 0.733272 0.366272 0.726512 0.361474 0.723242 0.355469 0.713867 0.356445 0.710938 0.361328 0.708008 0.363281 0.700195 0.368164 0.694336 0.375008 0.692319 0.380454 0.693095
0 0.448242 0.761719 0.445312 0.758789 0.443359 0.758789 0.443359 0.755859 0.441406 0.755859 0.438477 0.754883 0.438477 0.749023 0.44043 0.74707 0.443359 0.746094 0.450787 0.746298 0.455993 0.747656 0.458604 0.749242 0.458604 0.75511 0.45609 0.760046 0.454059 0.761338
0 0.183771 0.698022 0.178016 0.694705 0.174214 0.689435 0.173604 0.682836 0.174805 0.679688 0.176868 0.678045 0.180508 0.675243 0.18457 0.673828 0.189453 0.673828 0.195312 0.674805 0.198045 0.678482 0.201172 0.679688 0.200195 0.682617 0.197561 0.684453 0.197561 0.690982 0.194907 0.69511 0.191069 0.697728
0 0.198276 0.678179 0.198242 0.675781 0.203125 0.674805 0.205078 0.672852 0.208984 0.672852 0.211914 0.670898 0.213867 0.672852 0.216797 0.673828 0.219727 0.673828 0.222656 0.675781 0.223633 0.677734 0.226562 0.679688 0.227428 0.684755 0.228516 0.691406 0.228516 0.695312 0.225009 0.697812 0.221683 0.702491 0.216738 0.705196 0.210763 0.70611 0.20484 0.705708 0.199948 0.70293 0.196392 0.699896 0.194506 0.696568 0.196289 0.693359 0.197266 0.69043 0.197266 0.68457 0.200195 0.682617 0.201172 0.679688
0 0.421875 0.486328 0.419922 0.483398 0.411133 0.474609 0.412084 0.467451 0.418993 0.461195 0.428551 0.45888 0.43457 0.458008 0.44043 0.459961 0.44043 0.463867 0.444336 0.472656 0.44043 0.479492 0.436465 0.484031 0.433594 0.484375 0.428711 0.487305 0.428711 0.487305 0.425781 0.487305
1 0.461891 0.459089 0.461571 0.450307 0.462891 0.441406 0.470408 0.435851 0.476697 0.432796 0.482085 0.42876 0.484375 0.424805 0.488281 0.424805 0.491452 0.429306 0.495117 0.43457 0.499023 0.43457 0.50293 0.433594 0.507812 0.439453 0.508789 0.443359 0.511719 0.447266 0.511719 0.451172 0.517578 0.457031 0.520508 0.458984 0.522461 0.455078 0.53125 0.458008 0.533203 0.459961 0.530273 0.462891 0.53125 0.467773 0.529297 0.470703 0.52832 0.474609 0.524414 0.473633 0.520508 0.473633 0.519531 0.479492 0.516602 0.483398 0.512695 0.485352 0.508789 0.484375 0.505517 0.482599 0.497529 0.485326 0.491054 0.483635 0.485163 0.479053 0.479271 0.475071 0.472054 0.467918 0.46875 0.466797 0.46582 0.463867
1 0.507812 0.438477 0.501953 0.433594 0.499023 0.43457 0.494141 0.433594 0.488281 0.424805 0.484375 0.424805 0.484375 0.420898 0.486328 0.417969 0.485352 0.413086 0.485352 0.407227 0.493164 0.405273 0.494141 0.400391 0.501953 0.398438 0.509766 0.399414 0.514648 0.402344 0.519008 0.403328 0.522461 0.40625 0.526367 0.411133 0.532974 0.41709 0.536133 0.419922 0.536133 0.426758 0.53418 0.432617 0.532227 0.436523 0.527344 0.438477 0.524414 0.439453 0.520508 0.439453 0.520508 0.439453 0.516602 0.443359 0.511719 0.44043
1 0.515625 0.402344 0.507812 0.398438 0.50293 0.398438 0.49594 0.397416 0.48942 0.387875 0.486543 0.376836 0.493218 0.370292 0.498047 0.367188 0.5 0.364258 0.50293 0.364258 0.503906 0.367188 0.508789 0.365234 0.512695 0.364258 0.519531 0.365234 0.521484 0.367188 0.522461 0.37207 0.526367 0.374023 0.529297 0.374023 0.530273 0.37207 0.533203 0.37207 0.53418 0.374023 0.537109 0.374023 0.540039 0.375977 0.543945 0.375977 0.545898 0.378906 0.548828 0.379883 0.552734 0.37793 0.556641 0.376953 0.5625 0.378906 0.567383 0.381836 0.573242 0.383789 0.575195 0.384766 0.578125 0.385742 0.582031 0.384766 0.582031 0.382812 0.585938 0.382812 0.591797 0.384766 0.595703 0.386719 0.597656 0.393555 0.599609 0.397461 0.599609 0.401367 0.594727 0.405273 0.594727 0.407227 0.592773 0.408203 0.588867 0.408203 0.586914 0.405273 0.584961 0.407227 0.581055 0.408203 0.577148 0.408203 0.574219 0.405273 0.572266 0.40625 0.570312 0.407227 0.569336 0.40918 0.563477 0.40918 0.557617 0.407227 0.554688 0.402344 0.554688 0.398438 0.552734 0.398438 0.549805 0.400391 0.548828 0.400391 0.546875 0.399414 0.542969 0.401367 0.541992 0.402344 0.543945 0.405273 0.541992 0.407227 0.541992 0.408203 0.542969 0.411133 0.541016 0.413086 0.539062 0.414062 0.536133 0.416016 0.533203 0.417969 0.52832 0.413086 0.523438 0.407227 0.518555 0.40332
0 0.580078 0.457031 0.57299 0.455869 0.568359 0.443359 0.569336 0.439453 0.570312 0.43457 0.575195 0.433594 0.579102 0.435547 0.582512 0.438367 0.586914 0.44043 0.59082 0.435547 0.59375 0.435547 0.597656 0.436523 0.597656 0.439453 0.595703 0.442383 0.59375 0.447266 0.595097 0.451284 0.592608 0.456364 0.588318 0.458505
0 0.611034 0.41774 0.605516 0.405281 0.603322 0.400865 0.602417 0.394636 0.606445 0.392578 0.613281 0.392578 0.616211 0.391602 0.619141 0.387695 0.623047 0.390625 0.625977 0.394531 0.62793 0.398438 0.630859 0.397461 0.635742 0.401367 0.638672 0.404297 0.636719 0.410156 0.635742 0.415039 0.634893 0.417646 0.634305 0.422342 0.630573 0.424063 0.62743 0.423364 0.625032 0.420297 0.623047 0.416992 0.621094 0.416016 0.619141 0.417969 0.616211 0.417969
0 0.650391 0.430664 0.647872 0.428198 0.643374 0.422998 0.640894 0.418342 0.638672 0.416992 0.635742 0.415039 0.637695 0.408203 0.640625 0.405273 0.641602 0.401367 0.64645 0.401584 0.649414 0.399414 0.65332 0.399414 0.657227 0.400391 0.660156 0.402344 0.664062 0.40332 0.665039 0.407227 0.663548 0.412967 0.66315 0.417113 0.66315 0.423134 0.661547 0.427451 0.6591 0.429762 0.657227 0.429688 0.654297 0.427734 0.65332 0.428711 0.651367 0.428711
0 0.664448 0.408894 0.666992 0.407227 0.670384 0.407312 0.673828 0.407227 0.676082 0.408193 0.679688 0.408203 0.682617 0.40918 0.684312 0.413393 0.68457 0.418945 0.683246 0.424928 0.680893 0.428152 0.677519 0.430435 0.673448 0.431834 0.67031 0.431256 0.666225 0.430921 0.663486 0.429795 0.661813 0.428761 0.662998 0.422037 0.663086 0.415039
0 0.704102 0.435547 0.701952 0.437065 0.698163 0.437845 0.694505 0.437438 0.691836 0.435305 0.689018 0.428734 0.690518 0.421147 0.693187 0.415694 0.696289 0.413086 0.699794 0.410919 0.704102 0.412109 0.707031 0.416016 0.706055 0.421875 0.705775 0.428802 0.705078 0.43457
0 0.704619 0.407693 0.700622 0.406803 0.697506 0.4037 0.696024 0.399392 0.696862 0.394853 0.701014 0.392813 0.706646 0.391722 0.711914 0.392578 0.715017 0.394849 0.716833 0.396893 0.715017 0.399938 0.71197 0.403126 0.70937 0.404648
0 0.711291 0.388629 0.707479 0.387072 0.705078 0.383789 0.705342 0.378459 0.706954 0.374993 0.708008 0.37207 0.711914 0.37207 0.71582 0.37207 0.718901 0.374437 0.718877 0.378255 0.718877 0.382703 0.716972 0.385289 0.71481 0.386922 0.713759 0.38775
0 0.578125 0.210938 0.574722 0.20905 0.569479 0.203374 0.569 0.197411 0.570312 0.191406 0.576172 0.1875 0.583008 0.1875 0.587891 0.191406 0.592773 0.194336 0.59375 0.196289 0.592773 0.200195 0.59082 0.203125 0.588867 0.206055 0.586914 0.208008 0.583984 0.209961
0 0.736068 0.00278613 0.735766 0.00387012 0.736068 0.00858398 0.736753 0.0130029 0.740479 0.015916 0.745145 0.0162764 0.748951 0.0144102 0.752279 0.0104824 0.752932 0.0042959 0.752327 7.32422e-05 0.750543 0 0.736243 0
0 0.807617 0.0869141 0.8056 0.088124 0.801933 0.0877314 0.799189 0.0848369 0.799102 0.0804355 0.802734 0.0771484 0.807617 0.0761719 0.813227 0.0740127 0.816894 0.0748877 0.816406 0.0791016 0.816406 0.0830078 0.814453 0.0849609 0.811523 0.0849609 0.810547 0.0859375
0 0.808594 0.0986328 0.806641 0.0986328 0.805664 0.0966797 0.804688 0.0947266 0.804688 0.0927734 0.804688 0.0898438 0.807617 0.0888672 0.811523 0.0888672 0.8125 0.0888672 0.815538 0.0890967 0.817383 0.0927734 0.815369 0.0948984 0.813764 0.0975176 0.812404 0.0988184
1 0.647245 0.0388633 0.654297 0.0322266 0.661133 0.0283203 0.667534 0.026749 0.675781 0.0263672 0.679688 0.0292969 0.678683 0.0336816 0.677191 0.0380244 0.673445 0.0412715 0.667126 0.0415996 0.660665 0.0441904 0.656671 0.0467813 0.653315 0.0482412 0.650391 0.0458984 0.646484 0.0449219 0.643555 0.0410156
0 0.584961 0.157227 0.582306 0.157085 0.578296 0.154203 0.578009 0.148346 0.579667 0.144782 0.583984 0.144531 0.586914 0.145508 0.59082 0.145508 0.589844 0.15332 0.588867 0.155273
0 0.632313 0.300935 0.640625 0.299805 0.641602 0.297852 0.643555 0.298828 0.644531 0.300781 0.649414 0.300781 0.652662 0.30341 0.657963 0.306758 0.657462 0.313882 0.657462 0.32063 0.654423 0.325812 0.651254 0.328592 0.646323 0.331145 0.641412 0.331602 0.637854 0.331335 0.632998 0.328782 0.628439 0.325926 0.62793 0.323242 0.630812 0.317734 0.632812 0.30957 0.633789 0.308594 0.630859 0.304688
0 0.22168 0.0996094 0.224609 0.105469 0.228516 0.106445 0.229492 0.103516 0.232422 0.104492 0.232422 0.107422 0.232422 0.111328 0.230469 0.114258 0.230469 0.120117 0.230469 0.124023 0.228516 0.125 0.219727 0.12207 0.213867 0.120117 0.214844 0.111328 0.217773 0.106445
0 0.223633 0.0957031 0.227539 0.0957031 0.230469 0.09375 0.235352 0.0966797 0.233398 0.0996094 0.236328 0.101562 0.242188 0.106445 0.245117 0.111328 0.246094 0.116211 0.242188 0.118164 0.242188 0.124023 0.238281 0.125977 0.233398 0.125 0.230469 0.124023 0.231445 0.112305 0.232422 0.107422 0.224609 0.105469 0.222656 0.102539
1 0.204102 0.0224609 0.207031 0.0253906 0.208008 0.03125 0.208984 0.0332031 0.216797 0.0302734 0.21582 0.0351562 0.227539 0.0351562 0.231445 0.0400391 0.234375 0.0400391 0.237305 0.0400391 0.244141 0.0410156 0.249023 0.0400391 0.25293 0.0400391 0.256836 0.0341797 0.258789 0.0302734 0.258789 0.0283203 0.257812 0.0234375 0.256836 0.0185547 0.259766 0.015625 0.260742 0.0205078 0.263672 0.0195312 0.270508 0.0175781 0.275391 0.0126953 0.274414 0.00976562 0.271484 0.00390625 0.269531 0 0.233398 0 0.230469 0.00488281 0.217773 0.0136719 0.212891 0.0205078
0 0.384766 0 0.37793 0.00585938 0.376953 0.00976562 0.373047 0.0136719 0.376953 0.0234375 0.376953 0.0234375 0.380859 0.0253906 0.382812 0.0292969 0.381836 0.0302734 0.37793 0.0341797 0.376953 0.0371094 0.376953 0.0410156 0.376953 0.0429688 0.380859 0.0537109 0.380859 0.0585938 0.376953 0.0585938 0.375 0.0566406 0.374023 0.0566406 0.374023 0.0615234 0.375977 0.0693359 0.382812 0.0800781 0.386719 0.0859375 0.391602 0.0849609 0.391602 0.0800781 0.398438 0.0800781 0.398438 0.0849609 0.399414 0.0888672 0.399414 0.09375 0.396484 0.0957031 0.398438 0.101562 0.398438 0.105469 0.40332 0.111328 0.40332 0.116211 0.407227 0.117188 0.411133 0.115234 0.415039 0.114258 0.416992 0.119141 0.418945 0.119141 0.423828 0.116211 0.426758 0.112305 0.436523 0.107422 0.438477 0.105469 0.436523 0.102539 0.443359 0.0976562 0.446289 0.0957031 0.447266 0.0908203 0.450195 0.0869141 0.452148 0.0820312 0.451172 0.0703125 0.451172 0.0634766 0.449219 0.0615234 0.449219 0.0566406 0.448242 0.0556641 0.442383 0.0507812 0.443359 0.0488281 0.446289 0.046875 0.445312 0.0439453 0.446289 0.0380859 0.44043 0.0341797 0.438477 0.0332031 0.445312 0.0273438 0.442383 0.0224609 0.438477 0.0224609 0.430664 0.0195312 0.425781 0.0195312 0.425781 0.0126953 0.426758 0.00878906 0.421875 0.0078125 0.418945 0.00488281 0.412109 0
0 0.445312 0.0429688 0.449219 0.0400391 0.450195 0.0429688 0.452148 0.0429688 0.455078 0.0380859 0.458984 0.0322266 0.462891 0.0351562 0.467773 0.0371094 0.467773 0.0400391 0.472656 0.0390625 0.472656 0.0410156 0.473633 0.0419922 0.475586 0.0439453 0.475586 0.0488281 0.47168 0.0556641 0.470703 0.0585938 0.470703 0.0605469 0.469727 0.0625 0.467773 0.0634766 0.467773 0.0654297 0.470703 0.0683594 0.47168 0.0712891 0.473633 0.0712891 0.474609 0.0742188 0.473633 0.0771484 0.472656 0.0810547 0.469727 0.0830078 0.469727 0.0869141 0.473633 0.0869141 0.475586 0.0908203 0.476562 0.0966797 0.478516 0.0966797 0.479492 0.0976562 0.482422 0.0996094 0.482422 0.109375 0.480469 0.110352 0.480469 0.120117 0.478516 0.123047 0.477539 0.123047 0.476562 0.125 0.473633 0.125 0.473633 0.124023 0.470703 0.125 0.466797 0.126953 0.464844 0.126953 0.462891 0.125977 0.461914 0.125977 0.458984 0.126953 0.456055 0.125977 0.454102 0.124023 0.444336 0.115234 0.442383 0.112305 0.439453 0.108398 0.439453 0.105469 0.4375 0.102539 0.442383 0.0986328 0.445312 0.0966797 0.447266 0.0947266 0.447266 0.0927734 0.446289 0.0917969 0.449219 0.0869141 0.452148 0.0820312 0.451172 0.0761719 0.451172 0.0634766 0.449219 0.0615234 0.449219 0.0595703 0.449219 0.0566406 0.442383 0.0507812 0.443359 0.0488281 0.445312 0.0478516 0.446289 0.046875
1 1 0.0195312 0.994141 0.0195312 0.988281 0.0205078 0.988281 0.0205078 0.985352 0.0205078 0.984375 0.0224609 0.981445 0.0253906 0.979492 0.0273438 0.975586 0.0263672 0.972656 0.0214844 0.969727 0.0205078 0.962891 0.0205078 0.960938 0.0224609 0.956055 0.0253906 0.954102 0.0224609 0.951172 0.0244141 0.946289 0.0234375 0.943359 0.0234375 0.938477 0.0234375 0.93457 0.0273438 0.932617 0.0332031 0.932617 0.0332031 0.925781 0.0449219 0.920898 0.046875 0.920898 0.0605469 0.921875 0.0673828 0.916992 0.0683594 0.916992 0.0683594 0.915039 0.0693359 0.917969 0.0742188 0.912109 0.0810547 0.911133 0.0849609 0.916992 0.0888672 0.910156 0.0878906 0.90625 0.0878906 0.90332 0.0888672 0.902344 0.0957031 0.90332 0.100586 0.904297 0.102539 0.900391 0.106445 0.896484 0.107422 0.898438 0.111328 0.899414 0.116211 0.905273 0.118164 0.907227 0.120117 0.90332 0.123047 0.902344 0.129883 0.898438 0.128906 0.896484 0.132812 0.893555 0.135742 0.893555 0.140625 0.894531 0.149414 0.899414 0.148438 0.898438 0.151367 0.894531 0.149414 0.892578 0.151367 0.890625 0.155273 0.888672 0.15625 0.886719 0.15625 0.884766 0.158203 0.882812 0.160156 0.880859 0.161133 0.881836 0.164062 0.882812 0.165039 0.882812 0.167969 0.885742 0.167969 0.887695 0.166016 0.888672 0.166992 0.887695 0.167969 0.886719 0.168945 0.883789 0.169922 0.883789 0.171875 0.883789 0.173828 0.885742 0.173828 0.885742 0.174805 0.884766 0.176758 0.888672 0.179688 0.890625 0.177734 0.893555 0.176758 0.896484 0.177734 0.898438 0.177734 0.900391 0.178711 0.902344 0.176758 0.902344 0.172852 0.904297 0.172852 0.905273 0.175781 0.913086 0.176758 0.919922 0.173828 0.919922 0.169922 0.918945 0.166992 0.918945 0.165039 0.921875 0.166992 0.923828 0.167969 0.923828 0.170898 0.923828 0.173828 0.924805 0.173828 0.930664 0.169922 0.933594 0.167969 0.931641 0.165039 0.932617 0.158203 0.930664 0.157227 0.929688 0.151367 0.926758 0.151367 0.924805 0.145508 0.922852 0.143555 0.920898 0.133789 0.919922 0.128906 0.920898 0.125977 0.923828 0.125977 0.927734 0.120117 0.929688 0.117188 0.927734 0.113281 0.931641 0.111328 0.933594 0.114258 0.935547 0.111328 0.9375 0.109375 0.941406 0.108398 0.942383 0.110352 0.944336 0.111328 0.948242 0.111328 0.950195 0.112305 0.951172 0.114258 0.954102 0.113281 0.958984 0.112305 0.958984 0.112305 0.959961 0.113281 0.960938 0.112305 0.963867 0.113281 0.964844 0.114258 0.967773 0.113281 0.970703 0.113281 0.970703 0.118164 0.973633 0.120117 0.979492 0.125 0.988281 0.128906 0.992188 0.128906 0.99707 0.128906 1 0.12793
0 0.979492 0.140625 0.976562 0.139648 0.974609 0.139648 0.974609 0.138672 0.973633 0.138672 0.972656 0.139648 0.969727 0.141602 0.967773 0.143555 0.966797 0.145508 0.96582 0.147461 0.96582 0.148438 0.970703 0.148438 0.970703 0.150391 0.969727 0.152344 0.969727 0.154297 0.96875 0.15625 0.96875 0.158203 0.97168 0.158203 0.972656 0.15918 0.973633 0.15918 0.974609 0.157227 0.975586 0.157227 0.975586 0.158203 0.976562 0.15918 0.977539 0.15918 0.978516 0.157227 0.982422 0.15625 0.982422 0.15625 0.982422 0.152344 0.984375 0.150391 0.983398 0.148438 0.979492 0.147461 0.979492 0.146484 0.977539 0.145508 0.977539 0.144531 0.979492 0.143555 0.980469 0.142578
0 0.869141 0.292969 0.871094 0.290039 0.875 0.285156 0.875977 0.28418 0.878906 0.28418 0.884766 0.28418 0.889648 0.287109 0.892578 0.290039 0.892578 0.291992 0.893555 0.297852 0.892578 0.300781 0.891602 0.302734 0.888672 0.306641 0.887695 0.308594 0.884766 0.308594 0.882812 0.307617 0.879883 0.307617 0.87793 0.306641 0.875 0.306641 0.874023 0.304688 0.871094 0.302734 0.870117 0.299805 0.869141 0.295898
0 0.868164 0.313477 0.871094 0.310547 0.873047 0.306641 0.874023 0.305664 0.875977 0.306641 0.87793 0.306641 0.879883 0.307617 0.880859 0.307617 0.882812 0.307617 0.883789 0.308594 0.887695 0.308594 0.889648 0.305664 0.890625 0.305664 0.891602 0.306641 0.891602 0.308594 0.894531 0.308594 0.894531 0.311523 0.896484 0.3125 0.898438 0.31543 0.898438 0.316406 0.895508 0.317383 0.892578 0.318359 0.892578 0.320312 0.893555 0.321289 0.892578 0.323242 0.889648 0.323242 0.888672 0.324219 0.888672 0.325195 0.880859 0.323242 0.875977 0.319336 0.871094 0.319336 0.870117 0.31543
0 0.865234 0.361328 0.864258 0.363281 0.869141 0.369141 0.873047 0.370117 0.875 0.371094 0.87793 0.362305 0.873047 0.363281
1 0.853516 0.364258 0.856445 0.364258 0.860352 0.364258 0.862305 0.368164 0.866211 0.369141 0.869141 0.370117 0.869141 0.37207 0.867188 0.373047 0.868164 0.375977 0.867188 0.37793 0.865234 0.379883 0.860352 0.381836 0.860352 0.386719 0.859375 0.390625 0.857422 0.394531 0.860352 0.396484 0.860352 0.399414 0.856445 0.401367 0.854492 0.405273 0.852539 0.40625 0.853516 0.40918 0.853516 0.414062 0.853516 0.414062 0.850586 0.416992 0.850586 0.417969 0.850586 0.418945 0.851562 0.419922 0.851562 0.423828 0.850586 0.428711 0.848633 0.429688 0.84375 0.430664 0.841797 0.432617 0.836914 0.433594 0.832031 0.429688 0.833008 0.424805 0.834961 0.417969 0.836914 0.416016 0.837891 0.412109 0.838867 0.412109 0.839844 0.401367 0.841797 0.396484 0.842773 0.393555 0.847656 0.389648 0.844727 0.387695 0.845703 0.383789 0.848633 0.381836 0.849609 0.379883 0.84668 0.379883 0.844727 0.378906 0.844727 0.376953 0.84668 0.375 0.84668 0.37207 0.844727 0.370117 0.845703 0.365234 0.84668 0.364258 0.849609 0.364258
0 0.84668 0.561523 0.852539 0.557617 0.853516 0.558594 0.853516 0.560547 0.853516 0.561523 0.851562 0.564453 0.852539 0.572266 0.854492 0.575195 0.858398 0.578125 0.855469 0.579102 0.853516 0.580078 0.852539 0.576172 0.848633 0.580078 0.84375 0.582031 0.838867 0.577148 0.84375 0.574219 0.84668 0.568359
1 0.873047 0.561523 0.875 0.561523 0.882812 0.564453 0.884766 0.566406 0.886719 0.56543 0.886719 0.563477 0.891602 0.5625 0.895508 0.564453 0.902344 0.566406 0.90625 0.568359 0.90918 0.570312 0.90918 0.580078 0.907227 0.583008 0.904297 0.585938 0.897461 0.586914 0.895508 0.587891 0.891602 0.586914 0.887695 0.583984 0.883789 0.582031 0.879883 0.582031 0.875977 0.580078 0.873047 0.579102 0.871094 0.579102 0.869141 0.577148 0.868164 0.576172 0.870117 0.575195 0.873047 0.569336
1 0.889648 0.673828 0.890625 0.672852 0.890625 0.670898 0.893555 0.668945 0.896484 0.666992 0.899414 0.666992 0.900391 0.666016 0.905273 0.666016 0.914062 0.667969 0.930664 0.671875 0.942383 0.674805 0.950195 0.676758 0.960938 0.678711 0.966797 0.679688 0.967773 0.680664 0.976562 0.682617 0.982422 0.683594 0.986328 0.685547 0.988281 0.686523 0.992188 0.6875 0.995117 0.689453 0.99707 0.692383 0.999023 0.694336 1 0.697266 1 0.702148 0.994141 0.704102 0.991211 0.706055 0.987305 0.707031 0.963867 0.701172 0.941406 0.693359 0.916992 0.686523 0.901367 0.682617 0.890625 0.675781
0 0.984375 0.829102 0.980469 0.832031 0.979492 0.833984 0.978516 0.835938 0.978516 0.836914 0.980469 0.838867 0.983398 0.837891 0.985352 0.839844 0.986328 0.836914 0.987305 0.829102
0 0.980469 0.845703 0.975586 0.847656 0.975586 0.850586 0.976562 0.854492 0.977539 0.855469 0.979492 0.858398 0.982422 0.857422 0.984375 0.851562 0.984375 0.848633
0 0.926758 0.885742 0.926758 0.889648 0.928711 0.892578 0.931641 0.895508 0.9375 0.894531 0.9375 0.893555 0.939453 0.892578 0.943359 0.888672 0.938477 0.886719
1 0.964844 0.904297 0.961914 0.908203 0.960938 0.912109 0.958984 0.916016 0.958984 0.917969 0.958984 0.921875 0.958008 0.924805 0.956055 0.926758 0.955078 0.927734 0.955078 0.930664 0.957031 0.930664 0.959961 0.931641 0.962891 0.931641 0.96582 0.919922 0.96875 0.912109 0.967773 0.908203
0 0.820312 0.756836 0.819336 0.759766 0.818359 0.762695 0.823242 0.764648 0.825195 0.766602 0.830078 0.767578 0.834961 0.765625 0.835938 0.761719 0.833984 0.760742 0.831055 0.757812
0 0.834961 0.760742 0.838867 0.760742 0.841797 0.760742 0.844727 0.763672 0.848633 0.764648 0.84668 0.766602 0.84375 0.768555 0.84082 0.768555 0.836914 0.767578 0.833008 0.767578 0.832031 0.766602 0.834961 0.765625
0 0.761719 0.942383 0.764648 0.939453 0.770508 0.938477 0.773438 0.94043 0.774414 0.941406 0.773438 0.944336 0.772461 0.948242 0.770508 0.950195 0.765625 0.949219 0.762695 0.947266
0 0.730469 0.97168 0.732422 0.969727 0.735352 0.969727 0.741211 0.972656 0.741211 0.973633 0.741211 0.977539 0.739258 0.977539 0.734375 0.978516 0.731445 0.977539 0.731445 0.974609
0 0.706055 0.96582 0.708008 0.962891 0.710938 0.962891 0.713867 0.962891 0.717773 0.96582 0.716797 0.967773 0.71582 0.97168 0.712891 0.973633 0.709961 0.972656 0.708008 0.96875
0 0.848633 0.503906 0.84375 0.508789 0.84668 0.513672 0.851562 0.518555 0.858398 0.514648 0.861328 0.511719 0.860352 0.505859 0.859375 0.503906 0.857422 0.503906 0.852539 0.50293
1 0.803711 0.566406 0.799805 0.56543 0.801758 0.5625 0.801758 0.557617 0.805664 0.557617 0.807617 0.55957 0.808594 0.560547 0.806641 0.547852 0.80957 0.546875 0.810547 0.540039 0.813477 0.541016 0.81543 0.541016 0.818359 0.543945 0.821289 0.546875 0.818359 0.549805 0.816406 0.552734 0.816406 0.561523 0.813477 0.563477 0.811523 0.566406 0.80957 0.568359 0.807617 0.567383
0 0.930664 0.394531 0.933594 0.394531 0.94043 0.391602 0.950195 0.379883 0.956055 0.383789 0.958008 0.386719 0.957031 0.390625 0.953125 0.396484 0.949219 0.396484 0.949219 0.399414 0.949219 0.401367 0.942383 0.399414 0.938477 0.396484 0.9375 0.398438 0.935547 0.397461 0.932617 0.395508
1 0.664062 0.00292969 0.667969 0.000976562 0.671875 0.000976562 0.673828 0.00292969 0.676758 0.00292969 0.677734 0.000976562 0.689453 0.000976562 0.692383 0.00488281 0.695312 0.00488281 0.701172 0.00292969 0.703125 0.00292969 0.704102 0.00488281 0.710938 0.00390625 0.710938 0.00390625 0.714844 0.00292969 0.714844 0.000976562 0.71875 0.000976562 0.72168 0.00195312 0.723633 0.00292969 0.725586 0.00292969 0.728516 0.00292969 0.731445 0 0.736328 0 0.735352 0.00878906 0.733398 0.0117188 0.730469 0.0146484 0.723633 0.0126953 0.720703 0.0117188 0.71582 0.0107422 0.71582 0.0136719 0.712891 0.0136719 0.710938 0.0146484 0.708008 0.0136719 0.707031 0.0136719 0.706055 0.0136719 0.702148 0.0136719 0.699219 0.015625 0.697266 0.0146484 0.693359 0.015625 0.693359 0.0136719 0.69043 0.0126953 0.689453 0.0146484 0.686523 0.015625 0.682617 0.0166016 0.681641 0.0185547 0.676758 0.0195312 0.670898 0.0205078 0.672852 0.0185547 0.668945 0.0117188 0.666016 0.00488281
1 0.675781 0.0263672 0.676758 0.0244141 0.679688 0.0205078 0.682617 0.0205078 0.685547 0.0224609 0.6875 0.0185547 0.692383 0.0195312 0.694336 0.0175781 0.700195 0.0166016 0.705078 0.0166016 0.708008 0.015625 0.709961 0.0166016 0.712891 0.015625 0.71582 0.0146484 0.71875 0.0146484 0.724609 0.0146484 0.728516 0.015625 0.732422 0.0175781 0.734375 0.0195312 0.737305 0.0175781 0.740234 0.0175781 0.741211 0.0166016 0.744141 0.0166016 0.749023 0.0146484 0.750977 0.0126953 0.757812 0.0117188 0.771484 0.0126953 0.785156 0.0117188 0.81543 0.00878906 0.819336 0.00878906 0.831055 0.0078125 0.831055 0.0078125 0.835938 0.0078125 0.837891 0.00683594 0.842773 0.00683594 0.848633 0.0078125 0.855469 0.00878906 0.855469 0.0126953 0.858398 0.0136719 0.860352 0.0185547 0.859375 0.0234375 0.856445 0.0283203 0.854492 0.0292969 0.855469 0.0322266 0.855469 0.0380859 0.853516 0.0439453 0.851562 0.0458984 0.850586 0.0478516 0.849609 0.0546875 0.849609 0.0634766 0.84375 0.0722656 0.836914 0.0732422 0.833984 0.0703125 0.832031 0.0693359 0.829102 0.0693359 0.827148 0.0722656 0.820312 0.0742188 0.820312 0.0742188 0.817383 0.0751953 0.813477 0.0742188 0.813477 0.0712891 0.811523 0.0712891 0.810547 0.0732422 0.807617 0.0732422 0.807617 0.0722656 0.805664 0.0722656 0.804688 0.0732422 0.803711 0.0742188 0.800781 0.0751953 0.798828 0.0751953 0.797852 0.0761719 0.796875 0.0771484 0.791992 0.0771484 0.791016 0.0751953 0.791016 0.0732422 0.790039 0.0742188 0.789062 0.0742188 0.786133 0.0712891 0.78418 0.0712891 0.782227 0.0712891 0.779297 0.0703125 0.77832 0.0673828 0.779297 0.0644531 0.782227 0.0634766 0.782227 0.0595703 0.78418 0.0537109 0.787109 0.0527344 0.789062 0.0527344 0.790039 0.0507812 0.792969 0.0498047 0.794922 0.0507812 0.793945 0.0517578 0.795898 0.0517578 0.796875 0.0507812 0.797852 0.0498047 0.799805 0.0498047 0.800781 0.0507812 0.803711 0.0507812 0.804688 0.0517578 0.806641 0.0527344 0.807617 0.0537109 0.811523 0.0527344 0.811523 0.0507812 0.814453 0.0507812 0.81543 0.0488281 0.818359 0.0478516 0.819336 0.0449219 0.824219 0.0419922 0.831055 0.0390625 0.837891 0.0390625 0.837891 0.03125 0.837891 0.03125 0.84375 0.0273438 0.841797 0.0224609 0.839844 0.0205078 0.837891 0.0224609 0.833984 0.0244141 0.831055 0.0224609 0.830078 0.0224609 0.827148 0.0244141 0.824219 0.0244141 0.821289 0.0224609 0.820312 0.0234375 0.818359 0.0244141 0.814453 0.0234375 0.813477 0.0244141 0.810547 0.0263672 0.810547 0.0302734 0.805664 0.0322266 0.802734 0.0302734 0.800781 0.0283203 0.797852 0.0292969 0.793945 0.0292969 0.791992 0.0273438 0.790039 0.0302734 0.786133 0.0292969 0.782227 0.0273438 0.779297 0.0283203 0.774414 0.0302734 0.772461 0.0283203 0.770508 0.0283203 0.767578 0.0302734 0.765625 0.0322266 0.761719 0.0332031 0.757812 0.0341797 0.753906 0.0341797 0.75293 0.0351562 0.748047 0.0351562 0.746094 0.0351562 0.744141 0.0361328 0.742188 0.0380859 0.738281 0.0371094 0.730469 0.0361328 0.728516 0.0341797 0.726562 0.0332031 0.724609 0.0332031 0.722656 0.03125 0.720703 0.0322266 0.717773 0.0332031 0.712891 0.0332031 0.709961 0.0322266 0.708008 0.0322266 0.705078 0.03125 0.700195 0.0322266 0.700195 0.0341797 0.698242 0.0371094 0.695312 0.0371094 0.69043 0.0351562 0.686523 0.0351562 0.683594 0.0322266 0.682617 0.03125 0.679688 0.0292969
0 0.599609 0.12207 0.601562 0.12207 0.601562 0.118164 0.605469 0.119141 0.608398 0.121094 0.610352 0.12207 0.611328 0.124023 0.612305 0.126953 0.614258 0.130859 0.614258 0.134766 0.613281 0.135742 0.611328 0.136719 0.606445 0.135742 0.606445 0.135742 0.602539 0.135742 0.598633 0.133789 0.598633 0.132812 0.600586 0.12793 0.600586 0.12793 0.601562 0.125977 0.599609 0.125
0 0.548828 0.202148 0.548828 0.199219 0.550781 0.194336 0.554688 0.193359 0.560547 0.194336 0.5625 0.197266 0.563477 0.200195 0.5625 0.202148 0.55957 0.204102 0.555664 0.206055 0.551758 0.205078
0 0.551758 0.193359 0.550781 0.191406 0.552734 0.1875 0.55957 0.186523 0.564453 0.19043 0.564453 0.193359 0.5625 0.196289 0.560547 0.194336 0.553711 0.193359
0 0.553711 0.186523 0.552734 0.182617 0.556641 0.177734 0.561523 0.176758 0.564453 0.177734 0.567383 0.183594 0.567383 0.183594 0.56543 0.185547 0.564453 0.188477 0.563477 0.188477 0.55957 0.1875
0 0.557617 0.163086 0.555664 0.166992 0.557617 0.169922 0.560547 0.171875 0.56543 0.170898 0.567383 0.167969 0.566406 0.165039 0.564453 0.163086 0.5625 0.163086
0 0.560547 0.155273 0.5625 0.146484 0.564453 0.145508 0.569336 0.146484 0.573242 0.152344 0.570312 0.154297 0.568359 0.157227 0.563477 0.157227
0 0.563477 0.145508 0.5625 0.143555 0.56543 0.136719 0.568359 0.136719 0.573242 0.138672 0.575195 0.142578 0.574219 0.146484 0.572266 0.147461 0.570312 0.148438 0.568359 0.146484
0 0.566406 0.135742 0.563477 0.132812 0.568359 0.125977 0.571289 0.124023 0.573242 0.125 0.577148 0.128906 0.576172 0.132812 0.575195 0.134766 0.572266 0.138672
0 0.556641 0.275391 0.555664 0.280273 0.555664 0.282227 0.553711 0.285156 0.552734 0.287109 0.554688 0.291016 0.557617 0.292969 0.561523 0.293945 0.563477 0.293945 0.563477 0.291016 0.566406 0.289062 0.567383 0.289062 0.569336 0.286133 0.570312 0.28418 0.568359 0.280273 0.567383 0.277344 0.56543 0.276367 0.563477 0.273438 0.560547 0.274414
0 0.657227 0.334961 0.65625 0.333008 0.654297 0.331055 0.652344 0.331055 0.650391 0.331055 0.647461 0.333008 0.646484 0.338867 0.647461 0.341797 0.650391 0.342773 0.651367 0.342773 0.65332 0.341797 0.655273 0.338867 0.655273 0.335938
0 0.689453 0.448242 0.691406 0.445312 0.689453 0.443359 0.694336 0.439453 0.698242 0.442383 0.702148 0.442383 0.707031 0.443359 0.712891 0.443359 0.712891 0.443359 0.71582 0.445312 0.719727 0.447266 0.72168 0.450195 0.720703 0.453125 0.719727 0.455078 0.719727 0.458984 0.717773 0.461914 0.713867 0.462891 0.709961 0.461914 0.708008 0.458008 0.705078 0.458984 0.701172 0.457031 0.696289 0.457031 0.693359 0.455078 0.688477 0.454102 0.688477 0.452148 0.689453 0.451172
0 0.598633 0.405273 0.59668 0.410156 0.595703 0.412109 0.59375 0.414062 0.592773 0.416016 0.592773 0.417969 0.592773 0.419922 0.59375 0.421875 0.597656 0.423828 0.599609 0.422852 0.604492 0.421875 0.606445 0.418945 0.607422 0.416016 0.607422 0.413086 0.605469 0.411133 0.604492 0.410156 0.603516 0.40918 0.602539 0.407227 0.600586 0.405273
0 0.707031 0.415039 0.709961 0.413086 0.712891 0.413086 0.71875 0.416992 0.720703 0.419922 0.71875 0.420898 0.717773 0.421875 0.71875 0.423828 0.71875 0.424805 0.716797 0.431641 0.71582 0.432617 0.713867 0.43457 0.708984 0.43457 0.707031 0.43457 0.705078 0.431641 0.706055 0.425781 0.706055 0.421875
0 0.604492 0.598633 0.604492 0.602539 0.605469 0.606445 0.608398 0.609375 0.612305 0.608398 0.616211 0.606445 0.618164 0.604492 0.618164 0.601562 0.617188 0.599609
0 0.628906 0.603516 0.62793 0.608398 0.62793 0.610352 0.632812 0.614258 0.635742 0.617188 0.637695 0.616211 0.641602 0.613281 0.644531 0.609375 0.643555 0.606445 0.642578 0.606445 0.639648 0.604492 0.636719 0.604492 0.634766 0.602539 0.631836 0.602539
0 0.650391 0.607422 0.650391 0.616211 0.65332 0.619141 0.657227 0.620117 0.661133 0.621094 0.665039 0.621094 0.670898 0.618164 0.669922 0.613281 0.669922 0.610352 0.667969 0.609375 0.665039 0.609375 0.663086 0.611328 0.662109 0.611328 0.660156 0.609375 0.65918 0.607422 0.654297 0.607422
0 0.679688 0.617188 0.679688 0.621094 0.679688 0.625 0.682617 0.62793 0.685547 0.628906 0.6875 0.626953 0.69043 0.623047 0.69043 0.619141 0.689453 0.619141 0.685547 0.618164 0.683594 0.618164
0 0.676758 0.637695 0.676758 0.639648 0.679688 0.644531 0.683594 0.643555 0.685547 0.639648 0.6875 0.638672 0.6875 0.632812 0.6875 0.632812 0.6875 0.630859 0.685547 0.629883 0.68457 0.629883 0.681641 0.628906 0.679688 0.628906 0.677734 0.631836
1 0.380859 0.691406 0.380859 0.688477 0.382812 0.686523 0.381836 0.683594 0.383789 0.681641 0.386719 0.679688 0.388672 0.678711 0.391602 0.679688 0.393555 0.680664 0.396484 0.676758 0.401367 0.675781 0.404297 0.678711 0.408203 0.680664 0.40918 0.683594 0.411133 0.682617 0.410156 0.680664 0.414062 0.678711 0.416992 0.677734 0.418945 0.678711 0.422852 0.677734 0.423828 0.678711 0.424805 0.679688 0.426758 0.678711 0.427734 0.675781 0.432617 0.677734 0.432617 0.679688 0.4375 0.682617 0.44043 0.6875 0.441406 0.688477 0.445312 0.691406 0.445312 0.696289 0.444336 0.700195 0.443359 0.702148 0.441406 0.703125 0.438477 0.708008 0.435547 0.709961 0.435547 0.711914 0.432617 0.713867 0.432617 0.716797 0.431641 0.719727 0.430664 0.72168 0.431641 0.724609 0.430664 0.726562 0.421875 0.722656 0.413086 0.717773 0.417969 0.713867 0.414062 0.704102 0.405273 0.700195 0.404297 0.700195 0.402344 0.694336 0.392578 0.688477 0.383789 0.688477 0.380859 0.692383
0 0.453125 0.667969 0.449219 0.667969 0.446289 0.669922 0.443359 0.670898 0.442383 0.672852 0.44043 0.673828 0.438477 0.676758 0.438477 0.677734 0.435547 0.678711 0.435547 0.680664 0.435547 0.681641 0.438477 0.683594 0.439453 0.686523 0.441406 0.6875 0.443359 0.688477 0.446289 0.686523 0.447266 0.683594 0.450195 0.685547 0.451172 0.68457 0.453125 0.68457 0.453125 0.676758 0.452148 0.671875
0 0.452148 0.861328 0.457031 0.860352 0.460938 0.861328 0.46582 0.862305 0.46875 0.863281 0.469727 0.862305 0.475586 0.862305 0.477539 0.862305 0.479492 0.865234 0.482422 0.867188 0.485352 0.868164 0.484375 0.87207 0.482422 0.874023 0.477539 0.875 0.474609 0.876953 0.469727 0.87793 0.464844 0.87793 0.463867 0.875977 0.461914 0.876953 0.459961 0.87793 0.457031 0.87793 0.454102 0.873047 0.456055 0.869141 0.454102 0.868164 0.451172 0.869141 0.449219 0.866211 0.450195 0.864258
0 0.487305 0.874023 0.493164 0.875 0.500977 0.87793 0.503906 0.879883 0.503906 0.883789 0.501953 0.885742 0.498047 0.885742 0.494141 0.885742 0.491211 0.883789 0.489258 0.880859 0.489258 0.87793 0.488281 0.875977
0 0.546875 0.927734 0.546875 0.925781 0.549805 0.925781 0.551758 0.927734 0.551758 0.931641 0.551758 0.93457 0.549805 0.935547 0.548828 0.936523 0.545898 0.936523 0.545898 0.93457 0.544922 0.933594 0.544922 0.931641 0.546875 0.931641
0 0.621094 0.84082 0.623047 0.838867 0.625977 0.836914 0.626953 0.836914 0.629883 0.836914 0.633789 0.836914 0.635742 0.837891 0.635742 0.84082 0.639648 0.84375 0.638672 0.845703 0.635742 0.84668 0.635742 0.850586 0.630859 0.851562 0.626953 0.849609 0.624023 0.848633 0.621094 0.848633 0.619141 0.844727
0 0.216797 0.9375 0.21875 0.926758 0.220703 0.925781 0.224609 0.924805 0.226562 0.925781 0.230469 0.928711 0.230469 0.933594 0.228516 0.9375 0.226562 0.94043 0.223633 0.939453 0.219727 0.938477
0 0.241211 0.964844 0.237305 0.967773 0.237305 0.972656 0.236328 0.975586 0.236328 0.979492 0.245117 0.986328 0.24707 0.985352 0.251953 0.983398 0.25293 0.975586 0.253906 0.967773 0.249023 0.964844 0.246094 0.964844
0 0.257812 0.989258 0.259766 0.988281 0.263672 0.988281 0.266602 0.987305 0.268555 0.987305 0.270508 0.986328 0.273438 0.987305 0.27832 0.991211 0.28125 0.993164 0.282227 0.99707 0.28125 0.999023 0.280273 1 0.266602 1 0.261719 0.996094 0.261719 0.996094 0.257812 0.994141
1 0.243164 0.826172 0.241211 0.832031 0.240234 0.839844 0.241211 0.849609 0.239258 0.850586 0.234375 0.852539 0.234375 0.857422 0.236328 0.861328 0.229492 0.869141 0.233398 0.87207 0.233398 0.874023 0.229492 0.875977 0.229492 0.87793 0.224609 0.886719 0.220703 0.891602 0.22168 0.896484 0.22168 0.898438 0.219727 0.902344 0.22168 0.908203 0.224609 0.913086 0.233398 0.912109 0.236328 0.904297 0.240234 0.902344 0.240234 0.905273 0.244141 0.902344 0.25293 0.897461 0.256836 0.890625 0.258789 0.875 0.256836 0.868164 0.260742 0.865234 0.263672 0.860352 0.261719 0.860352 0.257812 0.858398 0.255859 0.858398 0.251953 0.856445 0.253906 0.852539 0.255859 0.850586 0.253906 0.848633 0.253906 0.844727 0.250977 0.841797 0.25 0.839844 0.249023 0.836914 0.246094 0.833984 0.245117 0.828125 0.245117 0.826172
1 0.336914 0.831055 0.344727 0.831055 0.350586 0.831055 0.355469 0.834961 0.358398 0.833984 0.360352 0.833984 0.368164 0.834961 0.370117 0.833984 0.375 0.835938 0.376953 0.835938 0.380859 0.838867 0.382812 0.84082 0.384766 0.84082 0.383789 0.842773 0.381836 0.845703 0.379883 0.84668 0.376953 0.850586 0.374023 0.857422 0.37207 0.858398 0.369141 0.859375 0.367188 0.858398 0.366211 0.857422 0.365234 0.856445 0.364258 0.857422 0.362305 0.857422 0.359375 0.857422 0.355469 0.856445 0.353516 0.854492 0.353516 0.851562 0.351562 0.848633 0.350586 0.848633 0.349609 0.850586 0.348633 0.854492 0.345703 0.854492 0.34082 0.855469 0.34082 0.844727 0.339844 0.838867 0.338867 0.833984 0.337891 0.832031
0 0.216797 0.953125 0.217773 0.947266 0.220703 0.944336 0.224609 0.943359 0.230469 0.945312 0.231445 0.948242 0.230469 0.952148 0.227539 0.955078 0.225586 0.955078 0.22168 0.955078 0.219727 0.954102
0 0.124023 0.981445 0.124023 0.976562 0.12793 0.974609 0.133789 0.977539 0.134766 0.980469 0.132812 0.982422 0.130859 0.983398
0 0.0888672 0.947266 0.0957031 0.941406 0.0986328 0.941406 0.101562 0.943359 0.103516 0.946289 0.100586 0.950195 0.0986328 0.951172 0.0966797 0.952148 0.0927734 0.951172 0.0908203 0.950195
0 0.0908203 0.950195 0.0966797 0.952148 0.0986328 0.956055 0.0986328 0.958984 0.0976562 0.960938 0.0927734 0.961914 0.0869141 0.958008 0.0869141 0.954102
0 0.111328 0.883789 0.111328 0.881836 0.108398 0.879883 0.111328 0.87207 0.116211 0.873047 0.123047 0.874023 0.123047 0.876953 0.119141 0.880859 0.118164 0.883789
0 0.111328 0.864258 0.114258 0.859375 0.118164 0.857422 0.124023 0.859375 0.124023 0.859375 0.125977 0.861328 0.126953 0.864258 0.124023 0.869141 0.123047 0.873047 0.118164 0.873047 0.114258 0.871094 0.111328 0.867188
0 0.117188 0.853516 0.119141 0.849609 0.12207 0.847656 0.12793 0.847656 0.129883 0.853516 0.128906 0.858398 0.126953 0.860352 0.125977 0.861328 0.123047 0.859375 0.121094 0.857422 0.117188 0.858398
0 0.116211 0.84375 0.120117 0.833984 0.120117 0.833008 0.124023 0.832031 0.12793 0.832031 0.129883 0.834961 0.12793 0.836914 0.125977 0.839844 0.124023 0.84082 0.12207 0.844727 0.12207 0.84668 0.12207 0.848633 0.120117 0.84668 0.117188 0.84668 0.115234 0.845703
0 0.128906 0.797852 0.135742 0.797852 0.140625 0.797852 0.143555 0.800781 0.140625 0.804688 0.136719 0.805664 0.132812 0.808594 0.133789 0.811523 0.131836 0.816406 0.129883 0.819336 0.128906 0.823242 0.125977 0.823242 0.125 0.820312 0.123047 0.819336 0.126953 0.807617
0 0.174805 0.674805 0.167969 0.675781 0.165039 0.678711 0.164062 0.68457 0.168945 0.688477 0.173828 0.685547 0.173828 0.682617 0.174805 0.678711 0.175781 0.676758
0 0.260742 0.604492 0.263672 0.601562 0.267578 0.602539 0.270508 0.604492 0.270508 0.606445 0.268555 0.609375 0.266602 0.610352 0.262695 0.610352 0.260742 0.608398
0 0.275391 0.608398 0.27832 0.606445 0.28125 0.606445 0.28418 0.608398 0.28418 0.613281 0.283203 0.614258 0.27832 0.614258 0.275391 0.612305
0 0.295898 0.613281 0.300781 0.609375 0.304688 0.612305 0.306641 0.614258 0.306641 0.618164 0.303711 0.620117 0.299805 0.619141 0.296875 0.616211
0 0.231445 0.476562 0.234375 0.474609 0.236328 0.473633 0.241211 0.473633 0.243164 0.475586 0.245117 0.475586 0.248047 0.478516 0.248047 0.479492 0.24707 0.480469 0.249023 0.483398 0.25 0.489258 0.248047 0.489258 0.245117 0.490234 0.243164 0.488281 0.242188 0.488281 0.242188 0.490234 0.239258 0.491211 0.235352 0.491211 0.235352 0.490234 0.232422 0.490234 0.231445 0.488281 0.232422 0.486328 0.234375 0.482422 0.232422 0.481445 0.231445 0.478516
0 0.228516 0.451172 0.227539 0.451172 0.223633 0.451172 0.224609 0.448242 0.224609 0.445312 0.225586 0.443359 0.226562 0.438477 0.228516 0.4375 0.233398 0.438477 0.233398 0.441406 0.234375 0.445312 0.235352 0.446289 0.236328 0.450195 0.234375 0.452148 0.231445 0.452148 0.229492 0.452148
0 0.224609 0.451172 0.223633 0.454102 0.222656 0.456055 0.220703 0.458984 0.220703 0.459961 0.222656 0.462891 0.222656 0.464844 0.225586 0.464844 0.227539 0.464844 0.229492 0.464844 0.231445 0.460938 0.231445 0.456055 0.232422 0.454102 0.232422 0.452148 0.229492 0.452148 0.228516 0.451172
1 0.235352 0.411133 0.233398 0.412109 0.234375 0.415039 0.233398 0.416016 0.233398 0.417969 0.233398 0.420898 0.232422 0.422852 0.232422 0.422852 0.231445 0.424805 0.231445 0.427734 0.233398 0.429688 0.234375 0.428711 0.237305 0.427734 0.237305 0.423828 0.238281 0.419922 0.240234 0.417969 0.241211 0.416016 0.242188 0.411133 0.240234 0.411133 0.239258 0.410156 0.237305 0.411133
1 0.296875 0.15332 0.293945 0.15625 0.290039 0.160156 0.290039 0.165039 0.286133 0.167969 0.283203 0.170898 0.282227 0.175781 0.283203 0.180664 0.283203 0.180664 0.282227 0.182617 0.282227 0.185547 0.283203 0.188477 0.285156 0.193359 0.288086 0.195312 0.297852 0.192383 0.299805 0.189453 0.301758 0.186523 0.306641 0.183594 0.307617 0.176758 0.310547 0.172852 0.303711 0.168945 0.302734 0.166992 0.300781 0.165039 0.304688 0.161133 0.301758 0.15918 0.298828 0.15625 0.298828 0.154297
0 0.0732422 0.345703 0.0732422 0.342773 0.0761719 0.341797 0.0810547 0.34082 0.0839844 0.339844 0.0859375 0.341797 0.0869141 0.34375 0.0878906 0.341797 0.0908203 0.341797 0.09375 0.34668 0.09375 0.348633 0.0927734 0.350586 0.0927734 0.353516 0.0947266 0.355469 0.09375 0.358398 0.0927734 0.360352 0.09375 0.362305 0.0947266 0.365234 0.0898438 0.368164 0.0878906 0.369141 0.0839844 0.370117 0.0810547 0.370117 0.0830078 0.367188 0.0830078 0.350586 0.0761719 0.345703
0 0.0507812 0.319336 0.0546875 0.316406 0.0615234 0.317383 0.0664062 0.319336 0.0654297 0.321289 0.0654297 0.324219 0.0634766 0.326172 0.0595703 0.328125 0.0566406 0.329102 0.0537109 0.326172 0.0546875 0.324219 0.0527344 0.322266
0 0.105469 0.382812 0.108398 0.380859 0.114258 0.381836 0.120117 0.383789 0.124023 0.386719 0.124023 0.390625 0.124023 0.393555 0.12207 0.396484 0.117188 0.396484 0.114258 0.396484 0.111328 0.395508 0.106445 0.393555 0.106445 0.390625
0 0.125 0.407227 0.125 0.404297 0.129883 0.404297 0.132812 0.40332 0.134766 0.407227 0.133789 0.413086 0.131836 0.416016 0.131836 0.424805 0.129883 0.432617 0.125977 0.43457 0.123047 0.432617 0.120117 0.431641 0.118164 0.428711 0.118164 0.421875 0.123047 0.417969 0.126953 0.415039 0.126953 0.40918
0 0.121094 0.433594 0.118164 0.435547 0.117188 0.438477 0.120117 0.444336 0.123047 0.447266 0.126953 0.436523 0.12793 0.43457
0 0.115234 0.445312 0.113281 0.446289 0.112305 0.450195 0.112305 0.456055 0.116211 0.460938 0.118164 0.460938 0.12207 0.458984 0.124023 0.448242 0.119141 0.444336
0 0.0791016 0.59375 0.0810547 0.587891 0.0839844 0.585938 0.0878906 0.584961 0.0888672 0.586914 0.0888672 0.591797 0.0878906 0.595703 0.0859375 0.594727 0.0830078 0.594727
0 0.078125 0.59375 0.0751953 0.597656 0.0751953 0.601562 0.0761719 0.606445 0.0791016 0.609375 0.0820312 0.608398 0.0849609 0.607422 0.0878906 0.603516 0.0878906 0.59668 0.0869141 0.594727 0.0849609 0.594727
1 0.0263672 0.549805 0.0253906 0.554688 0.0244141 0.557617 0.0292969 0.55957 0.03125 0.558594 0.0322266 0.560547 0.0361328 0.5625 0.0380859 0.563477 0.0419922 0.5625 0.0429688 0.563477 0.0478516 0.56543 0.0507812 0.566406 0.0537109 0.568359 0.0585938 0.572266 0.0595703 0.572266 0.0634766 0.573242 0.0683594 0.573242 0.0722656 0.572266 0.0791016 0.566406 0.0810547 0.5625 0.0771484 0.561523 0.0703125 0.558594 0.0693359 0.557617 0.0654297 0.557617 0.0615234 0.558594 0.0576172 0.557617 0.0537109 0.555664 0.046875 0.554688 0.0400391 0.551758 0.0361328 0.550781 0.0332031 0.549805 0.0302734 0.549805
1 0 0.740234 0 0.772461 0.00390625 0.768555 0.0126953 0.765625 0.0166016 0.765625 0.0214844 0.765625 0.0244141 0.766602 0.0263672 0.768555 0.0263672 0.770508 0.0263672 0.774414 0.0244141 0.776367 0.0253906 0.77832 0.0341797 0.782227 0.0380859 0.788086 0.0410156 0.78418 0.0449219 0.780273 0.0458984 0.775391 0.0458984 0.775391 0.046875 0.768555 0.0488281 0.759766 0.0449219 0.753906 0.0449219 0.750977 0.0429688 0.750977 0.0410156 0.750977 0.0390625 0.75293 0.0380859 0.75293 0.0341797 0.750977 0.0244141 0.749023 0.0195312 0.74707 0.0117188 0.744141
0 0.00976562 0.831055 0.0126953 0.830078 0.0175781 0.830078 0.0195312 0.829102 0.0263672 0.832031 0.0263672 0.834961 0.0253906 0.836914 0.0263672 0.84082 0.0283203 0.842773 0.0283203 0.845703 0.0273438 0.848633 0.0214844 0.856445 0.0166016 0.855469 0.0107422 0.851562 0.0078125 0.849609 0.00683594 0.844727 0.00683594 0.838867 0.00878906 0.837891 0.00976562 0.833984
