0 0 0.0292969 0.0146484 0.0205078 0.0273438 0.0146484 0.0371094 0.0195312 0.0371094 0.0322266 0.0517578 0.0273438 0.0517578 0.0273438 0.0517578 0.0400391 0.0644531 0.0390625 0.0644531 0.0390625 0.0615234 0.0478516 0.0712891 0.0517578 0.0644531 0.0605469 0.0771484 0.0683594 0.0556641 0.0859375 0.0849609 0.0869141 0.0722656 0.102539 0.0605469 0.106445 0.0732422 0.134766 0.0605469 0.138672 0.0478516 0.146484 0.0361328 0.144531 0.0205078 0.146484 0 0.15918
0 0.117188 0.0273438 0.133789 0.0136719 0.143555 0.0253906 0.158203 0.0341797 0.180664 0.0341797 0.180664 0.0341797 0.177734 0.0507812 0.180664 0.0722656 0.192383 0.0957031 0.173828 0.100586 0.186523 0.116211 0.186523 0.129883 0.169922 0.139648 0.15332 0.134766 0.149414 0.145508 0.130859 0.143555 0.111328 0.15332 0.106445 0.134766 0.0888672 0.146484 0.0869141 0.133789 0.0771484 0.128906 0.0712891 0.112305 0.0556641 0.105469 0.0664062 0.0810547 0.0830078 0.0703125 0.0634766 0.0576172 0.0791016 0.0488281 0.0791016 0.0273438 0.102539 0.0390625 0.09375 0.0195312 0.109375 0.0175781
0 0.283203 0.0654297 0.297852 0.0712891 0.285156 0.0947266 0.296875 0.124023 0.272461 0.123047 0.250977 0.12207 0.240234 0.148438 0.230469 0.140625 0.217773 0.152344 0.217773 0.152344 0.213867 0.134766 0.196289 0.145508 0.197266 0.125977 0.183594 0.125977 0.185547 0.0957031 0.170898 0.0625 0.191406 0.0498047 0.195312 0.0273438 0.208008 0.0380859 0.220703 0.0253906 0.241211 0.0175781 0.25 0.0273438 0.266602 0.0292969 0.287109 0.0429688 0.277344 0.0576172
0 0.393555 0.0498047 0.40918 0.0507812 0.40332 0.0654297 0.413086 0.0703125 0.40918 0.0869141 0.40332 0.0898438 0.411133 0.100586 0.392578 0.118164 0.376953 0.115234 0.37207 0.130859 0.350586 0.137695 0.344727 0.115234 0.330078 0.129883 0.308594 0.117188 0.31543 0.0986328 0.302734 0.09375 0.285156 0.0898438 0.291016 0.0703125 0.316406 0.0693359 0.300781 0.0449219 0.314453 0.0458984 0.31543 0.0263672 0.332031 0.03125 0.333008 0.0166016 0.350586 0.0263672 0.362305 0.0214844 0.387695 0.0283203 0.387695 0.0283203 0.395508 0.0390625
0 0.0810547 0.164062 0.0947266 0.162109 0.0957031 0.177734 0.0996094 0.19043 0.0810547 0.198242 0.0976562 0.219727 0.0957031 0.234375 0.0742188 0.231445 0.0693359 0.24707 0.0488281 0.232422 0.0283203 0.250977 0.0283203 0.250977 0.0166016 0.25 0.0166016 0.229492 0 0.232422 0 0.160156 0.0136719 0.161133 0.00878906 0.144531 0.0205078 0.147461 0.0400391 0.137695 0.0673828 0.136719
0 0.197266 0.155273 0.195312 0.164062 0.205078 0.173828 0.199219 0.183594 0.1875 0.189453 0.210938 0.188477 0.206055 0.207031 0.206055 0.21875 0.18457 0.217773 0.179688 0.234375 0.162109 0.226562 0.152344 0.241211 0.140625 0.235352 0.12793 0.251953 0.125 0.240234 0.111328 0.248047 0.103516 0.220703 0.0839844 0.213867 0.0947266 0.194336 0.0888672 0.173828 0.104492 0.171875 0.0976562 0.163086 0.111328 0.157227 0.118164 0.157227 0.115234 0.148438 0.142578 0.140625 0.147461 0.143555 0.155273 0.133789 0.168945 0.144531 0.167969 0.154297 0.186523 0.150391
0 0.272461 0.138672 0.288086 0.125977 0.306641 0.124023 0.30957 0.141602 0.3125 0.157227 0.327148 0.167969 0.323242 0.178711 0.3125 0.185547 0.3125 0.205078 0.322266 0.223633 0.291992 0.216797 0.291992 0.230469 0.266602 0.210938 0.254883 0.230469 0.235352 0.244141 0.234375 0.217773 0.214844 0.222656 0.201172 0.206055 0.219727 0.194336 0.216797 0.181641 0.207031 0.170898 0.220703 0.152344 0.232422 0.149414 0.227539 0.136719 0.246094 0.143555 0.248047 0.121094 0.263672 0.121094
0 0.382812 0.144531 0.395508 0.126953 0.405273 0.128906 0.405273 0.140625 0.421875 0.131836 0.420898 0.149414 0.4375 0.149414 0.44043 0.171875 0.448242 0.188477 0.4375 0.196289 0.448242 0.212891 0.418945 0.211914 0.40625 0.210938 0.383789 0.232422 0.361328 0.216797 0.361328 0.243164 0.334961 0.245117 0.350586 0.21875 0.327148 0.223633 0.31543 0.210938 0.303711 0.189453 0.303711 0.189453 0.333008 0.186523 0.3125 0.164062 0.310547 0.142578 0.338867 0.15625 0.333008 0.132812 0.352539 0.125977 0.369141 0.128906
0 0.0712891 0.244141 0.0800781 0.244141 0.0898438 0.251953 0.0947266 0.263672 0.110352 0.275391 0.106445 0.27832 0.102539 0.291992 0.107422 0.305664 0.101562 0.322266 0.0800781 0.327148 0.0732422 0.344727 0.0585938 0.338867 0.0478516 0.344727 0.046875 0.336914 0.0371094 0.34082 0.0273438 0.325195 0.0117188 0.318359 0 0.301758 0.0078125 0.282227 0.000976562 0.268555 0.0146484 0.256836 0.0244141 0.259766 0.0302734 0.249023 0.0498047 0.227539
0 0.202148 0.24707 0.217773 0.246094 0.214844 0.264648 0.228516 0.270508 0.214844 0.287109 0.225586 0.296875 0.226562 0.319336 0.212891 0.344727 0.196289 0.333008 0.196289 0.333008 0.189453 0.352539 0.189453 0.352539 0.178711 0.341797 0.176758 0.357422 0.166016 0.345703 0.15625 0.352539 0.146484 0.339844 0.133789 0.342773 0.148438 0.323242 0.117188 0.331055 0.124023 0.319336 0.110352 0.317383 0.113281 0.302734 0.105469 0.288086 0.125 0.280273 0.112305 0.254883 0.140625 0.257812 0.134766 0.236328 0.155273 0.235352 0.163086 0.225586 0.173828 0.231445 0.188477 0.223633 0.202148 0.231445
0 0.304688 0.236328 0.323242 0.222656 0.323242 0.242188 0.350586 0.248047 0.350586 0.248047 0.350586 0.258789 0.339844 0.266602 0.351562 0.279297 0.351562 0.279297 0.330078 0.307617 0.339844 0.328125 0.325195 0.327148 0.324219 0.34375 0.310547 0.337891 0.310547 0.34668 0.296875 0.34082 0.283203 0.352539 0.277344 0.339844 0.268555 0.352539 0.251953 0.341797 0.243164 0.342773 0.227539 0.334961 0.237305 0.314453 0.214844 0.314453 0.231445 0.299805 0.208008 0.295898 0.21875 0.290039 0.219727 0.263672 0.209961 0.24707 0.224609 0.25 0.21875 0.234375 0.239258 0.243164 0.250977 0.224609 0.260742 0.226562 0.263672 0.208984 0.293945 0.228516 0.295898 0.214844 0.295898 0.214844 0.314453 0.219727
0 0.426758 0.243164 0.446289 0.244141 0.454102 0.257812 0.44043 0.266602 0.454102 0.274414 0.447266 0.294922 0.435547 0.320312 0.413086 0.30957 0.410156 0.337891 0.397461 0.328125 0.378906 0.339844 0.359375 0.345703 0.34668 0.324219 0.348633 0.310547 0.324219 0.311523 0.34375 0.283203 0.332031 0.269531 0.349609 0.256836 0.345703 0.240234 0.355469 0.240234 0.360352 0.211914 0.360352 0.211914 0.37793 0.228516 0.373047 0.232422 0.419922 0.207031 0.423828 0.227539
0 0.332031 0.360352 0.348633 0.369141 0.348633 0.380859 0.335938 0.408203 0.326172 0.428711 0.30957 0.426758 0.306641 0.439453 0.296875 0.428711 0.277344 0.441406 0.265625 0.426758 0.250977 0.423828 0.250977 0.413086 0.242188 0.405273 0.242188 0.405273 0.241211 0.385742 0.255859 0.381836 0.249023 0.359375 0.25 0.347656 0.271484 0.352539 0.279297 0.339844 0.300781 0.338867 0.305664 0.34375 0.3125 0.34375 0.326172 0.349609
0 0.4375 0.34375 0.448242 0.342773 0.454102 0.355469 0.457031 0.375977 0.458984 0.389648 0.443359 0.404297 0.441406 0.426758 0.418945 0.420898 0.399414 0.432617 0.394531 0.415039 0.378906 0.421875 0.366211 0.40918 0.367188 0.392578 0.353516 0.382812 0.361328 0.375 0.359375 0.352539 0.384766 0.361328 0.379883 0.333008 0.396484 0.335938 0.413086 0.326172 0.430664 0.333008
0 0 0.435547 0.0146484 0.432617 0.0146484 0.432617 0.0166016 0.457031 0.0371094 0.449219 0.0332031 0.464844 0.0419922 0.482422 0.03125 0.496094 0.03125 0.496094 0.0429688 0.520508 0.0273438 0.523438 0.0175781 0.541016 0.0107422 0.551758 0 0.544922
0 0.0957031 0.438477 0.107422 0.429688 0.112305 0.448242 0.126953 0.44043 0.146484 0.459961 0.136719 0.475586 0.15918 0.496094 0.150391 0.510742 0.142578 0.513672 0.138672 0.541016 0.109375 0.537109 0.0986328 0.551758 0.0771484 0.526367 0.0556641 0.523438 0.0556641 0.504883 0.0429688 0.485352 0.0537109 0.469727 0.0654297 0.470703 0.0654297 0.470703 0.0595703 0.441406 0.0830078 0.449219
0 0.217773 0.442383 0.230469 0.428711 0.230469 0.428711 0.25 0.442383 0.243164 0.458984 0.258789 0.461914 0.250977 0.472656 0.267578 0.480469 0.245117 0.496094 0.254883 0.522461 0.229492 0.521484 0.231445 0.539062 0.214844 0.539062 0.196289 0.547852 0.196289 0.547852 0.186523 0.532227 0.170898 0.532227 0.155273 0.535156 0.15918 0.50293 0.143555 0.498047 0.141602 0.467773 0.147461 0.466797 0.160156 0.462891 0.15625 0.451172 0.173828 0.4375 0.19043 0.454102 0.19043 0.420898
0 0.34375 0.448242 0.356445 0.447266 0.363281 0.460938 0.354492 0.470703 0.361328 0.487305 0.353516 0.487305 0.366211 0.499023 0.360352 0.506836 0.339844 0.503906 0.347656 0.532227 0.331055 0.541016 0.319336 0.53418 0.303711 0.545898 0.298828 0.53125 0.280273 0.538086 0.280273 0.514648 0.245117 0.510742 0.266602 0.49707 0.25 0.485352 0.250977 0.461914 0.255859 0.449219 0.270508 0.44043 0.28418 0.450195 0.27832 0.432617 0.298828 0.420898 0.305664 0.431641 0.305664 0.431641 0.323242 0.424805 0.335938 0.420898 0.335938 0.43457 0.344727 0.435547 0.344727 0.435547
0 0.450195 0.435547 0.450195 0.425781 0.461914 0.439453 0.46875 0.435547 0.488281 0.46582 0.472656 0.488281 0.483398 0.484375 0.479492 0.506836 0.47168 0.525391 0.46875 0.533203 0.447266 0.527344 0.436523 0.540039 0.428711 0.550781 0.418945 0.53418 0.401367 0.541992 0.401367 0.523438 0.375 0.53125 0.375 0.53125 0.390625 0.501953 0.375 0.490234 0.355469 0.480469 0.374023 0.477539 0.371094 0.462891 0.386719 0.461914 0.374023 0.439453 0.391602 0.438477 0.390625 0.426758 0.408203 0.433594 0.416016 0.417969 0.424805 0.422852 0.439453 0.421875
0 0 0.546875 0.0263672 0.550781 0.0332031 0.567383 0.0458984 0.561523 0.0458984 0.561523 0.0498047 0.59082 0.0664062 0.588867 0.0615234 0.591797 0.0566406 0.600586 0.0664062 0.628906 0.0478516 0.635742 0.0634766 0.660156 0.0478516 0.657227 0.0517578 0.672852 0.0273438 0.666016 0.0244141 0.673828 0.00390625 0.678711 0 0.655273
0 0.137695 0.568359 0.151367 0.56543 0.150391 0.576172 0.166016 0.569336 0.173828 0.597656 0.166992 0.613281 0.174805 0.623047 0.172852 0.645508 0.15918 0.645508 0.15918 0.671875 0.133789 0.654297 0.114258 0.683594 0.101562 0.682617 0.101562 0.666992 0.0800781 0.665039 0.0605469 0.652344 0.078125 0.640625 0.0576172 0.62793 0.0556641 0.598633 0.0751953 0.595703 0.0761719 0.578125 0.0898438 0.564453 0.0976562 0.56543 0.126953 0.552734 0.123047 0.564453 0.134766 0.55957
0 0.269531 0.575195 0.287109 0.575195 0.286133 0.592773 0.274414 0.59668 0.288086 0.606445 0.276367 0.621094 0.291016 0.640625 0.274414 0.645508 0.272461 0.673828 0.253906 0.662109 0.24707 0.672852 0.231445 0.65332 0.231445 0.65332 0.203125 0.666992 0.203125 0.648438 0.172852 0.652344 0.167969 0.623047 0.18457 0.620117 0.171875 0.606445 0.171875 0.606445 0.181641 0.59375 0.170898 0.580078 0.197266 0.55957 0.203125 0.566406 0.212891 0.553711 0.234375 0.548828 0.253906 0.557617
0 0.37207 0.578125 0.397461 0.571289 0.396484 0.59082 0.414062 0.600586 0.399414 0.609375 0.40918 0.616211 0.390625 0.636719 0.40625 0.651367 0.389648 0.65625 0.391602 0.669922 0.379883 0.668945 0.374023 0.681641 0.367188 0.6875 0.348633 0.660156 0.336914 0.678711 0.336914 0.678711 0.314453 0.6875 0.31543 0.663086 0.300781 0.664062 0.314453 0.647461 0.274414 0.650391 0.283203 0.626953 0.268555 0.62207 0.279297 0.613281 0.269531 0.59375 0.289062 0.59082 0.28125 0.579102 0.297852 0.579102 0.293945 0.55957 0.314453 0.564453 0.318359 0.546875 0.318359 0.546875 0.329102 0.55957 0.342773 0.548828 0.350586 0.564453 0.360352 0.546875 0.364258 0.557617 0.375 0.550781
0 0.491211 0.574219 0.507812 0.566406 0.507812 0.566406 0.50293 0.587891 0.520508 0.59082 0.519531 0.613281 0.519531 0.613281 0.504883 0.619141 0.518555 0.645508 0.487305 0.646484 0.485352 0.677734 0.463867 0.660156 0.453125 0.667969 0.432617 0.678711 0.412109 0.675781 0.416016 0.672852 0.420898 0.649414 0.396484 0.657227 0.401367 0.646484 0.385742 0.638672 0.40332 0.618164 0.396484 0.604492 0.397461 0.576172 0.424805 0.575195 0.420898 0.545898 0.443359 0.554688 0.462891 0.545898 0.467773 0.563477 0.483398 0.557617
0 0.0146484 0.682617 0.0273438 0.669922 0.0478516 0.658203 0.0478516 0.658203 0.0537109 0.672852 0.046875 0.689453 0.0732422 0.6875 0.0673828 0.704102 0.0673828 0.704102 0.0556641 0.711914 0.0791016 0.737305 0.0654297 0.742188 0.0664062 0.755859 0.0566406 0.758789 0.0537109 0.770508 0.0361328 0.760742 0.0244141 0.760742 0.0195312 0.773438 0 0.782227 0 0.664062 0 0.664062
0 0.164062 0.681641 0.179688 0.675781 0.177734 0.688477 0.177734 0.688477 0.166016 0.702148 0.194336 0.722656 0.194336 0.734375 0.168945 0.737305 0.175781 0.775391 0.147461 0.759766 0.137695 0.77832 0.117188 0.785156 0.114258 0.771484 0.101562 0.772461 0.109375 0.769531 0.0869141 0.768555 0.0761719 0.759766 0.0654297 0.742188 0.0761719 0.735352 0.0517578 0.71582 0.0683594 0.698242 0.0849609 0.702148 0.0693359 0.683594 0.0888672 0.666992 0.104492 0.683594 0.132812 0.650391 0.150391 0.658203
0 0.277344 0.680664 0.307617 0.663086 0.303711 0.683594 0.319336 0.699219 0.30957 0.708008 0.318359 0.713867 0.295898 0.734375 0.332031 0.74707 0.311523 0.756836 0.316406 0.775391 0.296875 0.762695 0.296875 0.762695 0.293945 0.799805 0.28125 0.788086 0.280273 0.807617 0.264648 0.779297 0.248047 0.775391 0.229492 0.792969 0.202148 0.801758 0.212891 0.785156 0.201172 0.777344 0.201172 0.757812 0.175781 0.764648 0.188477 0.745117 0.169922 0.737305 0.188477 0.723633 0.167969 0.698242 0.195312 0.698242 0.182617 0.682617 0.194336 0.682617 0.181641 0.665039 0.209961 0.669922 0.212891 0.657227 0.233398 0.665039 0.245117 0.668945 0.256836 0.661133 0.280273 0.666016 0.280273 0.666016
0 0.391602 0.705078 0.424805 0.717773 0.411133 0.728516 0.415039 0.751953 0.397461 0.751953 0.398438 0.776367 0.371094 0.766602 0.370117 0.786133 0.351562 0.761719 0.323242 0.77832 0.314453 0.772461 0.335938 0.739258 0.297852 0.733398 0.316406 0.708008 0.30957 0.681641 0.333008 0.676758 0.344727 0.65918 0.367188 0.675781 0.394531 0.665039 0.414062 0.685547
0 0.516602 0.686523 0.536133 0.682617 0.525391 0.696289 0.538086 0.702148 0.525391 0.719727 0.537109 0.735352 0.521484 0.764648 0.521484 0.764648 0.496094 0.761719 0.475586 0.788086 0.462891 0.756836 0.446289 0.782227 0.416992 0.779297 0.422852 0.750977 0.408203 0.743164 0.399414 0.710938 0.40332 0.69043 0.438477 0.668945 0.453125 0.671875 0.478516 0.651367 0.496094 0.652344 0.523438 0.660156
0 0.0410156 0.775391 0.0683594 0.753906 0.0732422 0.769531 0.0859375 0.767578 0.0859375 0.792969 0.104492 0.796875 0.0849609 0.81543 0.100586 0.830078 0.0898438 0.833984 0.100586 0.84375 0.0751953 0.851562 0.0771484 0.873047 0.0605469 0.866211 0.0546875 0.879883 0.0458984 0.869141 0.03125 0.878906 0.0302734 0.868164 0.00683594 0.87207 0.0234375 0.842773 0 0.84668 0 0.822266 0.015625 0.818359 0 0.813477 0 0.78418 0.0244141 0.796875 0.0185547 0.763672 0.0371094 0.756836 0.0371094 0.756836
0 0 0.856445 0.00976562 0.871094 0.0283203 0.864258 0.0273438 0.879883 0.0507812 0.870117 0.0517578 0.884766 0.0644531 0.876953 0.0634766 0.884766 0.0703125 0.886719 0.0771484 0.896484 0.0800781 0.910156 0.0615234 0.916016 0.0810547 0.927734 0.0712891 0.943359 0.0556641 0.945312 0.0566406 0.974609 0.0351562 0.961914 0.0166016 0.984375 0.00976562 0.976562 0 0.979492
0 0.180664 0.765625 0.198242 0.761719 0.206055 0.782227 0.199219 0.791016 0.217773 0.799805 0.217773 0.799805 0.212891 0.814453 0.206055 0.825195 0.21582 0.829102 0.208008 0.842773 0.210938 0.855469 0.195312 0.851562 0.201172 0.866211 0.173828 0.860352 0.166016 0.874023 0.152344 0.87207 0.145508 0.860352 0.128906 0.869141 0.128906 0.841797 0.102539 0.841797 0.101562 0.830078 0.130859 0.818359 0.106445 0.80957 0.0986328 0.791992 0.126953 0.796875 0.120117 0.78125 0.142578 0.761719 0.152344 0.772461 0.15332 0.761719
0 0.181641 0.874023 0.197266 0.871094 0.188477 0.890625 0.210938 0.892578 0.203125 0.90625 0.191406 0.912109 0.211914 0.917969 0.206055 0.9375 0.195312 0.94043 0.207031 0.948242 0.196289 0.958984 0.181641 0.957031 0.180664 0.979492 0.170898 0.972656 0.166992 0.988281 0.154297 0.97168 0.154297 0.97168 0.144531 0.983398 0.131836 0.974609 0.117188 0.985352 0.106445 0.979492 0.12207 0.957031 0.0917969 0.958984 0.0869141 0.941406 0.108398 0.925781 0.0888672 0.919922 0.0888672 0.919922 0.0761719 0.90332 0.0966797 0.897461 0.0859375 0.878906 0.103516 0.886719 0.100586 0.861328 0.115234 0.855469 0.115234 0.855469 0.12793 0.867188 0.143555 0.855469 0.143555 0.855469 0.155273 0.87207 0.173828 0.861328
0 0.28125 0.799805 0.324219 0.791992 0.324219 0.791992 0.30957 0.80957 0.318359 0.813477 0.311523 0.829102 0.328125 0.838867 0.305664 0.849609 0.3125 0.875 0.295898 0.87207 0.295898 0.87207 0.298828 0.890625 0.28418 0.876953 0.259766 0.897461 0.251953 0.884766 0.233398 0.880859 0.212891 0.866211 0.225586 0.853516 0.206055 0.849609 0.206055 0.844727 0.219727 0.836914 0.206055 0.823242 0.21582 0.80957 0.216797 0.797852 0.240234 0.777344 0.246094 0.789062 0.251953 0.772461 0.277344 0.78125 0.277344 0.78125
0 0.298828 0.879883 0.317383 0.869141 0.316406 0.886719 0.322266 0.883789 0.335938 0.883789 0.338867 0.907227 0.338867 0.907227 0.331055 0.915039 0.34375 0.927734 0.337891 0.94043 0.338867 0.955078 0.333984 0.952148 0.327148 0.951172 0.333984 0.973633 0.320312 0.972656 0.30957 0.976562 0.30957 0.991211 0.285156 0.981445 0.258789 0.985352 0.258789 0.964844 0.233398 0.967773 0.253906 0.946289 0.237305 0.94043 0.226562 0.90625 0.239258 0.90625 0.236328 0.887695 0.259766 0.892578 0.286133 0.874023
0 0.395508 0.800781 0.419922 0.775391 0.433594 0.77832 0.427734 0.801758 0.439453 0.826172 0.422852 0.837891 0.435547 0.868164 0.419922 0.871094 0.418945 0.892578 0.408203 0.879883 0.40625 0.900391 0.395508 0.888672 0.373047 0.886719 0.352539 0.888672 0.353516 0.87793 0.333984 0.87793 0.348633 0.858398 0.317383 0.844727 0.34082 0.830078 0.321289 0.81543 0.322266 0.786133 0.338867 0.788086 0.34082 0.763672 0.357422 0.773438 0.373047 0.764648 0.388672 0.771484
0 0.442383 0.921875 0.460938 0.920898 0.441406 0.949219 0.454102 0.963867 0.448242 0.966797 0.448242 0.980469 0.426758 0.976562 0.429688 0.988281 0.421875 0.998047 0.389648 1 0.389648 0.985352 0.355469 0.991211 0.355469 0.991211 0.368164 0.969727 0.336914 0.966797 0.331055 0.959961 0.355469 0.947266 0.336914 0.935547 0.332031 0.919922 0.34375 0.915039 0.333984 0.898438 0.350586 0.90625 0.345703 0.878906 0.375 0.879883 0.384766 0.885742 0.402344 0.891602 0.422852 0.874023 0.4375 0.884766 0.436523 0.900391 0.448242 0.896484
0 0.517578 0.801758 0.537109 0.793945 0.549805 0.801758 0.549805 0.801758 0.548828 0.8125 0.537109 0.833984 0.553711 0.852539 0.538086 0.854492 0.541016 0.880859 0.529297 0.876953 0.523438 0.893555 0.498047 0.882812 0.483398 0.901367 0.482422 0.884766 0.460938 0.897461 0.460938 0.897461 0.461914 0.870117 0.431641 0.870117 0.421875 0.845703 0.444336 0.844727 0.444336 0.844727 0.423828 0.833008 0.418945 0.805664 0.433594 0.804688 0.428711 0.774414 0.444336 0.779297 0.461914 0.750977 0.475586 0.777344 0.5 0.754883 0.5 0.774414 0.521484 0.765625
0 0.52832 0.916992 0.555664 0.910156 0.552734 0.926758 0.5625 0.929688 0.558594 0.933594 0.550781 0.953125 0.566406 0.951172 0.566406 0.951172 0.566406 0.96875 0.558594 0.974609 0.56543 1 0.443359 1 0.430664 0.991211 0.446289 0.987305 0.446289 0.987305 0.431641 0.976562 0.446289 0.956055 0.442383 0.945312 0.452148 0.925781 0.453125 0.898438 0.463867 0.907227 0.46582 0.894531 0.483398 0.90918 0.49707 0.889648 0.505859 0.897461 0.517578 0.896484
0 0.621094 0.954102 0.624023 0.938477 0.628906 0.935547 0.639648 0.921875 0.643555 0.936523 0.635742 0.969727 0.663086 0.949219 0.670898 0.962891 0.65625 0.984375 0.674805 0.999023 0.570312 1 0.551758 0.979492 0.574219 0.977539 0.553711 0.961914 0.547852 0.939453 0.561523 0.942383 0.55957 0.919922 0.580078 0.9375 0.598633 0.956055 0.585938 0.923828 0.604492 0.901367 0.618164 0.927734 0.616211 0.955078
0 0.581055 0 0.603516 0.0117188 0.59082 0.0253906 0.602539 0.0273438 0.592773 0.0400391 0.609375 0.0341797 0.607422 0.0478516 0.624023 0.0439453 0.644531 0.0224609 0.643555 0.0449219 0.669922 0.0400391 0.665039 0.0283203 0.68457 0.0292969 0.692383 0.00683594 0.686523 0
0 0.693359 0.0195312 0.703125 0.00683594 0.685547 0.000976562 0.820312 0.00195312 0.814453 0.0185547 0.813477 0.0322266 0.787109 0.0214844 0.773438 0.0449219 0.762695 0.015625 0.743164 0.0244141 0.731445 0.0224609 0.716797 0.015625
0 0.825195 0 0.81543 0.0117188 0.8125 0.0224609 0.824219 0.0244141 0.824219 0.0371094 0.850586 0.0205078 0.848633 0.0400391 0.866211 0.0302734 0.876953 0.0458984 0.887695 0.0537109 0.897461 0.0341797 0.923828 0.0283203 0.926758 0.015625 0.911133 0
0 0.688477 0.0751953 0.708984 0.0771484 0.694336 0.0986328 0.710938 0.121094 0.692383 0.123047 0.689453 0.152344 0.670898 0.140625 0.65625 0.154297 0.644531 0.137695 0.623047 0.146484 0.605469 0.140625 0.601562 0.123047 0.618164 0.114258 0.591797 0.112305 0.611328 0.0966797 0.598633 0.0761719 0.616211 0.0761719 0.608398 0.0634766 0.624023 0.0517578 0.631836 0.0546875 0.628906 0.046875 0.652344 0.0576172 0.670898 0.0449219 0.682617 0.0478516
0 0.726562 0.0224609 0.726562 0.0380859 0.74707 0.0214844 0.746094 0.0341797 0.764648 0.0253906 0.764648 0.0253906 0.760742 0.0361328 0.768555 0.0390625 0.760742 0.0566406 0.772461 0.0664062 0.757812 0.0810547 0.779297 0.0878906 0.770508 0.0927734 0.762695 0.104492 0.768555 0.123047 0.742188 0.119141 0.736328 0.133789 0.736328 0.15625 0.727539 0.146484 0.71875 0.160156 0.711914 0.147461 0.695312 0.15625 0.705078 0.129883 0.685547 0.12793 0.700195 0.101562 0.69043 0.0966797 0.698242 0.0810547 0.682617 0.0683594 0.674805 0.0302734 0.69043 0.0371094 0.685547 0.0214844 0.705078 0.0302734 0.709961 0.015625
0 0.819336 0.0556641 0.833008 0.0458984 0.832031 0.0683594 0.874023 0.0722656 0.874023 0.0722656 0.84375 0.0888672 0.81543 0.0976562 0.836914 0.109375 0.835938 0.133789 0.817383 0.125977 0.799805 0.136719 0.788086 0.15918 0.779297 0.133789 0.753906 0.151367 0.75293 0.136719 0.733398 0.146484 0.754883 0.119141 0.769531 0.0878906 0.756836 0.0703125 0.758789 0.0488281 0.777344 0.0556641 0.785156 0.0253906 0.804688 0.0429688 0.813477 0.0332031
0 0.823242 0.0419922 0.835938 0.0283203 0.866211 0.0302734 0.870117 0.0439453 0.881836 0.0498047 0.87793 0.0703125 0.886719 0.0849609 0.87793 0.0986328 0.867188 0.105469 0.865234 0.135742 0.835938 0.125 0.833008 0.108398 0.81543 0.0986328 0.857422 0.0800781 0.836914 0.0664062 0.829102 0.0644531 0.833008 0.0478516 0.813477 0.0576172
0 0.926758 0.0419922 0.941406 0.0322266 0.941406 0.0478516 0.954102 0.0458984 0.951172 0.0673828 0.960938 0.0839844 0.943359 0.0957031 0.954102 0.12793 0.923828 0.120117 0.90625 0.137695 0.893555 0.123047 0.87207 0.124023 0.87793 0.109375 0.864258 0.110352 0.881836 0.0908203 0.874023 0.0507812 0.874023 0.0507812 0.887695 0.0595703 0.887695 0.0419922 0.915039 0.0283203
0 0.948242 0.0390625 0.960938 0.0380859 0.976562 0.0302734 0.974609 0.0419922 0.987305 0.0371094 0.982422 0.0527344 0.988281 0.0517578 0.986328 0.0644531 0.999023 0.0712891 0.996094 0.0849609 0.980469 0.0888672 0.988281 0.110352 0.973633 0.107422 0.978516 0.133789 0.969727 0.138672 0.959961 0.12207 0.948242 0.132812 0.944336 0.118164 0.941406 0.0927734 0.958008 0.0839844 0.942383 0.0615234
0 0.725586 0.167969 0.728516 0.178711 0.716797 0.191406 0.728516 0.205078 0.716797 0.212891 0.711914 0.229492 0.704102 0.235352 0.689453 0.232422 0.689453 0.232422 0.677734 0.240234 0.65332 0.248047 0.657227 0.242188 0.645508 0.245117 0.640625 0.230469 0.65625 0.217773 0.619141 0.222656 0.620117 0.214844 0.638672 0.206055 0.628906 0.196289 0.616211 0.186523 0.647461 0.185547 0.643555 0.150391 0.652344 0.157227 0.65332 0.146484 0.665039 0.151367 0.669922 0.142578 0.681641 0.158203 0.683594 0.145508 0.697266 0.15625 0.716797 0.161133 0.724609 0.15625
0 0.751953 0.148438 0.775391 0.151367 0.780273 0.129883 0.789062 0.145508 0.803711 0.129883 0.818359 0.124023 0.828125 0.131836 0.828125 0.131836 0.842773 0.12793 0.84082 0.134766 0.850586 0.132812 0.851562 0.146484 0.868164 0.155273 0.865234 0.167969 0.875 0.179688 0.854492 0.19043 0.867188 0.199219 0.84375 0.210938 0.856445 0.229492 0.848633 0.235352 0.820312 0.225586 0.821289 0.24707 0.810547 0.266602 0.802734 0.236328 0.792969 0.262695 0.793945 0.228516 0.789062 0.207031 0.763672 0.210938 0.763672 0.185547 0.727539 0.171875 0.72168 0.157227 0.745117 0.158203 0.732422 0.148438
0 0.935547 0.145508 0.949219 0.136719 0.953125 0.146484 0.959961 0.148438 0.959961 0.161133 0.970703 0.164062 0.960938 0.172852 0.970703 0.178711 0.956055 0.192383 0.956055 0.192383 0.966797 0.201172 0.958008 0.210938 0.945312 0.21582 0.955078 0.224609 0.942383 0.235352 0.927734 0.25293 0.919922 0.24707 0.910156 0.256836 0.910156 0.256836 0.90332 0.236328 0.892578 0.230469 0.876953 0.244141 0.87207 0.220703 0.849609 0.21875 0.861328 0.201172 0.856445 0.186523 0.857422 0.171875 0.87793 0.173828 0.868164 0.12207 0.883789 0.12793 0.889648 0.121094 0.908203 0.130859 0.922852 0.118164 0.942383 0.125
0 1 0.15918 0.988281 0.148438 0.987305 0.166016 0.962891 0.174805 0.956055 0.191406 0.973633 0.194336 0.950195 0.22168 0.97168 0.22168 0.969727 0.241211 0.990234 0.246094 0.990234 0.246094 1 0.230469
0 0.729492 0.178711 0.749023 0.1875 0.765625 0.182617 0.771484 0.208008 0.789062 0.205078 0.791992 0.216797 0.788086 0.220703 0.797852 0.233398 0.797852 0.240234 0.797852 0.25 0.785156 0.250977 0.789062 0.269531 0.772461 0.28125 0.758789 0.277344 0.750977 0.287109 0.738281 0.274414 0.737305 0.261719 0.723633 0.271484 0.720703 0.249023 0.704102 0.251953 0.688477 0.234375 0.71582 0.228516 0.708008 0.210938 0.725586 0.203125 0.722656 0.199219 0.719727 0.188477
0 0.678711 0.272461 0.695312 0.233398 0.701172 0.240234 0.701172 0.240234 0.699219 0.258789 0.719727 0.254883 0.730469 0.265625 0.739258 0.261719 0.742188 0.276367 0.742188 0.276367 0.730469 0.285156 0.743164 0.292969 0.72168 0.306641 0.703125 0.307617 0.719727 0.332031 0.702148 0.323242 0.6875 0.328125 0.668945 0.344727 0.652344 0.344727 0.667969 0.314453 0.648438 0.319336 0.609375 0.321289 0.649414 0.303711 0.663086 0.303711 0.65625 0.292969 0.639648 0.28418 0.635742 0.264648 0.654297 0.271484 0.669922 0.28418
0 0.791016 0.263672 0.797852 0.267578 0.806641 0.282227 0.8125 0.288086 0.804688 0.295898 0.813477 0.301758 0.80957 0.31543 0.795898 0.316406 0.785156 0.337891 0.770508 0.321289 0.751953 0.347656 0.75 0.322266 0.725586 0.330078 0.749023 0.306641 0.730469 0.296875 0.739258 0.28418 0.754883 0.27832 0.760742 0.276367 0.772461 0.277344
0 0.873047 0.243164 0.892578 0.231445 0.900391 0.236328 0.899414 0.250977 0.916016 0.264648 0.900391 0.28125 0.916016 0.285156 0.907227 0.291992 0.888672 0.293945 0.895508 0.310547 0.887695 0.31543 0.864258 0.307617 0.864258 0.307617 0.857422 0.333984 0.84668 0.302734 0.828125 0.318359 0.818359 0.30957 0.842773 0.288086 0.822266 0.290039 0.792969 0.27832 0.834961 0.273438 0.81543 0.264648 0.817383 0.235352 0.831055 0.240234 0.834961 0.230469 0.848633 0.243164 0.848633 0.243164 0.856445 0.231445 0.865234 0.231445
0 0.989258 0.249023 1 0.243164 1 0.307617 0.990234 0.30957 0.999023 0.320312 0.983398 0.332031 0.983398 0.332031 0.969727 0.320312 0.962891 0.331055 0.962891 0.331055 0.944336 0.331055 0.955078 0.301758 0.921875 0.308594 0.936523 0.295898 0.925781 0.283203 0.902344 0.274414 0.935547 0.264648 0.921875 0.250977 0.9375 0.242188 0.948242 0.254883 0.949219 0.240234 0.959961 0.238281
0 0.716797 0.347656 0.723633 0.331055 0.738281 0.326172 0.744141 0.333984 0.744141 0.34668 0.763672 0.345703 0.761719 0.359375 0.770508 0.363281 0.75 0.387695 0.779297 0.396484 0.769531 0.40918 0.753906 0.40625 0.758789 0.419922 0.740234 0.418945 0.732422 0.428711 0.710938 0.405273 0.703125 0.424805 0.703125 0.424805 0.683594 0.427734 0.666016 0.419922 0.692383 0.401367 0.670898 0.394531 0.651367 0.382812 0.679688 0.382812 0.686523 0.375977 0.662109 0.366211 0.661133 0.353516 0.69043 0.358398 0.69043 0.342773 0.691406 0.327148 0.708984 0.331055
0 0.833008 0.354492 0.845703 0.363281 0.845703 0.373047 0.853516 0.379883 0.853516 0.391602 0.845703 0.398438 0.845703 0.419922 0.831055 0.424805 0.826172 0.431641 0.806641 0.422852 0.798828 0.428711 0.788086 0.416016 0.767578 0.40918 0.77832 0.392578 0.760742 0.373047 0.767578 0.366211 0.788086 0.373047 0.783203 0.34668 0.796875 0.351562 0.800781 0.338867 0.81543 0.345703
0 0.920898 0.356445 0.935547 0.375977 0.943359 0.379883 0.936523 0.394531 0.946289 0.405273 0.923828 0.416992 0.916992 0.43457 0.902344 0.420898 0.883789 0.429688 0.870117 0.428711 0.863281 0.401367 0.876953 0.390625 0.856445 0.380859 0.874023 0.366211 0.87207 0.344727 0.898438 0.359375 0.915039 0.357422
0 1 0.374023 0.966797 0.363281 0.959961 0.371094 0.957031 0.392578 0.966797 0.391602 0.953125 0.400391 0.953125 0.411133 0.963867 0.410156 0.951172 0.421875 0.950195 0.426758 0.966797 0.426758 0.966797 0.44043 0.984375 0.431641 1 0.433594
0 0.740234 0.423828 0.748047 0.408203 0.763672 0.419922 0.772461 0.407227 0.780273 0.429688 0.783203 0.441406 0.787109 0.44043 0.78125 0.460938 0.776367 0.46875 0.777344 0.475586 0.790039 0.50293 0.757812 0.5 0.767578 0.526367 0.740234 0.509766 0.727539 0.529297 0.710938 0.529297 0.713867 0.5 0.6875 0.501953 0.670898 0.488281 0.704102 0.472656 0.666992 0.46875 0.666992 0.458008 0.710938 0.454102 0.706055 0.44043 0.706055 0.44043 0.692383 0.425781 0.711914 0.416016
0 0.828125 0.435547 0.835938 0.443359 0.839844 0.452148 0.838867 0.46875 0.845703 0.478516 0.84082 0.480469 0.84668 0.492188 0.833984 0.496094 0.838867 0.50293 0.828125 0.50293 0.832031 0.520508 0.802734 0.515625 0.791992 0.524414 0.791992 0.524414 0.785156 0.506836 0.780273 0.492188 0.772461 0.461914 0.777344 0.414062 0.793945 0.429688 0.794922 0.413086 0.803711 0.422852 0.81543 0.417969 0.821289 0.435547
0 0.883789 0.450195 0.892578 0.4375 0.90332 0.454102 0.910156 0.463867 0.916992 0.476562 0.911133 0.486328 0.910156 0.50293 0.898438 0.510742 0.885742 0.515625 0.873047 0.508789 0.859375 0.515625 0.835938 0.49707 0.839844 0.477539 0.830078 0.461914 0.830078 0.461914 0.837891 0.442383 0.849609 0.436523 0.862305 0.441406 0.863281 0.433594 0.885742 0.438477
0 0.953125 0.444336 0.967773 0.430664 0.979492 0.447266 0.986328 0.461914 1 0.46875 1 0.493164 0.992188 0.499023 0.969727 0.506836 0.96582 0.518555 0.953125 0.499023 0.942383 0.498047 0.927734 0.485352 0.911133 0.479492 0.924805 0.467773 0.931641 0.442383 0.931641 0.442383
0 0.801758 0.542969 0.826172 0.536133 0.814453 0.554688 0.822266 0.560547 0.827148 0.569336 0.813477 0.581055 0.829102 0.598633 0.81543 0.609375 0.791016 0.601562 0.791016 0.606445 0.792969 0.631836 0.779297 0.626953 0.776367 0.641602 0.761719 0.625977 0.741211 0.638672 0.745117 0.615234 0.740234 0.597656 0.725586 0.611328 0.707031 0.607422 0.713867 0.599609 0.736328 0.589844 0.736328 0.571289 0.71875 0.575195 0.6875 0.564453 0.6875 0.564453 0.726562 0.560547 0.722656 0.550781 0.713867 0.525391 0.725586 0.527344 0.738281 0.506836 0.750977 0.525391 0.756836 0.511719 0.776367 0.494141 0.782227 0.512695 0.802734 0.508789 0.802734 0.508789 0.807617 0.521484
0 0.886719 0.544922 0.908203 0.53125 0.911133 0.540039 0.911133 0.540039 0.928711 0.537109 0.928711 0.537109 0.924805 0.551758 0.93457 0.552734 0.928711 0.561523 0.942383 0.577148 0.929688 0.582031 0.935547 0.59375 0.920898 0.613281 0.905273 0.611328 0.911133 0.621094 0.911133 0.634766 0.889648 0.639648 0.874023 0.629883 0.874023 0.629883 0.865234 0.638672 0.851562 0.642578 0.853516 0.607422 0.832031 0.630859 0.820312 0.629883 0.839844 0.609375 0.816406 0.612305 0.808594 0.607422 0.820312 0.585938 0.808594 0.578125 0.817383 0.560547 0.811523 0.526367 0.825195 0.538086 0.821289 0.520508 0.839844 0.53125 0.835938 0.507812 0.858398 0.518555 0.859375 0.5 0.869141 0.515625 0.867188 0.544922 0.881836 0.514648 0.895508 0.507812 0.888672 0.539062
0 0.950195 0.542969 0.960938 0.524414 0.967773 0.53125 0.967773 0.53125 0.97168 0.548828 0.984375 0.540039 0.991211 0.554688 0.987305 0.561523 1 0.563477 0.993164 0.584961 0.991211 0.601562 0.979492 0.607422 0.953125 0.616211 0.946289 0.606445 0.931641 0.617188 0.927734 0.610352 0.927734 0.59668 0.927734 0.577148 0.919922 0.567383 0.926758 0.552734 0.921875 0.525391
0 0.875977 0.640625 0.890625 0.641602 0.889648 0.655273 0.878906 0.662109 0.894531 0.671875 0.900391 0.68457 0.887695 0.695312 0.889648 0.704102 0.878906 0.704102 0.879883 0.726562 0.879883 0.726562 0.868164 0.72168 0.854492 0.726562 0.841797 0.737305 0.829102 0.725586 0.81543 0.733398 0.808594 0.71582 0.785156 0.724609 0.785156 0.706055 0.764648 0.707031 0.796875 0.676758 0.765625 0.673828 0.75 0.666016 0.766602 0.663086 0.754883 0.642578 0.783203 0.642578 0.776367 0.625 0.787109 0.629883 0.786133 0.612305 0.802734 0.620117 0.797852 0.603516 0.81543 0.608398 0.826172 0.631836 0.834961 0.613281 0.854492 0.606445 0.855469 0.635742 0.887695 0.62793 0.871094 0.643555
0 0.954102 0.625977 0.969727 0.625977 0.969727 0.634766 0.984375 0.641602 0.995117 0.648438 0.984375 0.658203 0.994141 0.668945 0.976562 0.676758 0.978516 0.693359 0.964844 0.686523 0.955078 0.699219 0.93457 0.685547 0.921875 0.702148 0.905273 0.693359 0.904297 0.682617 0.891602 0.683594 0.884766 0.668945 0.913086 0.65625 0.889648 0.649414 0.885742 0.633789 0.907227 0.637695 0.908203 0.607422 0.926758 0.615234 0.941406 0.609375
0 0.833984 0.742188 0.84375 0.741211 0.842773 0.750977 0.851562 0.75293 0.84082 0.773438 0.844727 0.792969 0.842773 0.806641 0.820312 0.805664 0.819336 0.814453 0.80957 0.80957 0.804688 0.824219 0.791016 0.816406 0.783203 0.821289 0.779297 0.810547 0.773438 0.8125 0.756836 0.817383 0.761719 0.801758 0.761719 0.801758 0.744141 0.801758 0.742188 0.791016 0.726562 0.772461 0.726562 0.761719 0.72168 0.741211 0.742188 0.745117 0.739258 0.731445 0.758789 0.737305 0.749023 0.708984 0.768555 0.716797 0.774414 0.731445 0.779297 0.701172 0.78418 0.720703 0.803711 0.71582 0.806641 0.727539 0.828125 0.725586
0 0.90918 0.723633 0.917969 0.724609 0.928711 0.734375 0.928711 0.734375 0.927734 0.75293 0.9375 0.754883 0.942383 0.764648 0.93457 0.775391 0.943359 0.785156 0.932617 0.788086 0.931641 0.802734 0.916992 0.797852 0.910156 0.811523 0.899414 0.806641 0.889648 0.808594 0.884766 0.801758 0.870117 0.803711 0.857422 0.786133 0.844727 0.776367 0.855469 0.765625 0.842773 0.736328 0.863281 0.742188 0.859375 0.723633 0.859375 0.723633 0.876953 0.714844 0.885742 0.723633 0.886719 0.711914
0 1 0.71582 0.983398 0.705078 0.978516 0.712891 0.969727 0.711914 0.954102 0.722656 0.938477 0.740234 0.947266 0.74707 0.939453 0.765625 0.954102 0.772461 0.954102 0.772461 0.948242 0.78418 0.959961 0.789062 0.958008 0.802734 0.977539 0.797852 0.985352 0.807617 1 0.799805
0 1 0.811523 0.992188 0.800781 0.986328 0.805664 0.969727 0.801758 0.969727 0.814453 0.953125 0.805664 0.953125 0.805664 0.951172 0.818359 0.935547 0.814453 0.935547 0.814453 0.917969 0.823242 0.933594 0.832031 0.90918 0.832031 0.925781 0.84082 0.946289 0.855469 0.924805 0.862305 0.932617 0.87793 0.9375 0.887695 0.935547 0.901367 0.927734 0.915039 0.927734 0.915039 0.969727 0.899414 0.969727 0.899414 0.96875 0.910156 0.984375 0.915039 0.992188 0.908203 1 0.916016
0 0.879883 0.849609 0.892578 0.84668 0.907227 0.829102 0.918945 0.833984 0.922852 0.848633 0.916992 0.859375 0.929688 0.863281 0.936523 0.883789 0.936523 0.883789 0.926758 0.890625 0.921875 0.890625 0.927734 0.899414 0.928711 0.916016 0.910156 0.910156 0.901367 0.910156 0.90625 0.922852 0.901367 0.933594 0.890625 0.920898 0.878906 0.926758 0.865234 0.94043 0.856445 0.923828 0.838867 0.933594 0.839844 0.914062 0.819336 0.916992 0.817383 0.907227 0.830078 0.895508 0.811523 0.898438 0.792969 0.889648 0.813477 0.881836 0.791016 0.875 0.776367 0.866211 0.803711 0.861328 0.832031 0.860352 0.819336 0.844727 0.808594 0.821289 0.824219 0.832031 0.824219 0.832031 0.817383 0.813477 0.833984 0.823242 0.841797 0.808594 0.841797 0.808594 0.858398 0.827148 0.855469 0.797852 0.866211 0.796875 0.875977 0.80957 0.885742 0.818359
0 0.805664 0.935547 0.797852 0.908203 0.814453 0.917969 0.814453 0.917969 0.813477 0.896484 0.829102 0.921875 0.834961 0.913086 0.844727 0.922852 0.854492 0.920898 0.870117 0.932617 0.882812 0.924805 0.875977 0.943359 0.887695 0.947266 0.878906 0.967773 0.889648 0.984375 0.87207 0.986328 0.885742 1 0.783203 1 0.770508 0.992188 0.780273 0.983398 0.767578 0.974609 0.785156 0.967773 0.768555 0.958008 0.759766 0.94043 0.787109 0.945312 0.768555 0.932617 0.769531 0.922852 0.786133 0.928711
0 0.952148 0.930664 0.964844 0.908203 0.977539 0.905273 0.977539 0.905273 0.982422 0.920898 0.979492 0.939453 0.996094 0.9375 1 0.952148 0.99707 0.956055 0.989258 0.969727 0.999023 1 0.892578 1 0.891602 0.989258 0.875977 0.983398 0.887695 0.974609 0.875 0.963867 0.875 0.963867 0.888672 0.952148 0.878906 0.942383 0.885742 0.916016 0.914062 0.930664 0.90918 0.90918 0.938477 0.90625
