0 0.946963 0.0324346 0.942141 0.0295312 0.936889 0.0270645 0.93096 0.0264678 0.9234 0.0293721 0.918857 0.0352656 0.919972 0.0408398 0.92268 0.0443438 0.927458 0.0468926 0.933033 0.0468125 0.936975 0.0456582 0.942629 0.0421943 0.94689 0.0388496
0 0.983033 0.0530664 0.979331 0.0502598 0.976076 0.0494463 0.970297 0.056248 0.96777 0.0577451 0.96377 0.0577695 0.961487 0.0610088 0.960627 0.0634717 0.962027 0.0660781 0.96514 0.0668018 0.96123 0.070373 0.961713 0.0720137 0.965937 0.0735098 0.96625 0.0773223 0.968048 0.0766973 0.970665 0.0746279 0.97226 0.0759053 0.973842 0.0751699 0.976444 0.0750098 0.980687 0.0738047 0.983879 0.0729785 0.986625 0.0735811 0.982347 0.0710244 0.982266 0.0642754
0 0.999685 0.0698975 0.996884 0.0731865 0.993282 0.0759434 0.990082 0.0819443 0.990987 0.0876201 0.990266 0.0917822 0.991072 0.0949043 0.989416 0.0977715 0.991455 0.100044 0.99636 0.101084 0.999949 0.0980049 1 0.0693125
0 0.930194 0.273272 0.923377 0.278969 0.917598 0.284373 0.916955 0.290893 0.916069 0.29657 0.913935 0.302369 0.917876 0.310715 0.920823 0.312149 0.925101 0.311586 0.929866 0.30892 0.934632 0.309354 0.937265 0.310453 0.939604 0.307138 0.941415 0.305817 0.946104 0.306713 0.948026 0.302597 0.951637 0.302934 0.954809 0.296995 0.954836 0.292112 0.954836 0.285058 0.951476 0.284011 0.941386 0.277473 0.937113 0.274281
1 0.924966 0.739598 0.917896 0.734725 0.91441 0.731091 0.906998 0.730303 0.903292 0.728662 0.894963 0.733016 0.891572 0.738373 0.894422 0.742618 0.892463 0.747086 0.896297 0.7503 0.900156 0.752762 0.899791 0.755345 0.897543 0.753825 0.894687 0.7503 0.891374 0.753521 0.891587 0.756286 0.888622 0.758633 0.883185 0.760074 0.879973 0.76183 0.873797 0.762586 0.867067 0.76563 0.862081 0.769803 0.862135 0.775599 0.856522 0.77817 0.851352 0.784084 0.850878 0.788546 0.8549 0.79375 0.859733 0.799327 0.861542 0.80573 0.864654 0.81435 0.867998 0.815081 0.875522 0.816044 0.881854 0.813521 0.887728 0.805767 0.891199 0.800378 0.899185 0.7987 0.907986 0.79336 0.914398 0.788594 0.915704 0.779515 0.921038 0.774294 0.928416 0.773431 0.93581 0.769206 0.935248 0.761383 0.932482 0.754074
0 0.964159 0.733926 0.958528 0.732068 0.949603 0.736921 0.943013 0.745428 0.943731 0.749621 0.93888 0.753515 0.943792 0.766274 0.95134 0.770767 0.961644 0.76909 0.967753 0.763039 0.971025 0.749657 0.963005 0.743815
0 0.962851 0.712914 0.957104 0.716273 0.954274 0.7237 0.958562 0.7298 0.963293 0.729977 0.969437 0.732143 0.974918 0.732364 0.979073 0.727634 0.973681 0.719942 0.968155 0.714063
0 0.648106 0.0368545 0.643079 0.0345156 0.637255 0.0317773 0.630386 0.0320762 0.626006 0.0310312 0.621188 0.0337393 0.617196 0.035709 0.614375 0.0402871 0.614642 0.0449707 0.610437 0.0455029 0.607455 0.0510928 0.608893 0.0578525 0.612299 0.0620039 0.616347 0.0676318 0.621126 0.0739121 0.626382 0.0746631 0.630273 0.0702266 0.635393 0.0748682 0.639946 0.0735645 0.642479 0.0826992 0.646355 0.0823584 0.645162 0.0753291 0.651041 0.0723896 0.659563 0.0712285 0.664267 0.0680645 0.659604 0.0674189 0.656603 0.067834 0.657987 0.061832 0.657941 0.052043 0.656873 0.04629 0.65456 0.0401934
0 0.619736 0.0809902 0.615054 0.0816396 0.613175 0.081457 0.608633 0.0804453 0.604729 0.0825566 0.601199 0.0852178 0.600823 0.089123 0.603629 0.0932305 0.604988 0.09754 0.606446 0.0947637 0.609034 0.0998369 0.609614 0.101865 0.614148 0.101762 0.617026 0.101762 0.620153 0.0989668 0.621137 0.0967832 0.621906 0.0928438 0.624133 0.0900742 0.623961 0.0857676 0.62221 0.0816631
0 0.638723 0.0810205 0.636395 0.0831826 0.634586 0.0845967 0.63259 0.0874033 0.630677 0.0899395 0.629104 0.0930273 0.628203 0.0961504 0.627253 0.0981475 0.625292 0.0995283 0.624469 0.103523 0.625364 0.107471 0.625146 0.110715 0.62547 0.114336 0.631884 0.117854 0.635366 0.120091 0.639877 0.116806 0.642927 0.118823 0.646616 0.11854 0.647026 0.113242 0.645387 0.112549 0.64854 0.110562 0.648919 0.105012 0.649333 0.104126 0.649413 0.0969844 0.647367 0.0953398 0.645521 0.0959814 0.647287 0.0906865 0.648067 0.0856729 0.645697 0.0841611 0.642271 0.0833867
0 0.443927 0.0875801 0.434454 0.0905752 0.42992 0.0887129 0.42239 0.0907373 0.413646 0.0918711 0.410974 0.0892803 0.404011 0.0964053 0.397737 0.0969082 0.39409 0.0994687 0.390133 0.10684 0.396768 0.117358 0.400686 0.132332 0.404114 0.134712 0.412512 0.131073 0.419229 0.127924 0.427416 0.125335 0.434553 0.130583 0.44267 0.126734 0.449317 0.119947 0.454328 0.117558 0.456377 0.10197 0.450522 0.092749
0 0.476701 0.1547 0.468224 0.145992 0.472289 0.145992 0.465154 0.144113 0.46105 0.143423 0.460015 0.147412 0.460283 0.150174 0.460244 0.154931 0.458672 0.158958 0.460206 0.162372 0.463658 0.16241 0.465039 0.159188 0.470371 0.159035 0.474246 0.157271
1 0.604086 0.245139 0.599526 0.241747 0.593966 0.243638 0.591241 0.244305 0.587015 0.245028 0.58166 0.246115 0.578249 0.245785 0.573546 0.246886 0.572226 0.249389 0.573078 0.255331 0.576186 0.258896 0.577481 0.260251 0.581284 0.261863 0.584827 0.262526 0.589177 0.260827 0.592704 0.259932 0.596693 0.259902 0.600027 0.259218 0.601188 0.253948 0.603451 0.250822
0 0.552438 0.264067 0.549198 0.260465 0.545992 0.259406 0.543744 0.259969 0.541463 0.257456 0.535654 0.256551 0.536115 0.264437 0.538501 0.270015 0.537501 0.2759 0.544232 0.275978 0.548041 0.277131 0.550849 0.275823 0.550541 0.271822
0 0.528196 0.254835 0.521396 0.255771 0.51849 0.259122 0.514598 0.262275 0.514007 0.26937 0.517948 0.272572 0.521102 0.274494 0.525486 0.274839 0.530808 0.276268 0.533517 0.273606 0.538443 0.274247 0.538046 0.267799 0.535731 0.262244 0.532762 0.260508 0.533302 0.258464 0.530602 0.256612
0 0.501876 0.265055 0.498751 0.262669 0.49556 0.26072 0.490956 0.263644 0.486555 0.265827 0.483866 0.268516 0.480909 0.271875 0.483799 0.280511 0.486409 0.284095 0.490063 0.285691 0.495128 0.281694 0.500982 0.282066 0.50405 0.275375 0.502423 0.269984
1 0.477574 0.267465 0.471632 0.26769 0.471146 0.262682 0.467596 0.261223 0.463413 0.263508 0.459961 0.265308 0.45641 0.265308 0.457092 0.272066 0.451062 0.272262 0.448922 0.271629 0.449359 0.266231 0.443958 0.267253 0.438123 0.268087 0.434111 0.271057 0.431663 0.276579 0.426088 0.281216 0.420982 0.283977 0.415894 0.29138 0.409204 0.296495 0.409395 0.300563 0.404781 0.304885 0.406884 0.309673 0.411146 0.316854 0.410854 0.321292 0.408927 0.31884 0.404723 0.323219 0.409803 0.332737 0.415408 0.339043 0.422026 0.34519 0.428043 0.353597 0.440817 0.353185 0.444113 0.35541 0.451448 0.346427 0.45944 0.34738 0.469592 0.342825 0.475916 0.337052 0.468747 0.327697 0.477009 0.331111 0.475797 0.325844 0.472983 0.318542 0.472062 0.314047 0.473526 0.307733 0.472917 0.306948 0.469271 0.302417 0.474654 0.299147 0.479525 0.298348 0.482633 0.294712 0.479841 0.291867 0.469693 0.290373 0.473083 0.281028 0.480771 0.272078 0.485381 0.267467
0 0.496646 0.348665 0.490719 0.351511 0.484555 0.352143 0.477601 0.352695 0.47199 0.359491 0.468908 0.369132 0.478471 0.380669 0.489454 0.38541 0.497673 0.39023 0.506049 0.386675 0.514425 0.383355 0.515769 0.369843 0.509212 0.361058 0.509183 0.358768 0.503036 0.352404
0 0.518906 0.328089 0.511707 0.326076 0.5035 0.329019 0.494133 0.336915 0.500403 0.3409 0.49588 0.345736 0.502432 0.350312 0.505812 0.355616 0.510507 0.365087 0.518241 0.372315 0.524307 0.370799 0.530019 0.367614 0.536084 0.368069 0.543818 0.366958 0.546834 0.367134 0.549677 0.359817 0.549724 0.349053 0.546881 0.348073 0.553342 0.341347 0.547617 0.33475 0.553505 0.331807 0.548707 0.32848 0.539439 0.327445 0.535334 0.324133 0.528168 0.322103 0.521839 0.325446
0 0.553493 0.339418 0.556528 0.339577 0.559363 0.33802 0.564274 0.341135 0.567229 0.342612 0.570464 0.341934 0.57246 0.342812 0.575712 0.343085 0.577535 0.348071 0.577498 0.354919 0.574446 0.362101 0.573367 0.366194 0.569386 0.36813 0.565516 0.367943 0.56291 0.365227 0.561943 0.370921 0.558418 0.374443 0.552258 0.376471 0.550038 0.373181 0.547016 0.36832 0.547245 0.36438 0.548813 0.355961 0.549016 0.351791 0.54626 0.348047
0 0.367266 0.00505664 0.363994 0.00951758 0.36299 0.0154287 0.364589 0.0217109 0.369904 0.0249072 0.375332 0.0214502 0.380313 0.016209 0.380016 0.0118594 0.373659 0.00791895
0 0.179122 0.0345732 0.171344 0.0360225 0.164176 0.0368604 0.159982 0.0428086 0.156475 0.0534844 0.16227 0.0718613 0.172183 0.0816221 0.179503 0.0826895 0.18629 0.0725479 0.192543 0.0671338 0.187891 0.0601182 0.188501 0.0495957 0.185604 0.0428086
0 0.188558 0.251139 0.1834 0.242298 0.17325 0.23583 0.165919 0.239437 0.162964 0.251603 0.166439 0.265505 0.170523 0.270719 0.177563 0.270632 0.183123 0.271675 0.187642 0.272283 0.191204 0.270893 0.188945 0.261073 0.192508 0.258206 0.188163 0.253948
0 0.447762 0.390988 0.444208 0.395802 0.4414 0.399069 0.438764 0.406348 0.443979 0.411964 0.445125 0.417294 0.445813 0.422165 0.451314 0.423426 0.457447 0.421248 0.46249 0.415804 0.460427 0.411333 0.463923 0.407093 0.460083 0.403883 0.46421 0.399642 0.462834 0.392822 0.461058 0.388811 0.456587 0.392307 0.451143 0.394255
0 0.484259 0.540835 0.480463 0.544057 0.478678 0.54855 0.474876 0.553216 0.472917 0.560013 0.480521 0.566291 0.482537 0.570669 0.488931 0.570208 0.494058 0.56174 0.494633 0.555404 0.48991 0.551775 0.488412 0.545842
0 0.553397 0.452629 0.54767 0.454593 0.547833 0.460812 0.549634 0.469812 0.554106 0.473412 0.555743 0.468229 0.560271 0.468121 0.563598 0.470849 0.565452 0.466866 0.567635 0.460375 0.565234 0.452574 0.565998 0.446792 0.561743 0.446083 0.555688 0.448211
0 0.723357 0.550898 0.716158 0.556916 0.713579 0.5639 0.715083 0.579858 0.72094 0.586468 0.729967 0.591088 0.742175 0.588955 0.745624 0.588796 0.746154 0.579352 0.744085 0.577176 0.747216 0.569854 0.744457 0.561471 0.735489 0.554201
0 0.629403 0.552901 0.622601 0.560493 0.62546 0.572029 0.636306 0.582382 0.645573 0.584156 0.651519 0.578449 0.652779 0.572446 0.656201 0.566743 0.648878 0.5614 0.644015 0.556357
1 0.612459 0.607989 0.609667 0.607377 0.608339 0.604826 0.612962 0.600044 0.60786 0.598557 0.603557 0.600735 0.601166 0.604295 0.596437 0.604401 0.591495 0.606846 0.585545 0.607377 0.581703 0.611249 0.578762 0.616449 0.574297 0.617973 0.570515 0.621649 0.571618 0.630105 0.573562 0.634833 0.572458 0.642345 0.574618 0.65149 0.580303 0.655614 0.583034 0.659962 0.587232 0.655894 0.591222 0.654582 0.592697 0.650593 0.595484 0.650429 0.59532 0.642834 0.598435 0.640757 0.604117 0.642834 0.611768 0.639555 0.612819 0.647048 0.614827 0.650142 0.621069 0.64987 0.625087 0.645527 0.622318 0.653507 0.629755 0.655461 0.63236 0.655949 0.63426 0.643302 0.638928 0.644279 0.638386 0.638091 0.637197 0.636069 0.635846 0.633151 0.636665 0.62967 0.640439 0.625273 0.636925 0.623341 0.638134 0.619743 0.640018 0.618208 0.639943 0.612078 0.635819 0.607024 0.631818 0.600645 0.628558 0.598237 0.624754 0.597112 0.623162 0.600179 0.620988 0.598393 0.618193 0.598199 0.616408 0.603129 0.614156 0.607709
0 0.673424 0.690388 0.669521 0.696531 0.666367 0.702509 0.666923 0.715096 0.668608 0.720442 0.669827 0.725554 0.676644 0.730085 0.680323 0.732603 0.685256 0.733037 0.69275 0.732499 0.698135 0.728864 0.706571 0.72689 0.710533 0.722438 0.710723 0.715811 0.710909 0.713764 0.71309 0.711645 0.712105 0.703904 0.710891 0.699674 0.705669 0.694076 0.706393 0.689562 0.705259 0.684752 0.702403 0.681204 0.697962 0.677322 0.693409 0.678853 0.689042 0.682063 0.687773 0.685683 0.686766 0.689899
0 0.589021 0.754599 0.582646 0.762198 0.582836 0.765866 0.578221 0.762451 0.573479 0.76909 0.57095 0.773896 0.564312 0.776993 0.565828 0.788058 0.567335 0.800496 0.57411 0.804439 0.574999 0.797887 0.579054 0.79933 0.585051 0.803495 0.583219 0.795387 0.591049 0.795276 0.593631 0.804198 0.599597 0.802971 0.607112 0.800492 0.611358 0.79775 0.612567 0.789029 0.612936 0.783432 0.610824 0.782661 0.615517 0.77894 0.614008 0.772874 0.615663 0.770841 0.611704 0.768013 0.611711 0.760666 0.607858 0.75942 0.603496 0.755851 0.599644 0.757607 0.59715 0.75959
0 0.524803 0.765905 0.521752 0.767528 0.518356 0.770432 0.52067 0.778798 0.526525 0.789279 0.533218 0.796857 0.538405 0.802748 0.544489 0.800838 0.548663 0.798323 0.556004 0.798424 0.561133 0.798776 0.565851 0.796786 0.569223 0.794089 0.563153 0.787479 0.56594 0.782309 0.571178 0.776259 0.568032 0.771566 0.563731 0.771042 0.555495 0.769521 0.551089 0.766059 0.543393 0.763924 0.534519 0.759999 0.526242 0.76162
0 0.496963 0.777073 0.500876 0.773105 0.503962 0.768476 0.51074 0.771286 0.514598 0.772939 0.517904 0.770625 0.519282 0.769138 0.522919 0.776411 0.522203 0.78115 0.514818 0.780324 0.512394 0.777899 0.510465 0.781371 0.502694 0.781923
0 0.509969 0.782749 0.509418 0.789252 0.508006 0.790856 0.504579 0.793705 0.508199 0.79858 0.50844 0.803647 0.513798 0.805771 0.518238 0.805096 0.522679 0.802972 0.527312 0.803021 0.532478 0.800027 0.530209 0.792933 0.527506 0.789554 0.525865 0.785837 0.522395 0.782195 0.519461 0.779262 0.515193 0.779662 0.513148 0.778194
0 0.500764 0.809375 0.49662 0.816963 0.493068 0.821214 0.495544 0.829985 0.497643 0.834937 0.503132 0.838111 0.508566 0.836497 0.508729 0.831869 0.514379 0.830309 0.516854 0.830392 0.519627 0.82749 0.52048 0.823139 0.5192 0.820877 0.52334 0.818957 0.522998 0.812983 0.518987 0.811405 0.52486 0.805496 0.52204 0.804246 0.514577 0.807709 0.513435 0.810066 0.512285 0.809295 0.513547 0.805577 0.510925 0.804149 0.508036 0.806706 0.503578 0.807338
0 0.4866 0.798597 0.480808 0.799305 0.478043 0.803389 0.477258 0.809766 0.477949 0.815859 0.479237 0.820352 0.482908 0.821398 0.488568 0.820353 0.494383 0.817554 0.497797 0.812908 0.497526 0.805698 0.499319 0.79864 0.494855 0.796312 0.490772 0.799136 0.488599 0.802188
0 0.365966 0.661678 0.368479 0.663638 0.367876 0.669819 0.366972 0.674191 0.365514 0.677911 0.364458 0.684192 0.369082 0.68178 0.366268 0.687812 0.375113 0.690475 0.379736 0.688767 0.38441 0.690877 0.390371 0.690363 0.392756 0.687472 0.396815 0.686608 0.396968 0.681027 0.39169 0.677678 0.39717 0.675699 0.393669 0.669509 0.391538 0.667276 0.394431 0.663471 0.39122 0.663324 0.393425 0.659648 0.38847 0.655699 0.384945 0.656518 0.37937 0.651592 0.375427 0.652976 0.374527 0.657126 0.372141 0.658025 0.370031 0.655673 0.367956 0.658925
0 0.0744072 0.382821 0.0683701 0.385543 0.0663291 0.390305 0.0634951 0.394347 0.0640889 0.39994 0.0662666 0.406475 0.071167 0.406425 0.0759688 0.405039 0.0840869 0.404989 0.0891855 0.403108 0.0878623 0.397278 0.0895713 0.39293 0.0858252 0.387893 0.0782041 0.381498
0 0.000317383 0.397978 0.00376172 0.397513 0.00811816 0.395279 0.0154297 0.397585 0.0127305 0.408134 0.0145391 0.418352 0.00938379 0.421216 0 0.422305
0 0.159785 0.191982 0.156722 0.198876 0.155025 0.202158 0.158417 0.211842 0.161535 0.218406 0.168757 0.221524 0.175924 0.217805 0.176307 0.214851 0.175321 0.210747 0.173462 0.207027 0.175924 0.202432 0.171437 0.198056 0.163122 0.19428
0 0.155137 0.103524 0.146043 0.107864 0.145285 0.11682 0.145354 0.118887 0.148661 0.128188 0.154035 0.125914 0.158513 0.124398 0.163473 0.120678 0.162371 0.114134 0.163748 0.108484 0.158168 0.103455
0 0.852101 0 0.85086 0.00244922 0.850063 0.00674707 0.853696 0.00652539 0.851126 0.00927344 0.857107 0.0103359 0.86083 0.00953906 0.859234 0.0141025 0.864862 0.0135713 0.869913 0.0164951 0.872173 0.0189766 0.874727 0.0161582 0.877168 0.0128125 0.881146 0.0113203 0.882548 0.00621191 0.884673 0.00327246 0.88092 0.00160059 0.879066 0.00114844 0.882096 0
0 0.872069 0.0202393 0.870916 0.0248525 0.870275 0.0267744 0.8672 0.0307051 0.865064 0.0351904 0.868311 0.0395469 0.872069 0.0419814 0.875572 0.0456133 0.879075 0.0462959 0.882535 0.0431777 0.886252 0.0406572 0.887918 0.0330117 0.885184 0.0284834 0.88057 0.0227168 0.88151 0.0185732 0.877837 0.0152842 0.873735 0.0146436
0 1 0.583567 0.995656 0.584718 0.990289 0.585932 0.987158 0.589127 0.981918 0.590277 0.981392 0.597573 0.979659 0.599486 0.980994 0.606092 0.984748 0.608618 0.986806 0.609123 0.989621 0.60768 0.992473 0.608329 0.995686 0.611036 0.999583 0.610495 1 0.602157
0 0.917833 0.604081 0.91461 0.604383 0.911741 0.608713 0.910432 0.607202 0.908619 0.608562 0.9059 0.613898 0.904139 0.618732 0.90882 0.617474 0.911539 0.618631 0.912647 0.624773 0.918438 0.623313 0.921206 0.627795 0.924932 0.624019 0.926857 0.618976 0.925139 0.613
0 0.919589 0.605679 0.922903 0.601003 0.928644 0.604081 0.934739 0.601536 0.940717 0.603193 0.944859 0.611479 0.943734 0.621125 0.938882 0.623492 0.930419 0.61935
0 0.470939 0.499384 0.469412 0.50669 0.47001 0.512668 0.472268 0.519377 0.478711 0.516787 0.483626 0.50968 0.482563 0.501841 0.476319 0.495863
0 0.47528 0.523029 0.472412 0.532021 0.474582 0.54272 0.478381 0.544502 0.483807 0.541014 0.490318 0.540316 0.492102 0.531401 0.48807 0.52644 0.48342 0.52489
1 0.409405 0.241243 0.403296 0.244372 0.405903 0.256219 0.411715 0.261136 0.415439 0.256219 0.418867 0.24929 0.428105 0.253388 0.430191 0.246384 0.424604 0.238486 0.423039 0.233644 0.414024 0.238338 0.412162 0.241839
0 0.412981 0.261583 0.415439 0.266873 0.422294 0.265904 0.426765 0.269555 0.430937 0.263893 0.430191 0.256368 0.426392 0.252047 0.421177 0.24929 0.41693 0.250705
0 0.59427 0.437085 0.592162 0.442318 0.59725 0.452566 0.602338 0.453947 0.603282 0.448933 0.607467 0.445763 0.608185 0.438316 0.600714 0.43925
1 0.00292969 0.0478516 0.0136719 0.0517578 0.0166016 0.0625 0.0244141 0.0625 0.0263672 0.0664062 0.0322266 0.0703125 0.0341797 0.0888672 0.0380859 0.104492 0.0292969 0.110352 0.0195312 0.105469 0.0253906 0.115234 0.0253906 0.115234 0.0244141 0.123047 0.0175781 0.124023 0.0126953 0.112305 0.00585938 0.104492 0 0.0996094 0 0.0771484 0.00683594 0.0761719 0.00488281 0.0673828 0 0.0605469
0 0.195312 0.0390625 0.205078 0.0439453 0.206055 0.0566406 0.193359 0.0625 0.193359 0.0625 0.18457 0.0576172 0.18457 0.0576172 0.182617 0.0429688
0 0.0751953 0.351562 0.0820312 0.361328 0.0810547 0.370117 0.0703125 0.370117 0.0673828 0.360352
0 0.0712891 0.325195 0.0761719 0.331055 0.0761719 0.338867 0.0634766 0.339844 0.0634766 0.34082 0.0595703 0.329102
0 0.195312 0.275391 0.201172 0.277344 0.202148 0.286133 0.196289 0.291992 0.188477 0.288086 0.188477 0.289062 0.186523 0.279297
0 0.182617 0.28125 0.185547 0.286133 0.182617 0.292969 0.176758 0.292969 0.173828 0.285156 0.173828 0.285156
0 0.282227 0.264648 0.28418 0.269531 0.280273 0.277344 0.271484 0.277344 0.267578 0.267578 0.267578 0.268555 0.271484 0.263672
0 0.275391 0.295898 0.283203 0.298828 0.283203 0.3125 0.276367 0.316406 0.268555 0.30957 0.268555 0.30957 0.268555 0.299805
0 0.192383 0.328125 0.199219 0.333984 0.198242 0.341797 0.19043 0.34375 0.19043 0.34375 0.18457 0.333984
0 0.392578 0.240234 0.40332 0.25 0.400391 0.258789 0.400391 0.258789 0.389648 0.262695 0.389648 0.262695 0.379883 0.255859 0.385742 0.244141
1 0.302734 0.257812 0.308594 0.261719 0.31543 0.260742 0.31543 0.260742 0.319336 0.25293 0.329102 0.256836 0.329102 0.265625 0.327148 0.270508 0.320312 0.273438 0.310547 0.27832 0.299805 0.277344 0.288086 0.274414 0.286133 0.264648
0 0.342773 0.257812 0.342773 0.265625 0.336914 0.268555 0.336914 0.268555 0.333008 0.262695 0.336914 0.255859
0 0.37207 0.25 0.374023 0.261719 0.374023 0.261719 0.366211 0.269531 0.356445 0.263672 0.356445 0.263672 0.354492 0.251953 0.360352 0.245117
0 0.0283203 0.393555 0.03125 0.402344 0.0253906 0.40918 0.0136719 0.40918 0.015625 0.397461 0.0234375 0.394531
0 0.0390625 0.391602 0.0449219 0.394531 0.0449219 0.402344 0.0390625 0.407227 0.0302734 0.40332 0.0332031 0.394531
0 0.0595703 0.387695 0.0654297 0.394531 0.0634766 0.402344 0.0546875 0.40332 0.0507812 0.393555 0.0507812 0.393555
0 0.111328 0.430664 0.115234 0.44043 0.111328 0.447266 0.102539 0.443359 0.101562 0.430664 0.105469 0.428711
0 0.120117 0.481445 0.112305 0.484375 0.107422 0.477539 0.115234 0.46875 0.119141 0.472656
0 0.126953 0.512695 0.125977 0.519531 0.120117 0.523438 0.113281 0.519531 0.115234 0.509766 0.121094 0.509766
0 0.132812 0.552734 0.136719 0.567383 0.136719 0.567383 0.131836 0.573242 0.124023 0.572266 0.119141 0.5625 0.12207 0.554688
0 0.171875 0.84082 0.177734 0.84375 0.180664 0.858398 0.181641 0.858398 0.177734 0.868164 0.171875 0.871094 0.166992 0.870117 0.164062 0.848633
0 0.467773 0.786133 0.479492 0.795898 0.475586 0.804688 0.463867 0.806641 0.458984 0.794922 0.461914 0.788086
0 0.458984 0.810547 0.464844 0.816406 0.464844 0.826172 0.457031 0.827148 0.452148 0.818359
1 0.307617 0.836914 0.321289 0.833008 0.333984 0.827148 0.344727 0.829102 0.349609 0.829102 0.360352 0.827148 0.366211 0.824219 0.37207 0.823242 0.376953 0.823242 0.380859 0.826172 0.385742 0.824219 0.389648 0.821289 0.395508 0.819336 0.40918 0.817383 0.414062 0.814453 0.418945 0.8125 0.423828 0.811523 0.429688 0.8125 0.44043 0.813477 0.450195 0.823242 0.449219 0.838867 0.446289 0.842773 0.44043 0.842773 0.430664 0.84375 0.424805 0.841797 0.419922 0.838867 0.415039 0.837891 0.411133 0.833984 0.407227 0.838867 0.399414 0.84375 0.383789 0.84668 0.378906 0.84668 0.375 0.841797 0.369141 0.84375 0.359375 0.847656 0.351562 0.848633 0.345703 0.848633 0.333008 0.850586 0.328125 0.852539 0.322266 0.853516 0.317383 0.854492 0.311523 0.852539 0.306641 0.851562 0.302734 0.848633 0.301758 0.841797
0 0.369141 0.726562 0.375977 0.733398 0.375977 0.742188 0.366211 0.74707 0.362305 0.750977 0.355469 0.745117 0.353516 0.735352 0.361328 0.728516
1 0.305664 0.789062 0.313477 0.783203 0.319336 0.78125 0.324219 0.78125 0.345703 0.780273 0.349609 0.777344 0.354492 0.773438 0.366211 0.762695 0.37207 0.762695 0.376953 0.762695 0.381836 0.762695 0.387695 0.765625 0.391602 0.769531 0.397461 0.777344 0.400391 0.782227 0.400391 0.787109 0.395508 0.788086 0.390625 0.786133 0.386719 0.790039 0.37793 0.795898 0.37207 0.794922 0.367188 0.791992 0.362305 0.793945 0.358398 0.796875 0.352539 0.797852 0.347656 0.795898 0.345703 0.791016 0.337891 0.792969 0.328125 0.797852 0.322266 0.795898 0.317383 0.796875 0.313477 0.800781 0.308594 0.801758 0.303711 0.800781
0 0.631836 0.767578 0.646484 0.767578 0.646484 0.776367 0.651367 0.78418 0.647461 0.790039 0.638672 0.796875 0.630859 0.788086 0.62207 0.78418 0.621094 0.771484
0 0.65332 0.764648 0.661133 0.766602 0.668945 0.768555 0.670898 0.775391 0.671875 0.775391 0.666992 0.782227 0.657227 0.782227 0.646484 0.780273 0.645508 0.769531
1 0.711914 0.75 0.71875 0.753906 0.731445 0.755859 0.743164 0.755859 0.755859 0.753906 0.766602 0.755859 0.771484 0.761719 0.770508 0.768555 0.75293 0.771484 0.745117 0.772461 0.74707 0.78418 0.74707 0.78418 0.745117 0.789062 0.740234 0.786133 0.739258 0.77832 0.729492 0.77832 0.730469 0.77832 0.722656 0.777344 0.709961 0.779297 0.697266 0.78125 0.6875 0.776367 0.69043 0.763672 0.693359 0.758789 0.703125 0.753906
1 0.823242 0.948242 0.834961 0.946289 0.857422 0.946289 0.870117 0.967773 0.882812 0.982422 0.897461 1 0.828125 1 0.822266 0.986328 0.817383 0.972656 0.819336 0.957031
0 0.513672 0.694336 0.522461 0.699219 0.525391 0.710938 0.516602 0.708984 0.507812 0.710938 0.504883 0.703125
0 0.521484 0.711914 0.526367 0.720703 0.520508 0.725586 0.510742 0.723633 0.504883 0.716797 0.509766 0.709961
1 0.672852 0.543945 0.678711 0.549805 0.683594 0.542969 0.693359 0.542969 0.700195 0.548828 0.701172 0.55957 0.697266 0.568359 0.697266 0.580078 0.6875 0.583984 0.675781 0.586914 0.667969 0.578125 0.662109 0.572266 0.658203 0.566406 0.660156 0.552734
0 0.709961 0.43457 0.71582 0.441406 0.713867 0.454102 0.710938 0.466797 0.700195 0.46582 0.696289 0.458008 0.696289 0.442383
0 0.692383 0.422852 0.693359 0.426758 0.692383 0.431641 0.685547 0.432617 0.68457 0.424805
0 0.62793 0.443359 0.630859 0.446289 0.637695 0.452148 0.636719 0.461914 0.629883 0.462891 0.620117 0.456055 0.62207 0.443359
0 0.21582 0.446289 0.21582 0.454102 0.207031 0.458984 0.202148 0.450195 0.207031 0.443359
0 0.210938 0.424805 0.213867 0.435547 0.204102 0.441406 0.200195 0.433594
0 0.205078 0.40625 0.211914 0.411133 0.210938 0.422852 0.202148 0.424805 0.194336 0.414062
0 0.210938 0.380859 0.217773 0.384766 0.21875 0.393555 0.208984 0.396484 0.202148 0.388672
0 0.226562 0.376953 0.232422 0.383789 0.232422 0.389648 0.225586 0.391602 0.22168 0.385742
0 0.237305 0.37793 0.244141 0.379883 0.246094 0.385742 0.24707 0.393555 0.244141 0.401367 0.234375 0.398438 0.234375 0.398438 0.233398 0.385742
0 0.254883 0.376953 0.258789 0.380859 0.257812 0.387695 0.25 0.388672 0.248047 0.378906
0 0.267578 0.373047 0.273438 0.376953 0.273438 0.387695 0.265625 0.386719 0.261719 0.375977
0 0.293945 0.371094 0.296875 0.378906 0.294922 0.384766 0.288086 0.380859
0 0.308594 0.369141 0.311523 0.378906 0.305664 0.382812 0.300781 0.376953 0.303711 0.370117
0 0.328125 0.351562 0.335938 0.361328 0.334961 0.368164 0.327148 0.371094 0.317383 0.365234 0.319336 0.356445
0 0.606445 0 0.606445 0.0126953 0.610352 0.015625 0.620117 0.00878906 0.629883 0
1 0.723633 0.0253906 0.734375 0.0234375 0.738281 0.03125 0.738281 0.03125 0.738281 0.0439453 0.741211 0.0566406 0.740234 0.0664062 0.734375 0.0712891 0.728516 0.0683594 0.728516 0.0585938 0.725586 0.046875 0.724609 0.0351562 0.72168 0.03125
0 0.901367 0.0771484 0.896484 0.0839844 0.890625 0.0839844 0.888672 0.0771484 0.897461 0.0732422
0 0.987305 0.078125 0.987305 0.0859375 0.981445 0.0888672 0.975586 0.0839844 0.977539 0.0751953 0.982422 0.0742188
0 0.911133 0.0351562 0.915039 0.0380859 0.913086 0.0439453 0.905273 0.0439453 0.90332 0.0371094
0 0.916992 0.0195312 0.917969 0.0263672 0.911133 0.0302734 0.905273 0.0234375 0.910156 0.0175781
0 0.898438 0.0371094 0.896484 0.0429688 0.891602 0.0429688 0.890625 0.0371094
0 0.87207 0.0400391 0.873047 0.0478516 0.866211 0.0498047 0.862305 0.0439453 0.865234 0.0400391
0 0.860352 0.0439453 0.860352 0.0478516 0.854492 0.0498047 0.849609 0.0478516 0.849609 0.0419922 0.855469 0.0400391
0 0.839844 0.0449219 0.84375 0.0478516 0.84375 0.0517578 0.837891 0.0537109 0.833008 0.0507812 0.834961 0.0449219
0 0.826172 0.046875 0.830078 0.0498047 0.829102 0.0546875 0.824219 0.0566406 0.819336 0.0517578 0.821289 0.0478516
0 0.813477 0.0498047 0.817383 0.0527344 0.816406 0.0566406 0.811523 0.0595703 0.811523 0.0595703 0.806641 0.0566406 0.806641 0.0507812
0 0.804688 0.0517578 0.806641 0.0576172 0.806641 0.0576172 0.801758 0.0605469 0.796875 0.0595703 0.796875 0.0527344
0 0.791992 0.0546875 0.792969 0.0595703 0.787109 0.0625 0.782227 0.0595703 0.785156 0.0537109
0 0.780273 0.0615234 0.776367 0.0644531 0.771484 0.0634766 0.770508 0.0566406 0.774414 0.0556641 0.779297 0.0556641
0 0.766602 0.0615234 0.766602 0.0673828 0.761719 0.0693359 0.755859 0.0654297 0.758789 0.0595703 0.762695 0.0595703
0 0.749023 0.0957031 0.753906 0.100586 0.750977 0.108398 0.744141 0.110352 0.739258 0.105469 0.739258 0.106445 0.744141 0.0966797
0 0.75293 0.113281 0.75 0.119141 0.744141 0.116211 0.74707 0.111328
0 0.744141 0.123047 0.749023 0.120117 0.75293 0.120117 0.754883 0.125 0.753906 0.128906 0.745117 0.130859
0 0.746094 0.137695 0.750977 0.133789 0.755859 0.135742 0.754883 0.139648 0.750977 0.141602
0 0.795898 0.319336 0.804688 0.314453 0.811523 0.317383 0.8125 0.324219 0.806641 0.333008 0.797852 0.333984 0.793945 0.326172
0 0.666016 0.328125 0.673828 0.334961 0.670898 0.34082 0.665039 0.341797 0.658203 0.337891 0.660156 0.330078
0 0.825195 0.419922 0.826172 0.430664 0.814453 0.438477 0.805664 0.43457 0.805664 0.423828 0.805664 0.423828 0.811523 0.416016
0 0.947266 0.601562 0.957031 0.602539 0.962891 0.604492 0.962891 0.615234 0.960938 0.613281 0.957031 0.617188 0.949219 0.615234 0.944336 0.607422
