0 0.292151 0.77401 0.284769 0.772405 0.280677 0.766948 0.28156 0.759888 0.283404 0.755313 0.287818 0.754029 0.293917 0.76077 0.29528 0.767831
1 0.30654 0.772943 0.315405 0.757372 0.32484 0.743277 0.334842 0.744301 0.33666 0.754871 0.334388 0.762827 0.330295 0.775104 0.328932 0.788175 0.324271 0.800678 0.31802 0.805224 0.305857 0.808861 0.294264 0.813181 0.283353 0.819887 0.272214 0.818863 0.272214 0.802837 0.281988 0.792494
0 0.387441 0.636725 0.380922 0.636453 0.374198 0.629933 0.373519 0.619405 0.380515 0.614516 0.387985 0.615194 0.39077 0.625043 0.391652 0.63068
0 0.366727 0.656692 0.361565 0.656149 0.356199 0.651191 0.359936 0.644671 0.367813 0.641614 0.370734 0.644128 0.371346 0.65058
1 0.456288 0.612117 0.449379 0.618376 0.435724 0.62244 0.428408 0.622521 0.419955 0.614231 0.416866 0.604559 0.420849 0.592854 0.448185 0.574468 0.462858 0.571971 0.477947 0.565727 0.489499 0.553551 0.49824 0.551054 0.502715 0.55865 0.499281 0.573739 0.488563 0.58602 0.482526 0.595073 0.474098 0.602462 0.464835 0.607249
0 0.740845 0.609799 0.726644 0.604666 0.709876 0.592347 0.712955 0.574895 0.717404 0.565142 0.738792 0.56805 0.747518 0.582936 0.746662 0.59765
0 0.73029 0.490836 0.723852 0.491084 0.71667 0.486998 0.716917 0.474987 0.725461 0.471024 0.733262 0.474987 0.737596 0.483035
1 1 0.441166 1 0.502468 0.993327 0.502238 0.976107 0.504534 0.959806 0.498795 0.953377 0.487314 0.94052 0.4616 0.944193 0.437951 0.958429 0.437033 0.979092 0.446446 0.990342 0.43841
1 0.888854 0.413579 0.888016 0.428678 0.868443 0.439862 0.845796 0.437625 0.823707 0.432593 0.795747 0.422807 0.777014 0.418053 0.752408 0.418053 0.736472 0.425603 0.735912 0.449928 0.726965 0.461671 0.714662 0.463908 0.694531 0.460832 0.673645 0.440646 0.643626 0.431549 0.615653 0.419269 0.618155 0.39539 0.62998 0.380607 0.651357 0.371283 0.688767 0.362264 0.705529 0.354406 0.719149 0.344453 0.739579 0.35624 0.753461 0.365669 0.774358 0.379757 0.791572 0.376548 0.812871 0.372755 0.829501 0.377423 0.847298 0.384134
0 0.590533 0.391762 0.579873 0.38686 0.572521 0.377549 0.568233 0.366398 0.571419 0.357577 0.583059 0.354269 0.58747 0.357944 0.595557 0.375098 0.593229 0.386248
0 0.618347 0.393723 0.61026 0.391271 0.600703 0.38343 0.597518 0.375466 0.593106 0.353533 0.597763 0.344099 0.610138 0.343731 0.624351 0.35194 0.630477 0.36407 0.633295 0.372525 0.63354 0.381347
0 0.666139 0.357199 0.66102 0.355371 0.659496 0.347692 0.659618 0.342024 0.663031 0.339647 0.666383 0.342573 0.668516 0.347814 0.669247 0.352142
0 0.656997 0.353543 0.651208 0.352751 0.648038 0.346961 0.649074 0.34178 0.65389 0.33599 0.656997 0.334955 0.658277 0.339647 0.660959 0.348058
0 0.579161 0.329988 0.572273 0.331097 0.562299 0.319539 0.562299 0.311543 0.572749 0.304813 0.582724 0.308931 0.584624 0.317876 0.584307 0.325318
0 0.534863 0.339262 0.528216 0.337201 0.523159 0.330929 0.523159 0.322782 0.528028 0.316416 0.538047 0.317445 0.542073 0.326621 0.540668 0.332614
0 0.451727 0.236538 0.442831 0.236346 0.435599 0.222395 0.437774 0.217019 0.441358 0.210106 0.448463 0.211771 0.453263 0.215994 0.455758 0.22329 0.455822 0.227898
0 0.45975 0.211337 0.45304 0.212176 0.449104 0.208498 0.44833 0.200433 0.455362 0.194046 0.46317 0.195143 0.466202 0.202756 0.464977 0.208176
0 0.453039 0.197993 0.447699 0.197451 0.442979 0.193428 0.442747 0.187006 0.44561 0.182518 0.450795 0.183369 0.455282 0.187856 0.45536 0.191262
0 0.46449 0.192112 0.458842 0.193118 0.456598 0.191339 0.453503 0.187393 0.451646 0.183214 0.454354 0.178107 0.460157 0.174548 0.467276 0.181667 0.469521 0.188089
0 0.47749 0.183369 0.470217 0.183523 0.464955 0.178804 0.462556 0.170988 0.463717 0.163405 0.470217 0.160852 0.478341 0.164721 0.482442 0.168899 0.481514 0.17594
0 0.482674 0.200547 0.476562 0.199851 0.471996 0.195285 0.473312 0.189559 0.479579 0.185922 0.484841 0.191339 0.484764 0.195981
0 0.495531 0.208977 0.49264 0.211611 0.48692 0.213925 0.483 0.212254 0.483449 0.202936 0.489041 0.195288 0.495853 0.192268 0.499516 0.197216 0.497845 0.203128
0 0.46148 0.143927 0.456054 0.144236 0.450583 0.141633 0.447848 0.136824 0.452083 0.132589 0.458656 0.132677 0.464216 0.137045 0.464568 0.14053
0 0.575004 0.113551 0.568353 0.112246 0.562939 0.108725 0.562549 0.102009 0.566657 0.0964004 0.576047 0.0951621 0.581003 0.101422 0.579503 0.108921
0 0.543019 0.164007 0.538126 0.163915 0.531019 0.162715 0.527419 0.157822 0.528249 0.150346 0.536465 0.146191 0.543203 0.150068 0.546804 0.155792
0 0.521498 0.0256572 0.515912 0.0247148 0.515259 0.0125264 0.521426 0.0131797 0.524183 0.0189834
0 0.486496 0.0448428 0.48235 0.0447979 0.481637 0.0357041 0.486941 0.0353467 0.487923 0.0373086 0.489126 0.0405186
0 0.596765 0.171218 0.592447 0.170924 0.587934 0.168863 0.586953 0.164104 0.587541 0.159443 0.593036 0.157138 0.597108 0.15856 0.599954 0.163761 0.600641 0.167783
0 0.584011 0.189593 0.581125 0.189473 0.578539 0.185985 0.577276 0.180332 0.582447 0.175762 0.585815 0.178829 0.586838 0.183219
0 0.681525 0.143739 0.67541 0.14255 0.672522 0.138303 0.67139 0.132584 0.677505 0.129525 0.682375 0.131564 0.685093 0.137963 0.684866 0.140115
0 0.765243 0.0959844 0.760243 0.0950752 0.75607 0.0928027 0.754087 0.089208 0.756607 0.0850352 0.759913 0.0825146 0.765119 0.0837129 0.767764 0.08896 0.768342 0.0932578
0 0.759747 0.105942 0.755822 0.10619 0.752889 0.10462 0.75012 0.100943 0.750409 0.0965215 0.753219 0.0931748 0.759582 0.0934229 0.76173 0.0959434 0.762021 0.101521
0 0.800845 0.052585 0.790899 0.0515488 0.781473 0.0444004 0.778986 0.0346631 0.781887 0.026168 0.793696 0.0226455 0.801776 0.0313477 0.804574 0.0430537 0.805299 0.0507197
0 0.730778 0.0136777 0.725647 0.0136201 0.72069 0.0117754 0.719652 0.00301367 0.723803 0 0.729683 1.5625e-05 0.734006 0.0055498 0.734237 0.0100459
0 0.719884 0.0140234 0.71579 0.0190391 0.711871 0.0216904 0.706971 0.0231895 0.702878 0.0213447 0.70063 0.0173672 0.704031 0.00993066 0.710718 0.00508887 0.717577 0.00578027 0.719422 0.00964258
0 0.718327 0.0275127 0.714522 0.0300488 0.70968 0.028665 0.707432 0.0242842 0.709622 0.0188652 0.715041 0.0164443 0.720633 0.0201914 0.720633 0.0241689
0 0.816901 0.164762 0.803771 0.166292 0.795153 0.163312 0.791528 0.155016 0.790884 0.146316 0.800952 0.139309 0.809571 0.140839 0.816901 0.147927 0.818995 0.154451
0 0.866454 0.0277881 0.860614 0.0268574 0.854266 0.0228789 0.852996 0.0150068 0.855366 0.00865918 0.864169 0.00992871 0.869925 0.0161074 0.871025 0.0208477
0 0.915458 0.0294492 0.906028 0.0291025 0.898332 0.0259824 0.895836 0.0185625 0.896737 0.00961816 0.90485 0.00386328 0.913863 0.0042793 0.91948 0.0116289 0.921075 0.0184932 0.922531 0.0236934
0 0.86461 0.202761 0.860752 0.202322 0.8572 0.198551 0.857156 0.192719 0.859831 0.189518 0.864742 0.190921 0.868074 0.195964 0.867461 0.199384
0 0.845663 0.187944 0.842035 0.186331 0.839515 0.183005 0.841178 0.177663 0.843446 0.175646 0.847578 0.177158 0.849292 0.181141 0.848587 0.185272
0 0.896745 0.227007 0.891831 0.2279 0.885651 0.224922 0.885651 0.218519 0.887885 0.210402 0.897713 0.210328 0.903894 0.215168 0.901809 0.222167
0 0.890152 0.250203 0.886328 0.249347 0.882104 0.245522 0.880392 0.241926 0.882789 0.237931 0.886842 0.236788 0.890152 0.240214 0.892094 0.24478
0 0.910934 0.262081 0.906722 0.26298 0.903029 0.261655 0.901278 0.257538 0.903313 0.253089 0.909514 0.252899 0.912022 0.255313
0 0.919595 0.258059 0.913915 0.256307 0.909324 0.251669 0.908614 0.2449 0.912022 0.242439 0.917796 0.244569 0.922009 0.24845 0.921914 0.254414
0 0.952899 0.271866 0.947636 0.271734 0.942569 0.270484 0.941056 0.264233 0.944214 0.258378 0.950268 0.256864 0.956782 0.259759 0.957966 0.266536
0 0.924202 0.361589 0.918627 0.36142 0.916487 0.358548 0.913052 0.353648 0.916825 0.343286 0.922231 0.342555 0.927638 0.34537 0.929777 0.350382 0.930566 0.355226 0.929891 0.357929
0 0.98425 0.312038 0.977619 0.31181 0.971903 0.309065 0.966339 0.305636 0.964281 0.299387 0.965882 0.293898 0.97358 0.292222 0.981049 0.298015 0.986841 0.30373
0 0.965277 0.297344 0.96166 0.296874 0.958325 0.293727 0.95809 0.287995 0.961284 0.284754 0.967298 0.28574 0.969083 0.290345 0.968566 0.293492
1 0.91834 0.304785 0.926479 0.308941 0.934703 0.31076 0.938427 0.312058 0.943708 0.317513 0.946046 0.322621 0.946565 0.327556 0.950635 0.334137 0.957128 0.337427 0.96137 0.341669 0.962063 0.349635 0.960245 0.354829 0.953405 0.352146 0.945353 0.349028 0.93505 0.341062 0.931153 0.336993 0.925959 0.332318 0.917647 0.327123 0.912625 0.321149 0.90795 0.316561 0.90821 0.309634
0 0.802346 0.34391 0.797986 0.347263 0.792756 0.347599 0.79128 0.34391 0.792354 0.337941 0.797048 0.33043 0.801742 0.32882 0.805363 0.333582 0.805229 0.340021
0 0.813746 0.332576 0.808314 0.332308 0.80362 0.329424 0.802815 0.324193 0.807174 0.319364 0.812808 0.320706 0.816094 0.324998 0.816831 0.328619
1 0.673509 0.197154 0.696786 0.218249 0.697695 0.231615 0.696422 0.242071 0.693785 0.247617 0.690239 0.245708 0.678691 0.234524 0.67069 0.231888 0.666508 0.233161 0.664325 0.239435 0.658233 0.23407 0.658143 0.220613 0.665689 0.207156
0 0.667151 0.199839 0.663246 0.199231 0.660078 0.19641 0.659384 0.192592 0.662725 0.189511 0.667194 0.190335 0.669321 0.194762
0 0.57707 0.0742178 0.573032 0.0735742 0.569639 0.0712334 0.568526 0.0665518 0.572974 0.0620459 0.578357 0.0633916 0.579762 0.0673125 0.579996 0.071292
0 0.75491 0.13791 0.751203 0.138374 0.745798 0.136572 0.744872 0.132608 0.743431 0.127976 0.749401 0.122931 0.754652 0.121901 0.759079 0.125968 0.760058 0.131733 0.759337 0.134616
0 0.769579 0.147595 0.765685 0.14707 0.758418 0.142202 0.761938 0.13561 0.770179 0.134262 0.771826 0.136584 0.77295 0.1437
0 0.914186 0.0616846 0.909215 0.0584629 0.901298 0.0539521 0.904796 0.0450225 0.911056 0.0401436 0.919985 0.0413398 0.92155 0.049625 0.919156 0.0560693
0 0.937384 0.0864473 0.930019 0.0857109 0.927165 0.067208 0.93858 0.0705215 0.941895 0.0791748 0.942078 0.0811084
0 0.97823 0.0288809 0.971363 0.0274795 0.967019 0.0222939 0.965477 0.0132539 0.966878 0.00470508 0.972484 0.00169141 0.974937 0.00155176 0.978931 0.00624707 0.981243 0.0126934 0.981664 0.0211729 0.981384 0.0252363
0 0.949213 0.0692715 0.941424 0.0682334 0.93727 0.0637334 0.937789 0.0554248 0.939779 0.0465117 0.945404 0.0420117 0.952068 0.0465117 0.950943 0.058627 0.951809 0.061916
0 0.97873 0.0959229 0.97398 0.0949844 0.971752 0.0850137 0.97574 0.082082 0.980901 0.0844277 0.982133 0.0907031
0 0.969992 0.111465 0.966238 0.110703 0.96272 0.107946 0.964186 0.103724 0.966473 0.100732 0.970461 0.103313 0.972162 0.109236
0 0.98354 0.11123 0.979963 0.109061 0.977147 0.102198 0.977793 0.0976826 0.98178 0.0962158 0.985476 0.100439 0.986004 0.106245
0 0.633492 0.301749 0.624262 0.299996 0.62175 0.29725 0.622626 0.291116 0.62765 0.287611 0.634193 0.286501 0.636472 0.292284 0.63653 0.295206
0 0.645878 0.307591 0.63951 0.304962 0.637815 0.293745 0.642664 0.291291 0.646929 0.293745 0.649441 0.300639 0.648974 0.303268
0 0.480631 0.26791 0.475055 0.268428 0.469882 0.266358 0.46902 0.261645 0.476032 0.252275 0.48132 0.254 0.483792 0.258655 0.483734 0.263944
0 0.465403 0 0.469653 0.00419922 0.468973 0.0113389 0.46614 0.0147393 0.46274 0.0134922 0.45866 0.012416 0.453674 0.00935547 0.453844 0.00317969 0.458717 0
1 0.0908203 0 0.0634766 0.03125 0.0615234 0.0439453 0.0488281 0.0478516 0.0498047 0.0634766 0.0419922 0.0683594 0.0400391 0.0820312 0.000976562 0.12793 0 0.154297 0.0174873 0.145087 0.0313682 0.125935 0.0368154 0.109242 0.039627 0.0950098 0.0475332 0.0804248 0.0596582 0.070585 0.0721328 0.0658408 0.0839063 0.0595156 0.0919883 0.0521357 0.0908203 0.0429688 0.0810547 0.0400391 0.0823242 0.0277119 0.0875957 0.0171689 0.0990176 0.00205762 0.109208 0
1 0.217773 0.0175781 0.206055 0.0195312 0.195312 0.0244141 0.192383 0.0351562 0.201172 0.0380859 0.206055 0.046875 0.21582 0.0517578 0.217773 0.0605469 0.229492 0.0673828 0.231445 0.0751953 0.241211 0.0830078 0.249023 0.078125 0.256836 0.0791016 0.255859 0.0898438 0.268555 0.09375 0.276367 0.100586 0.285156 0.111328 0.288086 0.123047 0.301758 0.130859 0.311523 0.139648 0.319336 0.146484 0.324219 0.161133 0.337891 0.171875 0.356445 0.169922 0.366211 0.151367 0.376953 0.140625 0.375977 0.12793 0.374023 0.112305 0.364258 0.108398 0.358398 0.118164 0.352539 0.130859 0.344727 0.132812 0.34082 0.121094 0.341797 0.112305 0.351562 0.110352 0.357422 0.101562 0.349609 0.0917969 0.342773 0.0927734 0.321289 0.0800781 0.324219 0.0683594 0.3125 0.0585938 0.306641 0.0517578 0.30957 0.046875 0.30957 0.046875 0.299805 0.046875 0.292969 0.0410156 0.286133 0.0449219 0.274414 0.0410156 0.267578 0.0292969 0.251953 0.0263672 0.249023 0.0332031 0.239258 0.03125 0.231445 0.0302734 0.224609 0.0361328 0.219727 0.03125
0 0.388672 0.116211 0.388672 0.125 0.380859 0.125977 0.380859 0.125977 0.37793 0.117188 0.381836 0.114258 0.381836 0.114258
0 0.399414 0.138672 0.40332 0.146484 0.398438 0.15625 0.398438 0.15625 0.391602 0.164062 0.385742 0.15918 0.389648 0.149414 0.391602 0.140625 0.391602 0.140625
0 0.392578 0.132812 0.402344 0.128906 0.407227 0.129883 0.410156 0.135742 0.40332 0.143555 0.392578 0.139648
0 0.412109 0.130859 0.418945 0.12793 0.425781 0.128906 0.429688 0.132812 0.422852 0.141602 0.416016 0.148438 0.408203 0.141602
0 0.416016 0.151367 0.416992 0.158203 0.412109 0.15625 0.411133 0.149414 0.411133 0.149414
0 0.426758 0.15918 0.426758 0.165039 0.422852 0.166992 0.420898 0.161133
0 0.744141 0 0.748047 0.00878906 0.753906 0.0117188 0.755859 0.0195312 0.763672 0.0205078 0.769531 0.0146484 0.769531 0.0146484 0.764648 0.00585938 0.759766 0.00488281 0.758789 0
0 0.737305 0.0644531 0.745117 0.0673828 0.744141 0.0761719 0.739258 0.0771484 0.739258 0.0771484
0 0.712891 0.1875 0.716797 0.194336 0.713867 0.201172 0.713867 0.201172 0.708008 0.196289
0 0.785156 0.191406 0.788086 0.197266 0.783203 0.199219 0.77832 0.195312 0.78125 0.191406
0 0.765625 0.209961 0.769531 0.214844 0.772461 0.22168 0.772461 0.22168 0.766602 0.225586 0.760742 0.222656 0.755859 0.217773 0.759766 0.211914 0.759766 0.211914
0 0.772461 0.219727 0.777344 0.225586 0.773438 0.233398 0.769531 0.238281 0.763672 0.232422 0.765625 0.224609
0 0.665039 0.269531 0.664062 0.27832 0.664062 0.27832 0.65918 0.277344 0.65918 0.270508
0 0.838867 0.296875 0.84082 0.305664 0.833984 0.307617 0.833984 0.307617 0.829102 0.303711 0.829102 0.295898 0.833984 0.293945 0.833984 0.293945
1 0.908203 0.435547 0.915039 0.441406 0.921875 0.448242 0.929688 0.456055 0.926758 0.461914 0.917969 0.458008 0.90918 0.453125 0.90332 0.449219 0.898438 0.441406 0.900391 0.43457
0 0.938477 0.239258 0.9375 0.246094 0.9375 0.246094 0.931641 0.25 0.925781 0.244141 0.931641 0.236328
0 0.961914 0.30957 0.962891 0.314453 0.957031 0.316406 0.954102 0.311523 0.957031 0.307617
0 0.849609 0.206055 0.852539 0.209961 0.854492 0.213867 0.854492 0.222656 0.850586 0.222656 0.848633 0.21875 0.84375 0.216797 0.84375 0.208984
1 0.592773 0.186523 0.597656 0.189453 0.601562 0.192383 0.615234 0.203125 0.625 0.213867 0.631836 0.21875 0.639648 0.219727 0.643555 0.223633 0.648438 0.230469 0.648438 0.230469 0.644531 0.233398 0.643555 0.238281 0.635742 0.238281 0.636719 0.244141 0.643555 0.248047 0.646484 0.242188 0.655273 0.25 0.655273 0.254883 0.649414 0.254883 0.647461 0.262695 0.636719 0.260742 0.630859 0.260742 0.629883 0.254883 0.620117 0.251953 0.62207 0.246094 0.624023 0.240234 0.618164 0.234375 0.613281 0.228516 0.608398 0.227539 0.601562 0.228516 0.601562 0.22168 0.597656 0.21875 0.59082 0.21875 0.586914 0.211914 0.582031 0.209961 0.578125 0.203125 0.579102 0.192383 0.584961 0.19043
0 0.630859 0.260742 0.629883 0.268555 0.624023 0.273438 0.616211 0.275391 0.612305 0.264648 0.614258 0.254883 0.62207 0.25293 0.628906 0.254883
0 0.616211 0.275391 0.619141 0.282227 0.618164 0.286133 0.612305 0.285156 0.609375 0.275391 0.612305 0.271484
0 0.611328 0.264648 0.612305 0.270508 0.606445 0.271484 0.606445 0.271484 0.605469 0.262695
0 0.579102 0.341797 0.581055 0.350586 0.575195 0.353516 0.569336 0.34668 0.571289 0.341797
