0 0.124214 0.0288535 0.121239 0.0269795 0.118595 0.0211396 0.120798 0.016292 0.126418 0.0125449 0.132479 0.0125449 0.136886 0.0166221 0.136886 0.0218008 0.136445 0.0245557 0.130604 0.0286328
0 0.235221 0.042209 0.223381 0.0399893 0.218447 0.0338223 0.219681 0.0150752 0.226834 0.0118691 0.237194 0.0177891 0.242867 0.0249424 0.243854 0.036042
0 0.290968 0.0567617 0.283074 0.0533086 0.281169 0.0503174 0.280642 0.0397695 0.284465 0.0342324 0.292243 0.031332 0.298176 0.0346279 0.303449 0.0391104 0.305954 0.0471523 0.301472 0.0533496
0 0.0457695 0.247875 0.0342207 0.243932 0.0280234 0.228439 0.0347842 0.217454 0.0494307 0.212665 0.0575996 0.220271 0.0590078 0.232101 0.0570361 0.239706
0 0.0374326 0.424682 0.0289033 0.421025 0.0259795 0.408354 0.0306094 0.398849 0.0418193 0.397387 0.0452314 0.41006 0.0410889 0.421025
0 0.0210498 0.307001 0.0168789 0.306384 0.0134795 0.30005 0.0139434 0.292171 0.0207402 0.289081 0.0266113 0.292479 0.0281563 0.297114 0.0276924 0.302367
0 0.0510869 0.309224 0.0409785 0.306889 0.0368408 0.30413 0.034082 0.298498 0.034082 0.291601 0.0385654 0.287692 0.0451172 0.285164 0.0524736 0.286658 0.0573008 0.290682 0.0604043 0.297693 0.0589102 0.304475
0 0.0703828 0.323662 0.0656641 0.322295 0.0630107 0.319052 0.0591777 0.313843 0.0605537 0.307355 0.0661562 0.303424 0.0716602 0.305586 0.0754932 0.310796 0.0759844 0.3163 0.0755918 0.321705
0 0.144501 0.449422 0.139143 0.448258 0.136464 0.442317 0.137512 0.435328 0.143103 0.431484 0.149976 0.434163 0.151606 0.441618 0.148111 0.447908
0 0.152888 0.433231 0.14683 0.431484 0.143336 0.42601 0.143103 0.418555 0.145433 0.41308 0.149742 0.409353 0.156848 0.409236 0.162556 0.413313 0.164303 0.420885 0.162672 0.429504
0 0.135771 0.43493 0.131116 0.430964 0.129393 0.421999 0.133358 0.417861 0.139048 0.416999 0.143013 0.425792
1 0.130075 0.559255 0.117917 0.555571 0.106128 0.548571 0.0851279 0.542308 0.0663379 0.535308 0.0504961 0.527939 0.0405488 0.51836 0.0335479 0.502519 0.0457061 0.492202 0.0611797 0.495519 0.0700225 0.506939 0.0840225 0.510624 0.0902852 0.498834 0.105391 0.482992 0.121232 0.475623 0.134864 0.48336 0.152181 0.488887 0.151812 0.503992 0.147759 0.527939 0.139285 0.552624
0 0.158812 0.56515 0.144443 0.555571 0.146285 0.533834 0.158443 0.520571 0.168391 0.525729 0.170602 0.540466 0.167286 0.555939
0 0.201402 0.315448 0.197314 0.314688 0.194082 0.31117 0.192751 0.30537 0.194082 0.299856 0.200832 0.297004 0.206061 0.298905 0.208437 0.304325 0.208152 0.310694
0 0.210435 0.301378 0.205301 0.301567 0.202733 0.299477 0.201308 0.294913 0.201022 0.289874 0.205586 0.286546 0.211005 0.28569 0.214617 0.289684 0.216233 0.295198 0.215378 0.299477
0 0.168387 0.288767 0.16422 0.28713 0.160798 0.282964 0.163179 0.27612 0.169874 0.273144 0.176421 0.27478 0.179694 0.28103 0.177909 0.286089
0 0.158863 0.303943 0.152316 0.301563 0.150383 0.294123 0.156036 0.289362 0.16422 0.292338 0.165262 0.297546
0 0.147407 0.334595 0.14339 0.331916 0.140711 0.325815 0.143687 0.322691 0.147854 0.322989 0.151722 0.326709 0.151424 0.33147
0 0.31897 0.657131 0.311835 0.654878 0.305264 0.646429 0.301885 0.636479 0.301509 0.625214 0.30808 0.61639 0.31728 0.612635 0.328545 0.61301 0.339246 0.618454 0.347695 0.628029 0.34807 0.642486 0.344691 0.653188 0.333614 0.654502
0 0.285627 0.638669 0.274685 0.635863 0.267389 0.624079 0.265145 0.608646 0.272721 0.598826 0.283663 0.593214 0.29629 0.593214 0.304146 0.602474 0.304988 0.614258 0.301901 0.630812
1 0.252418 0.626293 0.237348 0.620497 0.222277 0.6147 0.208752 0.603107 0.192522 0.591129 0.186727 0.574898 0.198705 0.566397 0.218413 0.572193 0.232324 0.569488 0.246235 0.576831 0.259374 0.590742 0.265943 0.60929
0 0.218367 0.746129 0.213426 0.743959 0.210532 0.737691 0.213907 0.732389 0.219934 0.730219 0.223309 0.734558 0.22367 0.741549
0 0.186504 0.736201 0.182673 0.735106 0.178021 0.731367 0.176744 0.725438 0.178295 0.72106 0.182946 0.717867 0.188511 0.717594 0.193071 0.721607 0.194622 0.728083 0.192342 0.733647
0 0.118737 0.715446 0.112533 0.712106 0.105137 0.700892 0.109908 0.69087 0.119931 0.687768 0.126373 0.695881 0.127805 0.708527
0 0.0444678 0.663029 0.0412275 0.661494 0.0404609 0.657402 0.0416543 0.652628 0.0451494 0.648877 0.0499238 0.650582 0.0493271 0.657487 0.0486445 0.660642
0 0.0416152 0.679698 0.0382324 0.677505 0.0361299 0.673208 0.0364043 0.668546 0.037959 0.664614 0.0417979 0.662055 0.0467344 0.661507 0.0500254 0.663792 0.0500254 0.663792 0.0515801 0.670557 0.0512139 0.674122 0.0502998 0.676134 0.0474658 0.678327
0 0.0132295 0.683332 0.00187891 0.678529 0 0.666307 0 0.652773 0.0114834 0.651683 0.0234883 0.65452 0.0309092 0.663469 0.0300361 0.677002 0.0243613 0.679403
0 0.0877266 0.945452 0.0805986 0.942232 0.0768359 0.938713 0.0796543 0.930405 0.0845508 0.924768 0.0925615 0.927438 0.0971611 0.931592 0.0959736 0.940493
0 0.395795 0.255343 0.388995 0.254904 0.379782 0.250298 0.376491 0.239329 0.384169 0.234942 0.389872 0.237794 0.396892 0.240865 0.400183 0.250078
0 0.413563 0.213226 0.406763 0.208619 0.399305 0.201819 0.395575 0.190632 0.401938 0.184709 0.410492 0.186903 0.42124 0.189097 0.428698 0.193483 0.42826 0.203136 0.422337 0.209936
0 0.399436 0.214958 0.397214 0.213625 0.395955 0.211033 0.397955 0.208293 0.400251 0.207479 0.402398 0.208071 0.402917 0.21244
0 0.43384 0.119501 0.426638 0.112699 0.423037 0.105897 0.424638 0.0940947 0.433239 0.0896943 0.43624 0.0968955 0.439441 0.104098 0.43844 0.111699
0 0.444242 0.129903 0.436641 0.126902 0.43304 0.121102 0.43504 0.105498 0.440441 0.101097 0.444843 0.103297 0.451444 0.106498 0.451444 0.106498 0.454244 0.121901
0 0.465905 0.134937 0.459878 0.132111 0.452344 0.122129 0.452532 0.109509 0.461762 0.10593 0.469107 0.109509 0.475512 0.114971 0.477019 0.124954
0 0.495854 0.138327 0.487943 0.134937 0.481539 0.127026 0.485118 0.116478 0.491898 0.118927 0.499057 0.122693 0.504331 0.129286 0.501693 0.133618
0 0.52097 0.14758 0.51482 0.14688 0.509795 0.140785 0.508939 0.133621 0.512682 0.132553 0.516958 0.134904 0.520166 0.138326 0.522519 0.141962 0.525619 0.1441
0 0.528776 0.137737 0.526282 0.136767 0.525174 0.133719 0.526421 0.130878 0.528708 0.131363 0.530717 0.133857 0.531063 0.136074
0 0.391439 0.130889 0.389145 0.129511 0.387505 0.126166 0.389604 0.123478 0.392948 0.122493 0.395047 0.124461 0.395702 0.128396
0 0.391258 0.0919697 0.388473 0.0908555 0.384573 0.08729 0.386578 0.0825 0.39226 0.0812744 0.39538 0.0861768
0 0.517892 0.181546 0.512408 0.179633 0.51126 0.171599 0.514703 0.169686 0.519422 0.171727 0.521335 0.176445
0 0.541028 0.153066 0.538005 0.150043 0.536661 0.14422 0.5389 0.142316 0.542708 0.143548 0.544947 0.147804 0.545172 0.151723
0 0.558854 0.148462 0.55678 0.147197 0.555516 0.144667 0.555616 0.141074 0.557033 0.140163 0.558652 0.140012 0.560373 0.141529 0.561587 0.142593 0.561183 0.145325
0 0.57558 0.165146 0.572797 0.16477 0.570916 0.161986 0.569487 0.157925 0.572872 0.154991 0.575655 0.155743 0.578362 0.158301 0.578739 0.16161
0 0.590937 0.16408 0.587441 0.16278 0.586873 0.158392 0.589393 0.157091 0.592155 0.158147 0.59378 0.161643
0 0.58988 0.175864 0.586467 0.174401 0.585085 0.170419 0.587604 0.168063 0.591424 0.168306 0.59378 0.171801
0 0.596163 0.214975 0.593853 0.215084 0.591541 0.213764 0.590771 0.210683 0.592036 0.208042 0.594567 0.207437 0.596218 0.207987 0.596988 0.210353 0.596823 0.212719
0 0.559848 0.203325 0.556844 0.201377 0.554246 0.197479 0.555707 0.192771 0.559036 0.190254 0.563826 0.191959 0.56407 0.197236 0.562689 0.200809
0 0.629387 0.179412 0.626208 0.177482 0.622462 0.172602 0.621806 0.168173 0.624422 0.166956 0.627099 0.167504 0.629167 0.170119 0.630627 0.172857 0.631113 0.177785
0 0.607271 0.174967 0.604726 0.174118 0.604066 0.170443 0.604726 0.164318 0.609249 0.163753 0.613584 0.165072 0.614715 0.170443 0.612453 0.172987
0 0.655315 0.188565 0.651934 0.187828 0.650274 0.184509 0.650521 0.180267 0.653286 0.178853 0.657344 0.177869 0.658942 0.180574 0.659311 0.184078 0.658143 0.185984
0 0.637143 0.194121 0.634425 0.192551 0.632854 0.189229 0.633579 0.185969 0.637565 0.182768 0.6398 0.182526 0.642276 0.184096 0.643062 0.186753 0.643363 0.189229 0.642759 0.192008
0 0.666832 0.208611 0.662144 0.204569 0.659438 0.201774 0.658355 0.196363 0.661241 0.191675 0.66584 0.191044 0.669808 0.192576 0.671792 0.196363 0.672333 0.200782 0.669628 0.206644
0 0.635162 0.23485 0.631032 0.233798 0.629818 0.228777 0.631032 0.225296 0.635 0.223677 0.638886 0.226349 0.639534 0.231368
0 0.684973 0.253276 0.67875 0.250165 0.67766 0.242386 0.683105 0.237097 0.689018 0.236941 0.692284 0.241452 0.691974 0.247053
0 0.699867 0.2191 0.694821 0.216347 0.69421 0.207937 0.699256 0.204419 0.704761 0.206713 0.70736 0.211912 0.705679 0.2165
0 0.686049 0.205203 0.683089 0.202478 0.682777 0.19726 0.685659 0.197182 0.689008 0.198194 0.691033 0.200375 0.691267 0.203646 0.689631 0.205203
0 0.750249 0.2657 0.734204 0.260461 0.723726 0.241469 0.722743 0.225096 0.733549 0.214944 0.746975 0.211015 0.758764 0.213962 0.767933 0.228043 0.770552 0.246381
0 0.787533 0.260601 0.780119 0.260354 0.777401 0.246761 0.786051 0.242065 0.794206 0.244783 0.795689 0.25541
0 0.81992 0.268143 0.815692 0.26703 0.814412 0.264749 0.814969 0.260633 0.815692 0.257852 0.818028 0.256571 0.820421 0.25685 0.822257 0.259465 0.823091 0.262636 0.821979 0.266529
0 0.83843 0.265918 0.836227 0.265562 0.834592 0.263431 0.834521 0.259024 0.837861 0.257745 0.840277 0.25874 0.841485 0.261015 0.840562 0.263856
0 0.850829 0.280167 0.845872 0.279433 0.843393 0.274842 0.845138 0.270343 0.848167 0.26713 0.851748 0.268782 0.853676 0.271812 0.853584 0.27732
0 0.873423 0.283595 0.870629 0.283036 0.868891 0.279497 0.869325 0.275772 0.871809 0.274406 0.874044 0.275772 0.876155 0.276518 0.875721 0.281174
0 0.88262 0.29673 0.879346 0.296116 0.876412 0.293729 0.875525 0.289432 0.877095 0.285611 0.880778 0.284384 0.883779 0.285339 0.88603 0.288682 0.88603 0.292774
0 0.903177 0.294874 0.900215 0.293773 0.898183 0.290134 0.900299 0.288187 0.903854 0.288187 0.905209 0.290896 0.905378 0.294366
0 0.92024 0.310945 0.91734 0.31033 0.914615 0.30743 0.914176 0.302245 0.918307 0.300487 0.921119 0.302771 0.923667 0.304969 0.923228 0.307957
0 0.913445 0.338118 0.908984 0.337226 0.90604 0.332943 0.906843 0.3275 0.911394 0.324823 0.915944 0.325805 0.91871 0.32857 0.919335 0.333657
0 0.88295 0.335873 0.876173 0.33256 0.876774 0.325029 0.883251 0.322771 0.888372 0.324577 0.89033 0.330301 0.889125 0.333313
0 0.84106 0.320511 0.838806 0.318375 0.836433 0.312325 0.839518 0.305206 0.843788 0.306393 0.846636 0.310782 0.846043 0.315054
0 0.973556 0.376602 0.965722 0.375119 0.959581 0.368556 0.962122 0.356063 0.971015 0.353312 0.979061 0.356699 0.979061 0.364745
1 0.290683 0.395832 0.278832 0.390387 0.270504 0.378216 0.274348 0.359639 0.286198 0.350991 0.301893 0.354194 0.307018 0.365725 0.309899 0.381419 0.303814 0.39359
0 0.220717 0.394162 0.216919 0.390191 0.213983 0.382594 0.217091 0.379659 0.222443 0.379486 0.227105 0.382594 0.225552 0.390191
0 0.399352 0.59876 0.390925 0.598042 0.385546 0.59087 0.386264 0.577603 0.390746 0.5733 0.398455 0.574017 0.404372 0.579755 0.406882 0.587285 0.404192 0.595174
0 0.391222 0.578633 0.387194 0.576395 0.382569 0.571173 0.382271 0.563117 0.388238 0.557746 0.396443 0.558193 0.403157 0.563714 0.403157 0.570875
0 0.395399 0.558193 0.388536 0.556553 0.385105 0.55148 0.384061 0.542678 0.384061 0.535219 0.390774 0.528654 0.398234 0.526416 0.405544 0.529698 0.409722 0.537755 0.409125 0.548347
0 0.435169 0.571294 0.426421 0.5729 0.420351 0.56683 0.417852 0.556654 0.423207 0.550227 0.429635 0.546835 0.438204 0.548263 0.446238 0.550048 0.451237 0.55469 0.451237 0.563974 0.443382 0.56933
0 0.484287 0.590827 0.471239 0.592041 0.458798 0.582937 0.45546 0.567766 0.462439 0.555324 0.474273 0.550772 0.487322 0.551986 0.504922 0.556842 0.510687 0.570193 0.514329 0.578689 0.506439 0.588399
0 0.551907 0.481002 0.545402 0.479515 0.541021 0.473948 0.541128 0.46684 0.546082 0.462963 0.551467 0.461562 0.556098 0.464686 0.557713 0.470286 0.556098 0.475994
0 0.553769 0.516181 0.546772 0.510277 0.543056 0.498908 0.544586 0.48732 0.552457 0.480761 0.559672 0.482073 0.562515 0.493661 0.562296 0.506342
0 0.516642 0.465322 0.509343 0.462758 0.50737 0.453487 0.511315 0.44244 0.521573 0.438298 0.530252 0.44106 0.534986 0.449937 0.531633 0.458813
0 0.428949 0.505969 0.425098 0.503548 0.423446 0.498926 0.426748 0.492982 0.432801 0.490012 0.437974 0.491772 0.440064 0.497936 0.437863 0.503218
0 0.430773 0.542446 0.427649 0.542904 0.425135 0.541761 0.423001 0.538256 0.423078 0.532846 0.427116 0.530407 0.430164 0.530407 0.433212 0.53277 0.434965 0.535284
0 0.406419 0.625274 0.401532 0.6251 0.396297 0.623005 0.395599 0.614803 0.39909 0.607647 0.407989 0.604157 0.414971 0.606601 0.417239 0.616723
0 0.463628 0.645998 0.458381 0.642719 0.45602 0.638521 0.456151 0.6317 0.460086 0.628421 0.467563 0.627371 0.468088 0.630388 0.469269 0.633143 0.475958 0.633667 0.479631 0.628552 0.488026 0.628683 0.49183 0.631307 0.494453 0.635897 0.492617 0.641145 0.489731 0.643899 0.481074 0.646653 0.475827 0.646392 0.471761 0.64626
0 0.618061 0.519703 0.614112 0.519587 0.611441 0.516219 0.613531 0.505535 0.616086 0.502864 0.618757 0.501587 0.622241 0.501819 0.624912 0.502167 0.627699 0.503909 0.628396 0.50658 0.628628 0.510645 0.627351 0.514245 0.623983 0.516335
0 0.568871 0.636948 0.565014 0.637943 0.560162 0.637072 0.556803 0.635455 0.555434 0.627492 0.558296 0.624258 0.560908 0.622765 0.563023 0.622765 0.565139 0.623138 0.568497 0.623636 0.570488 0.625502 0.572229 0.628114 0.572354 0.631599
0 0.558576 0.65524 0.553447 0.655131 0.553256 0.648604 0.553256 0.642652 0.554983 0.640061 0.558728 0.638141 0.562375 0.638524 0.564103 0.640349 0.565446 0.645052 0.566118 0.649947 0.564294 0.653979
0 0.496169 0.24716 0.490485 0.245643 0.48788 0.243558 0.483188 0.23435 0.487358 0.226532 0.493612 0.224969 0.500735 0.228096 0.505773 0.23296 0.503515 0.24182
0 0.518282 0.246511 0.514634 0.245469 0.510464 0.243905 0.509248 0.23296 0.513938 0.229485 0.518456 0.228617 0.52332 0.234003 0.524884 0.240952
0 0.569038 0.283521 0.564751 0.281844 0.561022 0.276065 0.564191 0.265813 0.569225 0.262829 0.573885 0.26432 0.579104 0.26954 0.578546 0.27737
0 0.547681 0.346386 0.544144 0.348154 0.541078 0.346269 0.539074 0.341198 0.536834 0.336365 0.539074 0.331413 0.541078 0.327876 0.544733 0.326933 0.547681 0.326579 0.550863 0.329645 0.55216 0.334007 0.553222 0.33719 0.552043 0.342023
0 0.530093 0.331748 0.527415 0.330427 0.525751 0.328984 0.524752 0.326376 0.524752 0.322603 0.525806 0.319605 0.528192 0.317607 0.53191 0.316887 0.533631 0.317274 0.535795 0.318163 0.537404 0.320604 0.538015 0.323269 0.537793 0.327541 0.536128 0.330538
0 0.607782 0.533581 0.605522 0.53368 0.603166 0.530537 0.60572 0.524644 0.607585 0.521894 0.611022 0.520322 0.613479 0.521697 0.615345 0.523563 0.61505 0.526805 0.614067 0.528572
0 0.512021 0.556078 0.507149 0.552893 0.49984 0.548582 0.501152 0.539773 0.506774 0.536775 0.511834 0.539773 0.515582 0.54221 0.517831 0.548207
0 0.535276 0.548636 0.532227 0.548375 0.528829 0.546632 0.52787 0.542449 0.529525 0.538268 0.534144 0.536699 0.537368 0.537657 0.539023 0.540532 0.539634 0.545063
1 0.576155 0.579641 0.5707 0.580614 0.566024 0.578861 0.560764 0.576523 0.557842 0.568925 0.562322 0.559378 0.568167 0.557625 0.574792 0.556066 0.588624 0.561132 0.600313 0.56951 0.598171 0.572432 0.589599 0.576523 0.586871 0.577303
0 0.595442 0.492332 0.59251 0.490302 0.592209 0.487972 0.592735 0.483084 0.594615 0.482031 0.596345 0.482031 0.597622 0.482031 0.598976 0.483761 0.600179 0.484663 0.600404 0.487671 0.600479 0.489024 0.599427 0.491204
0 0.222517 0.433515 0.213964 0.431462 0.20507 0.422568 0.205381 0.414781 0.20975 0.404699 0.214959 0.403187 0.220505 0.405708 0.225882 0.408732 0.229242 0.417134 0.229579 0.427217
1 0.262991 0.46409 0.245131 0.471166 0.230641 0.471166 0.215476 0.463415 0.210758 0.446229 0.215813 0.434098 0.229293 0.427357 0.245131 0.429043 0.252545 0.437131 0.264002 0.446903
0 0.250819 0.352499 0.24576 0.349607 0.241965 0.342018 0.24576 0.334247 0.254072 0.331356 0.260938 0.334066 0.262022 0.341476 0.258951 0.346535
0 0.269696 0.354308 0.265383 0.354555 0.262302 0.350487 0.263287 0.343339 0.268587 0.342477 0.272777 0.343093 0.27475 0.347775
1 0.519226 0.399748 0.51178 0.395236 0.508396 0.395236 0.501629 0.392078 0.493282 0.38734 0.482904 0.382828 0.471851 0.378316 0.468918 0.366586 0.480423 0.360495 0.489898 0.362977 0.499824 0.368842 0.512006 0.373128 0.523286 0.374481 0.530505 0.382603 0.527572 0.392304
0 0.559832 0.419148 0.553516 0.420728 0.548101 0.417118 0.545756 0.411082 0.547769 0.40161 0.552504 0.39794 0.55724 0.396875 0.563515 0.39865 0.567659 0.40386 0.570264 0.408951 0.566712 0.415818
0 0.650208 0.382433 0.644417 0.382128 0.638626 0.378318 0.634055 0.370394 0.634816 0.363079 0.640607 0.358507 0.645484 0.358354 0.651275 0.362469 0.653256 0.366432 0.653408 0.375575
0 0.676405 0.39119 0.668986 0.39119 0.663102 0.386329 0.660287 0.374816 0.666939 0.367142 0.673591 0.367142 0.680499 0.366886 0.684848 0.372002 0.685871 0.378143
0 0.625412 0.405001 0.623213 0.404513 0.621076 0.402619 0.620221 0.399138 0.622053 0.396634 0.624618 0.395412 0.626206 0.396512 0.627916 0.396634 0.628832 0.399687 0.628588 0.402803
0 0.617005 0.417408 0.613821 0.417185 0.612481 0.415621 0.61237 0.41255 0.613599 0.41026 0.615832 0.408809 0.618178 0.409255 0.619797 0.410428 0.620579 0.413164 0.620188 0.415845
1 0.735982 0.366778 0.729935 0.365645 0.722941 0.365077 0.719729 0.360729 0.717082 0.346365 0.720484 0.339372 0.725966 0.340129 0.728611 0.345987 0.73069 0.35317 0.733054 0.354115 0.735416 0.35506 0.739196 0.359029
0 0.755937 0.344542 0.753294 0.344702 0.749851 0.34222 0.748008 0.338296 0.750651 0.334531 0.753694 0.33277 0.756577 0.33357 0.758499 0.335572 0.75986 0.341099
0 0.745723 0.342291 0.742541 0.340642 0.73924 0.334631 0.742658 0.331448 0.745369 0.332273 0.748315 0.335338 0.748669 0.339698
0 0.468223 0.323302 0.466062 0.321771 0.463723 0.319612 0.461833 0.314753 0.464442 0.311783 0.468492 0.311423 0.471912 0.312773 0.474342 0.316822 0.474161 0.320063
0 0.501349 0.308752 0.496816 0.309049 0.495405 0.306003 0.494068 0.302734 0.494068 0.302734 0.495554 0.298797 0.498674 0.297163 0.50172 0.297757 0.503726 0.299317 0.505062 0.302734 0.504988 0.306448
0 0.630712 0.0321582 0.623374 0.0309355 0.618278 0.0235977 0.615018 0.0140186 0.62154 0.00362305 0.632343 0.00260449 0.63805 0.00953418 0.640903 0.0172793
0 0.673871 0.0185664 0.671081 0.0179854 0.66829 0.0164736 0.666546 0.0124043 0.670034 0.00752051 0.675034 0.00635742 0.677708 0.00961328 0.678406 0.0137998
0 0.788192 0.0824033 0.780733 0.0754258 0.774718 0.0655596 0.772312 0.0547324 0.780492 0.0460703 0.789636 0.0443857 0.795651 0.0491982 0.804313 0.0465508 0.812254 0.0525664 0.815623 0.0631533 0.813217 0.0722969 0.806238 0.0795156 0.797817 0.0797568
0 0.758858 0.101659 0.751501 0.0987158 0.747455 0.0909912 0.751134 0.0847373 0.76033 0.0814268 0.770262 0.0828984 0.77486 0.0909912 0.773205 0.099084
0 0.844423 0.0613076 0.842122 0.0603389 0.840306 0.0576758 0.840487 0.0547695 0.842788 0.0527109 0.845755 0.0530742 0.847692 0.0545879 0.848782 0.0568887 0.848358 0.0589463
0 0.869137 0.0594756 0.862487 0.0593643 0.856836 0.0561504 0.857279 0.0483936 0.862487 0.0440713 0.867585 0.0431846 0.873126 0.045623 0.873348 0.0507207 0.873569 0.0549316
0 0.849134 0.0813057 0.847587 0.0748232 0.848402 0.0690225 0.853478 0.066667 0.859187 0.0663945 0.862541 0.0708359 0.860547 0.0769082 0.856922 0.0801709
0 0.895989 0.0606338 0.892789 0.0574336 0.890025 0.0530703 0.889589 0.0452158 0.89308 0.039834 0.899189 0.039543 0.904571 0.040416 0.912571 0.048125 0.907916 0.0577246 0.903698 0.0581611
0 0.836927 0.117346 0.832726 0.111963 0.835482 0.103563 0.840339 0.101199 0.846378 0.101462 0.848871 0.106319 0.848215 0.111045 0.844803 0.113801 0.84139 0.117477
0 0.817833 0.171671 0.814544 0.171396 0.811528 0.167285 0.810797 0.161346 0.814817 0.156686 0.81829 0.155314 0.823041 0.156868 0.82496 0.160706 0.825326 0.165457 0.824047 0.16893
0 0.808983 0.192068 0.804538 0.190451 0.801979 0.184524 0.804941 0.178731 0.808849 0.177385 0.814507 0.180348 0.817335 0.18439 0.81491 0.188431
0 0.757085 0.657171 0.750224 0.65661 0.748264 0.64905 0.753305 0.642749 0.760865 0.641908 0.763386 0.645269 0.762405 0.65171
0 0.74013 0.689588 0.737496 0.688063 0.735071 0.684114 0.735695 0.678779 0.738812 0.675661 0.742555 0.675176 0.746088 0.678641 0.746296 0.682451 0.745188 0.68751
1 0.706822 0.752136 0.692937 0.750067 0.683481 0.744158 0.669005 0.733522 0.666937 0.712841 0.674618 0.693932 0.687914 0.684478 0.705937 0.680932 0.720709 0.687432 0.737845 0.695409 0.742868 0.715795 0.735481 0.737954 0.724254 0.748591
0 0.764875 0.74786 0.75899 0.744366 0.758255 0.735538 0.765611 0.724871 0.771128 0.727813 0.775866 0.729701 0.776271 0.735769 0.776676 0.744264 0.772091 0.74669
0 0.835535 0.597908 0.830783 0.596286 0.827887 0.58887 0.832521 0.584119 0.837389 0.584351 0.841328 0.5869 0.842371 0.591419 0.840981 0.594664
0 0.814318 0.375119 0.808021 0.374094 0.802454 0.37014 0.798646 0.363548 0.800697 0.355785 0.80597 0.350512 0.811536 0.352416 0.816223 0.355785 0.820031 0.359008 0.823107 0.363694 0.820178 0.369847
0 0.804065 0.390792 0.7985 0.389767 0.79308 0.383907 0.793666 0.377023 0.800551 0.37468 0.807142 0.375119 0.811683 0.378928 0.811243 0.385519
0 0.792313 0.409561 0.78829 0.409082 0.785703 0.406782 0.784744 0.402566 0.78714 0.398829 0.792026 0.398255 0.796051 0.400938 0.796626 0.405153
0 0.803045 0.41943 0.797871 0.41895 0.794709 0.414256 0.795188 0.408123 0.799309 0.404578 0.805536 0.404674 0.808794 0.407549 0.809752 0.41531
0 0.819716 0.476127 0.812182 0.474071 0.807158 0.468363 0.808528 0.455805 0.814693 0.450781 0.822685 0.451924 0.828393 0.457175 0.832046 0.461285 0.827251 0.469276
0 0.783905 0.431718 0.779876 0.431816 0.775848 0.427787 0.775062 0.422678 0.777125 0.417272 0.781154 0.413637 0.78646 0.413244 0.790587 0.415504 0.791373 0.420712 0.790686 0.425724
0 0.828465 0.377326 0.823105 0.377448 0.820914 0.373551 0.820183 0.366852 0.824324 0.362955 0.828587 0.36466 0.831875 0.36673 0.831753 0.372698
1 0.863566 0.882968 0.863566 0.908144 0.88223 0.919863 0.893082 0.932886 0.920862 0.957193 0.943434 0.971518 0.977725 1 1 1 0.999429 0.901633 0.959929 0.899028 0.944302 0.889479 0.930846 0.875589 0.908274 0.873853 0.898291 0.864303 0.888742 0.860396
0 0.798484 0.851577 0.789999 0.84923 0.786026 0.839661 0.789276 0.831898 0.797221 0.82919 0.80372 0.834064 0.80733 0.84255
0 0.774657 0.833705 0.77082 0.834132 0.770394 0.828874 0.77153 0.820916 0.775367 0.820205 0.779631 0.823616 0.779915 0.830152
0 0.72611 0.862745 0.722063 0.861641 0.717279 0.853546 0.718383 0.842691 0.724086 0.84122 0.731997 0.845083 0.736412 0.852074 0.735677 0.859434
0 0.716997 0.904691 0.708139 0.902359 0.699513 0.895365 0.69858 0.881378 0.703942 0.873917 0.712568 0.87415 0.720494 0.880679 0.721194 0.892335
0 0.736114 0.914482 0.73277 0.913334 0.729218 0.905275 0.732359 0.901451 0.73796 0.899812 0.741647 0.903363 0.743424 0.909646 0.742331 0.915109
0 0.69078 0.948808 0.685953 0.948142 0.681291 0.943889 0.680562 0.939099 0.682854 0.933995 0.688581 0.931809 0.693059 0.933579 0.6966 0.938369 0.697329 0.944097 0.694517 0.947222
0 0.751734 0.926133 0.746928 0.926626 0.743848 0.924038 0.742861 0.917877 0.745449 0.914303 0.748407 0.91307 0.752351 0.91381 0.754445 0.918862 0.753952 0.923422
0 0.790594 0.938482 0.783784 0.938124 0.780439 0.932867 0.781395 0.925699 0.785695 0.922713 0.78916 0.923311 0.792267 0.927372 0.794655 0.931434
0 0.805946 0.963971 0.79945 0.96527 0.788841 0.958774 0.785377 0.947082 0.792521 0.941452 0.799667 0.937988 0.809844 0.93106 0.814823 0.927595 0.821969 0.930626 0.82002 0.947515 0.817639 0.954877
0 0.667298 0.998294 0.664545 0.991297 0.665577 0.982005 0.668789 0.975926 0.674524 0.973861 0.678883 0.976844 0.680948 0.98235 0.681292 0.988772 0.68198 0.996687 0.680948 1 0.669133 0.999211
0 0.681407 0.9697 0.676936 0.968694 0.673022 0.966012 0.670562 0.959191 0.672352 0.953378 0.677941 0.951365 0.682078 0.953043 0.686438 0.956509 0.688003 0.961986 0.688003 0.965117 0.686773 0.967912
0 0.86657 0.519604 0.862099 0.517432 0.858521 0.514365 0.858521 0.507212 0.862227 0.50504 0.866059 0.505423 0.87002 0.508489 0.871297 0.513216 0.869892 0.51807
0 0.703789 0.926212 0.698348 0.923858 0.69923 0.91474 0.70526 0.912388 0.709966 0.914594 0.712024 0.920477 0.710555 0.924153
0 0.895632 0.454176 0.892313 0.453396 0.886118 0.449938 0.884101 0.441726 0.887126 0.435962 0.892025 0.433944 0.897356 0.435674 0.899806 0.439564 0.902111 0.445903 0.900526 0.451379
0 0.683516 0.814975 0.678332 0.808993 0.673347 0.803012 0.676139 0.792046 0.682519 0.788855 0.688898 0.791049 0.692089 0.797429 0.693484 0.804807 0.69169 0.811784
0 0.610619 0.788399 0.606086 0.787229 0.603161 0.78138 0.605647 0.775385 0.610327 0.776555 0.614714 0.779625 0.615007 0.784305
0 0.627346 0.770634 0.62294 0.767967 0.621897 0.761359 0.624216 0.756375 0.627346 0.759157 0.6292 0.762982 0.630939 0.767504
0 0.553534 0.904358 0.547705 0.903581 0.543237 0.898918 0.543432 0.889593 0.547899 0.887262 0.553729 0.887845 0.558196 0.892312 0.559751 0.89853
0 0.476881 0.94293 0.473239 0.940458 0.472589 0.933694 0.475189 0.931354 0.479872 0.931093 0.482734 0.933955 0.483124 0.937727
0 0.375676 0.888404 0.366352 0.887803 0.363645 0.885096 0.361689 0.875621 0.366953 0.87126 0.370713 0.872162 0.372518 0.873215 0.374322 0.874268 0.377631 0.883893
1 0.350093 0.857721 0.342323 0.855207 0.334782 0.849037 0.329526 0.843324 0.32427 0.836011 0.331583 0.831669 0.362433 0.844238 0.368146 0.851322 0.364261 0.854979
0 0.604906 0.694939 0.601747 0.695809 0.598903 0.69486 0.595586 0.690753 0.594242 0.688067 0.595349 0.684513 0.599772 0.680879 0.603484 0.681116 0.607908 0.683723 0.609172 0.687356 0.608382 0.690595
0 0.357424 0.921023 0.351813 0.920858 0.350163 0.916733 0.354306 0.908875 0.358202 0.907472 0.361163 0.908719 0.361942 0.913861 0.360852 0.916511
0 0.334689 0.935564 0.329659 0.935701 0.327213 0.93271 0.326533 0.921698 0.331562 0.919387 0.335777 0.919115 0.339312 0.921154 0.341623 0.92632 0.340264 0.93203
0 0.428735 0.990764 0.423229 0.989244 0.422089 0.983927 0.428166 0.980318 0.432344 0.981078 0.432724 0.988484
0 0.359331 0.981362 0.350286 0.976452 0.346151 0.967148 0.353129 0.959137 0.359331 0.961721 0.36631 0.966114 0.36786 0.973609
0 0.271056 0.88776 0.267513 0.886175 0.265555 0.881513 0.264715 0.876385 0.26714 0.873587 0.271148 0.872282 0.275158 0.872842 0.277582 0.876198 0.279074 0.879368 0.278515 0.883005
1 0.256481 1 0.258427 0.9764 0.255185 0.960189 0.249997 0.951111 0.25713 0.937494 0.265234 0.925174 0.274313 0.906694 0.259723 0.88562 0.24481 0.883351 0.233138 0.888538 0.223087 0.898589 0.215954 0.915771 0.211415 0.934576 0.198122 0.955002 0.192935 0.971213 0.189368 1 0.189368 1
0 0.285628 0.96757 0.27629 0.96757 0.271196 0.963467 0.269216 0.954553 0.270913 0.946347 0.276997 0.9438 0.283647 0.944648 0.288883 0.947337 0.29157 0.951016 0.293976 0.957524
0 0.291604 0.940404 0.286563 0.939052 0.283712 0.937819 0.280327 0.931051 0.284301 0.925312 0.28901 0.925753 0.291512 0.929579 0.292542 0.936643
0 0.374577 0.791448 0.370437 0.791562 0.36609 0.790498 0.362097 0.788458 0.358548 0.785796 0.361121 0.779764 0.364315 0.779231 0.368662 0.779143 0.374606 0.780473 0.37851 0.783135 0.378155 0.787127
0 0.30359 0.796985 0.298936 0.796869 0.294864 0.792448 0.293003 0.785934 0.293119 0.779534 0.298819 0.776976 0.302892 0.775812 0.307429 0.777673 0.311268 0.781861 0.312082 0.787911 0.311616 0.792564
0 0.396903 0.716609 0.392824 0.716424 0.385964 0.717165 0.38244 0.7129 0.385942 0.707854 0.389814 0.705918 0.393098 0.704908 0.396633 0.705497 0.400505 0.706844 0.402862 0.708696 0.401768 0.713073 0.400926 0.714757
0 0.404911 0.29663 0.399638 0.294169 0.396298 0.286083 0.399638 0.283095 0.410185 0.287138 0.408427 0.292587
0 0.156303 0.217523 0.15838 0.220079 0.159444 0.222527 0.159764 0.225615 0.157847 0.227213 0.154812 0.228118 0.150713 0.227372 0.149436 0.224764 0.149486 0.22171 0.151072 0.218601 0.153356 0.217459
0 0.1728 0.235609 0.171133 0.235564 0.168699 0.234844 0.167167 0.233222 0.166491 0.230969 0.167258 0.2284 0.169961 0.225742 0.172033 0.22448 0.174196 0.223399 0.175729 0.223444 0.177396 0.22421 0.178702 0.226373 0.179333 0.228175 0.178928 0.230519 0.17753 0.232906 0.177306 0.233627
0 0.12793 0.0800781 0.130859 0.0869141 0.130859 0.0869141 0.125977 0.0908203 0.117188 0.0859375 0.119141 0.0800781
1 0.12793 0.0703125 0.134766 0.0693359 0.144531 0.0732422 0.15625 0.0791016 0.167969 0.0820312 0.173828 0.0869141 0.183594 0.0869141 0.186523 0.09375 0.194336 0.0966797 0.201172 0.0966797 0.214844 0.100586 0.214844 0.100586 0.21875 0.105469 0.230469 0.110352 0.242188 0.109375 0.250977 0.116211 0.250977 0.116211 0.263672 0.121094 0.272461 0.12793 0.271484 0.135742 0.261719 0.139648 0.249023 0.132812 0.234375 0.128906 0.223633 0.120117 0.206055 0.118164 0.185547 0.112305 0.166992 0.104492 0.144531 0.0976562 0.134766 0.0878906 0.126953 0.0751953
0 0.147461 0.148438 0.163086 0.155273 0.163086 0.155273 0.163086 0.164062 0.15625 0.169922 0.147461 0.164062 0.140625 0.158203 0.140625 0.158203
0 0.390625 0.00683594 0.391602 0.0117188 0.385742 0.0117188 0.381836 0.00585938
0 0.391602 0 0.392578 0.00585938 0.395508 0.00878906 0.402344 0.000976562
0 0.43457 0.139648 0.4375 0.146484 0.435547 0.151367 0.430664 0.149414 0.428711 0.143555
0 0.476562 0.15625 0.483398 0.164062 0.481445 0.169922 0.474609 0.167969 0.47168 0.15918
1 0.558594 0.0292969 0.547852 0.0273438 0.545898 0.0351562 0.544922 0.0400391 0.541016 0.0488281 0.535156 0.0527344 0.529297 0.0605469 0.530273 0.0673828 0.535156 0.0712891 0.543945 0.0664062 0.547852 0.0556641 0.544922 0.0507812 0.550781 0.0439453 0.557617 0.0361328
0 0.577148 0.09375 0.579102 0.0976562 0.578125 0.101562 0.573242 0.0976562
0 0.665039 0.0605469 0.665039 0.0654297 0.661133 0.0683594 0.655273 0.0634766 0.657227 0.0576172
0 0.640625 0.115234 0.645508 0.119141 0.647461 0.125977 0.639648 0.126953 0.639648 0.126953 0.631836 0.12207
0 0.685547 0.104492 0.691406 0.110352 0.689453 0.118164 0.679688 0.115234 0.679688 0.108398 0.679688 0.108398
0 0.706055 0.0449219 0.708984 0.0517578 0.703125 0.0576172 0.695312 0.0537109 0.691406 0.0449219 0.700195 0.0400391
0 0.69043 0.132812 0.691406 0.139648 0.685547 0.147461 0.676758 0.142578 0.678711 0.133789 0.678711 0.133789
1 0.683594 0.0117188 0.688477 0.0205078 0.685547 0.0283203 0.699219 0.0380859 0.711914 0.0322266 0.725586 0.0361328 0.736328 0.0400391 0.744141 0.0380859 0.74707 0.0302734 0.758789 0.0361328 0.757812 0.0419922 0.74707 0.0400391 0.738281 0.0439453 0.744141 0.0488281 0.751953 0.0498047 0.75293 0.0556641 0.750977 0.0615234 0.759766 0.0644531 0.760742 0.0576172 0.769531 0.0595703 0.777344 0.0556641 0.77832 0.0449219 0.769531 0.0410156 0.772461 0.0332031 0.779297 0.03125 0.787109 0.0214844 0.787109 0.0146484 0.787109 0.0146484 0.782227 0.0117188 0.780273 0.00488281 0.78418 0 0.78418 0 0.682617 0
0 0.751953 0.0683594 0.754883 0.0751953 0.754883 0.0751953 0.751953 0.0800781 0.751953 0.0800781 0.742188 0.078125 0.742188 0.0703125
0 0.758789 0.15625 0.762695 0.166016 0.757812 0.176758 0.746094 0.174805 0.746094 0.163086 0.749023 0.15918
0 0.780273 0.173828 0.78125 0.183594 0.770508 0.186523 0.765625 0.176758 0.774414 0.172852
0 0.806641 0.0966797 0.802734 0.105469 0.793945 0.108398 0.790039 0.0976562 0.791992 0.0888672 0.799805 0.0898438
0 0.80957 0.101562 0.8125 0.108398 0.805664 0.111328 0.801758 0.104492 0.803711 0.100586
1 0.878906 0.078125 0.887695 0.0761719 0.898438 0.0820312 0.910156 0.0869141 0.913086 0.0966797 0.917969 0.105469 0.928711 0.112305 0.928711 0.124023 0.914062 0.119141 0.902344 0.118164 0.905273 0.125 0.896484 0.134766 0.894531 0.145508 0.894531 0.145508 0.893555 0.154297 0.889648 0.162109 0.880859 0.15625 0.880859 0.15625 0.873047 0.15625 0.868164 0.167969 0.854492 0.171875 0.848633 0.162109 0.851562 0.149414 0.860352 0.145508 0.869141 0.149414 0.873047 0.138672 0.878906 0.130859 0.875977 0.119141 0.886719 0.115234 0.886719 0.115234 0.890625 0.102539 0.880859 0.0966797 0.868164 0.0966797 0.860352 0.0908203 0.860352 0.0810547 0.860352 0.0810547 0.871094 0.0820312 0.878906 0.0859375
0 0.84082 0.136719 0.841797 0.145508 0.835938 0.149414 0.829102 0.142578 0.831055 0.132812 0.831055 0.132812
0 0.816406 0.189453 0.820312 0.194336 0.819336 0.204102 0.808594 0.202148 0.808594 0.202148 0.808594 0.194336 0.808594 0.194336
0 0.848633 0.196289 0.850586 0.207031 0.844727 0.217773 0.827148 0.211914 0.827148 0.211914 0.826172 0.199219 0.826172 0.199219 0.837891 0.191406
0 0.841797 0.180664 0.849609 0.186523 0.848633 0.195312 0.84082 0.194336 0.834961 0.185547 0.834961 0.185547
0 0.875 0.214844 0.883789 0.217773 0.885742 0.224609 0.876953 0.230469 0.870117 0.219727
0 0.916016 0.142578 0.915039 0.154297 0.916016 0.166016 0.916016 0.166016 0.907227 0.169922 0.894531 0.163086 0.893555 0.150391 0.900391 0.150391 0.900391 0.142578 0.900391 0.142578 0.90625 0.138672
0 0.949219 0.111328 0.956055 0.118164 0.961914 0.12793 0.958984 0.141602 0.94043 0.144531 0.926758 0.131836 0.926758 0.131836 0.927734 0.120117 0.938477 0.113281
0 0.988281 0.0107422 0.988281 0.00488281 0.983398 0.00390625 0.980469 0.00976562 0.982422 0.0126953
0 0.975586 0.161133 0.977539 0.149414 0.982422 0.143555 0.986328 0.136719 0.998047 0.137695 1 0.151367 1 0.151367 0.99707 0.163086 0.990234 0.169922 0.984375 0.169922 0.973633 0.169922
0 0.96875 0.181641 0.969727 0.172852 0.962891 0.168945 0.954102 0.173828 0.950195 0.181641 0.952148 0.186523 0.961914 0.1875 0.966797 0.183594
1 0.90625 0.229492 0.917969 0.228516 0.923828 0.235352 0.927734 0.238281 0.927734 0.238281 0.9375 0.240234 0.948242 0.248047 0.949219 0.258789 0.949219 0.258789 0.949219 0.262695 0.942383 0.260742 0.942383 0.260742 0.930664 0.256836 0.920898 0.257812 0.911133 0.251953 0.90918 0.242188 0.90332 0.239258
0 0.999023 0.262695 0.994141 0.258789 0.984375 0.264648 0.982422 0.273438 0.985352 0.279297 0.996094 0.280273 1 0.28418
0 0.769531 0.260742 0.782227 0.260742 0.779297 0.271484 0.779297 0.271484 0.77832 0.282227 0.767578 0.274414 0.75293 0.286133 0.756836 0.271484 0.744141 0.269531 0.740234 0.259766 0.75293 0.259766 0.760742 0.25293
0 0.49707 0.28418 0.50293 0.288086 0.509766 0.290039 0.509766 0.290039 0.515625 0.296875 0.515625 0.296875 0.512695 0.303711 0.5 0.295898 0.495117 0.302734 0.488281 0.303711 0.483398 0.294922 0.489258 0.287109
0 0.549805 0.251953 0.549805 0.258789 0.541992 0.259766 0.540039 0.251953 0.541992 0.24707
0 0.541016 0.251953 0.540039 0.263672 0.525391 0.266602 0.519531 0.259766 0.519531 0.259766 0.520508 0.250977 0.526367 0.24707 0.526367 0.24707 0.533203 0.250977
0 0.664062 0.329102 0.666016 0.334961 0.664062 0.341797 0.652344 0.338867 0.652344 0.338867 0.650391 0.331055 0.655273 0.328125
0 0.649414 0.396484 0.649414 0.404297 0.641602 0.405273 0.641602 0.405273 0.636719 0.398438 0.639648 0.392578
0 0.6875 0.396484 0.701172 0.399414 0.705078 0.408203 0.700195 0.414062 0.6875 0.408203 0.680664 0.401367
0 0.695312 0.423828 0.698242 0.431641 0.694336 0.44043 0.683594 0.435547 0.682617 0.425781 0.688477 0.420898
0 0.688477 0.462891 0.685547 0.470703 0.675781 0.467773 0.672852 0.458984 0.674805 0.454102 0.674805 0.454102 0.682617 0.454102
0 0.842773 0.448242 0.847656 0.452148 0.847656 0.460938 0.839844 0.46582 0.830078 0.458984 0.832031 0.449219 0.832031 0.449219 0.835938 0.443359
0 0.955078 0.422852 0.958984 0.428711 0.956055 0.436523 0.947266 0.433594 0.945312 0.425781
0 0.949219 0.444336 0.950195 0.451172 0.950195 0.451172 0.943359 0.456055 0.943359 0.456055 0.936523 0.449219 0.942383 0.441406
0 0.963867 0.576172 0.970703 0.582031 0.969727 0.591797 0.959961 0.591797 0.953125 0.585938
0 0.985352 0.513672 0.984375 0.520508 0.975586 0.521484 0.975586 0.521484 0.97168 0.512695 0.97168 0.512695 0.980469 0.509766
0 1 0.463867 0.993164 0.463867 0.986328 0.463867 0.983398 0.47168 0.987305 0.475586 0.993164 0.474609 1 0.475586 1 0.475586
0 0.834961 0.463867 0.836914 0.472656 0.831055 0.476562 0.823242 0.475586 0.824219 0.467773 0.828125 0.462891
0 0.907227 0.550781 0.90918 0.556641 0.902344 0.560547 0.896484 0.553711 0.896484 0.553711 0.900391 0.549805 0.900391 0.549805
0 0.99707 0.77832 0.982422 0.783203 0.985352 0.790039 0.992188 0.796875 1 0.800781
0 0.990234 0.795898 0.995117 0.803711 0.991211 0.813477 0.979492 0.814453 0.979492 0.800781 0.982422 0.791992
0 0.78418 0.706055 0.803711 0.706055 0.826172 0.71582 0.84375 0.725586 0.850586 0.736328 0.850586 0.746094 0.837891 0.750977 0.811523 0.742188 0.791992 0.731445 0.782227 0.71875
0 0.811523 0.65625 0.8125 0.663086 0.803711 0.664062 0.798828 0.657227 0.801758 0.649414 0.808594 0.649414
0 0.804688 0.642578 0.813477 0.642578 0.813477 0.642578 0.823242 0.640625 0.834961 0.648438 0.837891 0.660156 0.836914 0.668945 0.827148 0.669922 0.817383 0.663086 0.817383 0.663086 0.810547 0.651367 0.802734 0.646484
0 0.87207 0.59668 0.875977 0.598633 0.875977 0.604492 0.869141 0.604492 0.864258 0.599609
0 0.825195 0.608398 0.827148 0.615234 0.820312 0.618164 0.813477 0.610352 0.818359 0.605469
1 0.285156 0.452148 0.293945 0.456055 0.299805 0.467773 0.291992 0.486328 0.288086 0.5 0.28125 0.515625 0.272461 0.522461 0.272461 0.540039 0.272461 0.540039 0.272461 0.546875 0.31543 0.561523 0.321289 0.543945 0.324219 0.530273 0.324219 0.530273 0.333984 0.511719 0.333008 0.498047 0.333008 0.498047 0.34375 0.492188 0.355469 0.500977 0.357422 0.518555 0.349609 0.526367 0.348633 0.538086 0.337891 0.548828 0.334961 0.5625 0.347656 0.570312 0.356445 0.579102 0.367188 0.584961 0.374023 0.574219 0.37207 0.560547 0.382812 0.555664 0.382812 0.572266 0.387695 0.583984 0.389648 0.594727 0.389648 0.594727 0.398438 0.602539 0.394531 0.613281 0.375977 0.609375 0.357422 0.598633 0.34375 0.589844 0.325195 0.580078 0.3125 0.583008 0.296875 0.576172 0.282227 0.567383 0.265625 0.570312 0.254883 0.56543 0.255859 0.552734 0.241211 0.547852 0.229492 0.536133 0.208984 0.53125 0.195312 0.511719 0.199219 0.498047 0.199219 0.498047 0.193359 0.485352 0.196289 0.472656 0.203125 0.458984 0.203125 0.458984 0.196289 0.444336 0.205078 0.436523 0.213867 0.441406 0.214844 0.458008 0.226562 0.46582 0.236328 0.474609 0.236328 0.486328 0.253906 0.489258 0.261719 0.492188 0.266602 0.475586
1 0.314453 0.354492 0.328125 0.353516 0.336914 0.367188 0.336914 0.383789 0.328125 0.405273 0.325195 0.417969 0.313477 0.435547 0.303711 0.4375 0.292969 0.432617 0.303711 0.417969 0.306641 0.399414 0.313477 0.37793
0 0.0224609 0.235352 0.0224609 0.240234 0.0224609 0.240234 0.0166016 0.237305
0 0.0185547 0.243164 0.0166016 0.24707 0.0126953 0.244141 0.0126953 0.240234
0 0.0126953 0.253906 0.0126953 0.256836 0.0078125 0.254883 0.0078125 0.25
0 0.00976562 0.261719 0.00976562 0.265625 0.00390625 0.262695 0.00390625 0.257812
0 0 0.265625 0.00488281 0.270508 0.00292969 0.274414 0 0.271484
0 0.0673828 0.243164 0.0673828 0.249023 0.0673828 0.249023 0.0576172 0.248047 0.0556641 0.243164 0.0605469 0.241211
0 0.152344 0.280273 0.149414 0.291016 0.143555 0.291016 0.140625 0.282227 0.145508 0.27832
0 0.107422 0.28418 0.108398 0.289062 0.104492 0.294922 0.0986328 0.289062 0.101562 0.28418
0 0.0966797 0.286133 0.0986328 0.291992 0.0927734 0.293945 0.0898438 0.288086 0.09375 0.28418
0 0.0371094 0.308594 0.0419922 0.30957 0.0507812 0.314453 0.0488281 0.319336 0.0419922 0.321289 0.0341797 0.319336 0.0292969 0.311523 0.0322266 0.307617
1 0.136719 0.397461 0.140625 0.401367 0.140625 0.401367 0.141602 0.405273 0.136719 0.410156 0.136719 0.410156 0.130859 0.416992 0.120117 0.416016 0.111328 0.417969 0.107422 0.420898 0.100586 0.416992 0.103516 0.412109 0.107422 0.408203 0.120117 0.40332 0.126953 0.40332
1 0.000976562 0.397461 0.0107422 0.392578 0.0136719 0.398438 0.0117188 0.404297 0.0146484 0.408203 0.0136719 0.414062 0.0175781 0.418945 0.0175781 0.416992 0.0195312 0.422852 0.0263672 0.425781 0.0361328 0.430664 0.0351562 0.4375 0.0263672 0.43457 0.0263672 0.43457 0.0146484 0.43457 0.00683594 0.427734 0 0.424805
0 0.0410156 0.43457 0.0439453 0.439453 0.0410156 0.441406 0.0341797 0.439453 0.0341797 0.439453 0.0351562 0.43457
0 0.0976562 0.418945 0.101562 0.421875 0.101562 0.421875 0.101562 0.426758 0.0966797 0.426758 0.0966797 0.426758 0.0927734 0.421875
0 0.121094 0.438477 0.121094 0.447266 0.114258 0.453125 0.108398 0.452148 0.108398 0.452148 0.109375 0.447266 0.110352 0.44043 0.116211 0.436523
1 0.0283203 0.353516 0.0400391 0.355469 0.0449219 0.354492 0.0458984 0.345703 0.0566406 0.342773 0.0537109 0.331055 0.0546875 0.326172 0.0517578 0.318359 0.0527344 0.308594 0.0595703 0.308594 0.0595703 0.319336 0.0693359 0.322266 0.0693359 0.322266 0.0693359 0.331055 0.0664062 0.34082 0.0732422 0.345703 0.0810547 0.34375 0.0810547 0.34375 0.0859375 0.339844 0.0927734 0.344727 0.0966797 0.349609 0.0957031 0.358398 0.100586 0.362305 0.104492 0.366211 0.103516 0.374023 0.0947266 0.374023 0.0820312 0.375977 0.0644531 0.37793 0.0615234 0.383789 0.0449219 0.384766 0.0429688 0.375977 0.0341797 0.37207 0.0283203 0.37793 0.0166016 0.379883 0.00976562 0.373047 0.00976562 0.373047 0.0117188 0.363281 0.0175781 0.357422
0 0.162109 0.561523 0.171875 0.563477 0.180664 0.571289 0.179688 0.580078 0.166016 0.578125 0.152344 0.572266 0.146484 0.560547
0 0.163086 0.710938 0.167969 0.716797 0.166016 0.723633 0.157227 0.723633 0.150391 0.714844 0.157227 0.709961 0.157227 0.709961
1 0.333008 0.69043 0.342773 0.692383 0.34668 0.699219 0.357422 0.704102 0.364258 0.712891 0.351562 0.710938 0.351562 0.710938 0.34375 0.716797 0.336914 0.725586 0.336914 0.734375 0.337891 0.744141 0.345703 0.749023 0.345703 0.749023 0.356445 0.755859 0.367188 0.751953 0.368164 0.758789 0.367188 0.765625 0.359375 0.765625 0.353516 0.764648 0.344727 0.767578 0.337891 0.772461 0.335938 0.776367 0.331055 0.777344 0.324219 0.78125 0.314453 0.786133 0.308594 0.776367 0.301758 0.777344 0.292969 0.777344 0.295898 0.766602 0.295898 0.766602 0.291992 0.758789 0.291992 0.758789 0.297852 0.748047 0.306641 0.739258 0.302734 0.729492 0.30957 0.723633 0.313477 0.711914 0.313477 0.711914 0.319336 0.713867 0.328125 0.695312 0.328125 0.695312
0 0.295898 0.765625 0.291992 0.777344 0.283203 0.775391 0.28125 0.761719 0.290039 0.760742 0.290039 0.760742
0 0.291016 0.785156 0.290039 0.799805 0.290039 0.799805 0.28418 0.804688 0.275391 0.798828 0.275391 0.787109 0.28418 0.782227
0 0.408203 0.803711 0.411133 0.811523 0.404297 0.81543 0.398438 0.80957 0.398438 0.80957 0.398438 0.799805 0.40332 0.799805
1 0.466797 0.711914 0.481445 0.708008 0.490234 0.714844 0.490234 0.714844 0.499023 0.712891 0.511719 0.713867 0.522461 0.71875 0.524414 0.728516 0.520508 0.740234 0.512695 0.746094 0.512695 0.746094 0.499023 0.741211 0.486328 0.743164 0.473633 0.738281 0.46582 0.728516 0.461914 0.720703 0.461914 0.720703
1 0.413086 0.775391 0.418945 0.773438 0.429688 0.773438 0.429688 0.773438 0.429688 0.782227 0.441406 0.782227 0.453125 0.786133 0.453125 0.786133 0.460938 0.791992 0.460938 0.791992 0.462891 0.800781 0.460938 0.804688 0.447266 0.802734 0.442383 0.810547 0.4375 0.817383 0.428711 0.814453 0.418945 0.808594 0.412109 0.817383 0.40332 0.816406 0.410156 0.807617 0.401367 0.803711 0.395508 0.797852 0.401367 0.790039 0.396484 0.78418 0.404297 0.777344
0 0.381836 0.924805 0.385742 0.930664 0.382812 0.936523 0.382812 0.936523 0.375977 0.936523 0.375977 0.927734
1 0.52832 0.87207 0.538086 0.873047 0.546875 0.878906 0.543945 0.885742 0.543945 0.885742 0.53418 0.891602 0.529297 0.900391 0.525391 0.910156 0.522461 0.918945 0.516602 0.928711 0.516602 0.928711 0.523438 0.930664 0.53418 0.928711 0.540039 0.93457 0.551758 0.929688 0.5625 0.922852 0.563477 0.915039 0.572266 0.911133 0.581055 0.916016 0.581055 0.916016 0.579102 0.923828 0.578125 0.933594 0.578125 0.94043 0.575195 0.946289 0.575195 0.946289 0.560547 0.943359 0.557617 0.948242 0.541016 0.943359 0.53418 0.943359 0.533203 0.950195 0.529297 0.955078 0.519531 0.958984 0.517578 0.949219 0.513672 0.943359 0.505859 0.941406 0.5 0.951172 0.5 0.951172 0.498047 0.957031 0.490234 0.961914 0.486328 0.96875 0.479492 0.967773 0.482422 0.958984 0.482422 0.958984 0.491211 0.952148 0.491211 0.94043 0.495117 0.925781 0.495117 0.925781 0.501953 0.923828 0.504883 0.914062 0.509766 0.912109 0.510742 0.904297 0.515625 0.894531 0.511719 0.890625 0.511719 0.890625 0.515625 0.881836 0.519531 0.87207
0 0.59082 0.94043 0.59375 0.950195 0.588867 0.954102 0.581055 0.947266 0.581055 0.947266 0.583984 0.941406 0.583984 0.941406
0 0.527344 0.96582 0.527344 0.97168 0.521484 0.973633 0.519531 0.967773 0.519531 0.967773 0.521484 0.964844
0 0.456055 0.884766 0.459961 0.889648 0.458984 0.895508 0.452148 0.895508 0.452148 0.895508 0.450195 0.887695 0.450195 0.887695
1 0.482422 0.80957 0.485352 0.804688 0.491211 0.804688 0.492188 0.8125 0.490234 0.820312 0.485352 0.829102 0.482422 0.835938 0.482422 0.835938 0.477539 0.844727 0.473633 0.847656 0.47168 0.854492 0.458984 0.850586 0.458008 0.84082 0.458008 0.84082 0.464844 0.835938 0.472656 0.835938 0.475586 0.831055 0.479492 0.829102 0.482422 0.822266 0.483398 0.81543
0 0.649414 0.90918 0.650391 0.918945 0.645508 0.922852 0.645508 0.922852 0.639648 0.916992 0.639648 0.916992 0.641602 0.90918
0 0.546875 0.513672 0.546875 0.521484 0.541016 0.523438 0.541016 0.523438 0.536133 0.516602 0.540039 0.510742
0 0.541992 0.522461 0.541992 0.530273 0.533203 0.53418 0.533203 0.53418 0.53125 0.526367 0.537109 0.518555
0 0.941406 0.411133 0.947266 0.416016 0.947266 0.416016 0.946289 0.420898 0.939453 0.418945 0.939453 0.418945 0.9375 0.412109
1 0.911133 0.398438 0.916992 0.399414 0.923828 0.40332 0.930664 0.407227 0.933594 0.412109 0.931641 0.415039 0.922852 0.411133 0.916992 0.411133 0.913086 0.416016 0.912109 0.424805 0.90918 0.429688 0.908203 0.43457 0.904297 0.44043 0.898438 0.439453 0.896484 0.431641 0.899414 0.423828 0.905273 0.414062 0.905273 0.405273 0.905273 0.399414
0 0.793945 0.431641 0.800781 0.429688 0.805664 0.435547 0.805664 0.444336 0.800781 0.445312 0.795898 0.438477
0 0.798828 0.445312 0.805664 0.454102 0.797852 0.458008 0.791992 0.455078 0.791992 0.455078 0.791992 0.447266 0.791992 0.447266
0 0.800781 0.456055 0.806641 0.458984 0.807617 0.467773 0.806641 0.47168 0.799805 0.469727 0.794922 0.464844 0.794922 0.464844 0.796875 0.458984
0 0.875977 0.546875 0.878906 0.552734 0.878906 0.552734 0.874023 0.555664 0.874023 0.555664 0.869141 0.552734 0.864258 0.551758 0.867188 0.545898
1 0.886719 0.607422 0.887695 0.611328 0.883789 0.613281 0.883789 0.617188 0.881836 0.62207 0.879883 0.625 0.878906 0.629883 0.876953 0.631836 0.875977 0.637695 0.873047 0.641602 0.867188 0.641602 0.871094 0.636719 0.87207 0.629883 0.874023 0.618164 0.874023 0.609375
0 0.856445 0.676758 0.856445 0.685547 0.849609 0.689453 0.849609 0.689453 0.845703 0.683594 0.845703 0.683594 0.852539 0.678711
1 0.845703 0.662109 0.851562 0.663086 0.855469 0.666992 0.861328 0.667969 0.859375 0.673828 0.853516 0.673828 0.853516 0.673828 0.84668 0.669922 0.841797 0.671875 0.839844 0.666016
0 0.739258 0.881836 0.736328 0.875 0.736328 0.875 0.731445 0.874023 0.727539 0.880859 0.730469 0.888672
0 0.828125 0.845703 0.837891 0.848633 0.842773 0.852539 0.842773 0.861328 0.832031 0.864258 0.832031 0.864258 0.823242 0.856445 0.823242 0.856445 0.823242 0.847656 0.823242 0.847656
