0 0 0.00534082 0.00386621 0.00671484 0.0069082 0.0111309 0.00484766 0.0165293 0.00190332 0.0184922 0 0.02075
0 0.00128711 0.0479102 0.00945801 0.047251 0.0144658 0.0510732 0.0177598 0.0572666 0.0163105 0.0638564 0.00893066 0.0676777 0.00787598 0.0674141 0 0.0686006 0 0.0467246
0 0 0.0671006 0.00420996 0.0711621 0.00399609 0.0786445 0 0.0865547
0 0.0211406 0.0988799 0.0126709 0.0955752 0.00998535 0.0873125 0.0172158 0.0782236 0.0287832 0.0778105 0.0310557 0.0862793 0.0267178 0.0953691
0 0.057083 0.0866348 0.0529434 0.0827129 0.0544678 0.0748701 0.0608955 0.0709482 0.0638369 0.0738896 0.0645986 0.0781377 0.0622021 0.083585
0 0.236458 0.0210117 0.233073 0.0216885 0.227996 0.0179658 0.224272 0.0111963 0.224949 0.00256543 0.231719 0 0.236796 0.00408789 0.241027 0.00967285 0.241873 0.0172891
0 0.309978 0.0751514 0.306761 0.0729004 0.306868 0.0673252 0.311371 0.0662529 0.314051 0.0691475 0.314266 0.072793
0 0.322628 0.0724717 0.32027 0.0702197 0.320342 0.0660625 0.322896 0.0657432 0.325607 0.066541 0.326885 0.0691475 0.326353 0.0710625 0.32497 0.0718604
0 0.320693 0 0.322225 0.00638477 0.328688 0.010127 0.337705 0.0114883 0.34132 0.00714063 0.343138 0
0 0.404249 0.0769482 0.399117 0.071626 0.394175 0.0663037 0.396836 0.0579404 0.403109 0.0579404 0.408051 0.062502 0.410522 0.0695352 0.409762 0.074668
0 0.426983 0.13432 0.422646 0.13333 0.420613 0.129256 0.422083 0.123702 0.427146 0.120925 0.431395 0.122967 0.433354 0.126806 0.432456 0.13187
1 0.403961 0.135354 0.395895 0.131321 0.387828 0.124722 0.381962 0.110056 0.385078 0.093373 0.394795 0.0873232 0.401211 0.0974062 0.406344 0.111705 0.406344 0.125455
0 0.423949 0.0483174 0.420295 0.0472559 0.41617 0.0415977 0.418291 0.0333467 0.425482 0.0326387 0.429607 0.0351143 0.432325 0.0419873 0.42872 0.045499
0 0.462642 0.0291621 0.4603 0.0291621 0.458141 0.0265898 0.457773 0.0230078 0.459519 0.0206191 0.463377 0.0205732 0.465306 0.0247529 0.463606 0.0283359
0 0.433856 0.0671943 0.42917 0.0665693 0.424691 0.0613613 0.427087 0.0544873 0.434377 0.0527168 0.438335 0.0562578 0.43948 0.0603203 0.437606 0.0638613
0 0.429784 0.0831865 0.426702 0.0826094 0.424519 0.076252 0.428243 0.0735557 0.431518 0.0754814 0.432995 0.0797842
0 0.502416 0.129759 0.498934 0.129314 0.495007 0.127906 0.491895 0.123831 0.493303 0.119312 0.498934 0.118422 0.504788 0.122654 0.505182 0.126976
0 0.516519 0.13277 0.511816 0.132602 0.508457 0.128487 0.509465 0.122357 0.514671 0.122189 0.51971 0.125212 0.521138 0.128823
0 0.543064 0.0532637 0.536285 0.0532637 0.529967 0.0460215 0.533974 0.0356973 0.542603 0.0367754 0.546301 0.0434014 0.54553 0.0503359
0 0.569959 0.0856836 0.567261 0.0845352 0.564619 0.0824111 0.564103 0.0782773 0.566227 0.0749473 0.569901 0.0756357 0.573404 0.0803438 0.570878 0.0848223
0 0.556013 0.0815186 0.550572 0.0786172 0.548518 0.0691875 0.556738 0.0637471 0.559761 0.071001 0.561211 0.078375
0 0.528877 0.107953 0.524876 0.106475 0.523137 0.100996 0.526181 0.0978652 0.53079 0.0978652 0.531746 0.102996 0.530181 0.106822
0 0.519919 0.112648 0.516876 0.111605 0.51444 0.107866 0.517571 0.104214 0.523137 0.103952 0.524094 0.106562 0.52305 0.111519
0 0.528492 0.138148 0.523545 0.135793 0.522014 0.126487 0.528609 0.123071 0.534971 0.126017 0.534971 0.133555
0 0.545807 0.136382 0.539093 0.136028 0.536502 0.12955 0.539682 0.121069 0.548163 0.122836 0.551343 0.129903 0.548869 0.135793
0 0.570761 0.145134 0.566854 0.144885 0.561532 0.143305 0.559786 0.137651 0.562779 0.133328 0.569265 0.130834 0.57284 0.135157 0.573754 0.141476
0 0.584264 0.145003 0.579387 0.144104 0.574253 0.140382 0.574253 0.132168 0.579771 0.128317 0.586959 0.131654 0.587345 0.139869
0 0.593512 0.117286 0.586462 0.112448 0.58121 0.103463 0.578859 0.0926816 0.58508 0.089917 0.590332 0.0965518 0.596967 0.104569 0.598902 0.113969
0 0.602441 0.148292 0.595775 0.147816 0.589586 0.144959 0.589586 0.134326 0.598315 0.127501 0.60879 0.124962 0.612281 0.134009 0.610535 0.144007
0 0.147921 0.195634 0.142313 0.19161 0.138413 0.184297 0.148652 0.178689 0.157551 0.183199 0.162306 0.189538 0.158771 0.196975 0.152797 0.196365
0 0.130064 0.214332 0.124163 0.211873 0.120966 0.204741 0.123302 0.197856 0.131294 0.193799 0.141622 0.197364 0.144941 0.206217 0.138917 0.211258
0 0.0877637 0.219658 0.0849297 0.218673 0.0821572 0.214853 0.0829434 0.210975 0.0863896 0.210452 0.089418 0.212385 0.0914023 0.215256 0.0902012 0.217763
0 0.528183 0.0424775 0.526298 0.0410156 0.524459 0.0378574 0.525638 0.0347471 0.528607 0.0342285 0.531011 0.0366318 0.531105 0.0401201
0 0.146683 0.252251 0.139771 0.247709 0.133452 0.239021 0.133847 0.223421 0.14688 0.219273 0.153791 0.229147 0.153988 0.240206 0.150632 0.246722
1 0.22151 0.225336 0.216203 0.217597 0.215982 0.204551 0.210896 0.189516 0.200505 0.185978 0.18967 0.18841 0.175076 0.189958 0.167116 0.183987 0.172645 0.168067 0.19564 0.162761 0.213992 0.162318 0.228807 0.175364 0.23345 0.189294 0.231239 0.203667
0 0.249866 0.199705 0.243796 0.199113 0.238761 0.194227 0.235134 0.189118 0.234837 0.181715 0.240242 0.176163 0.251791 0.176236 0.256899 0.184898 0.258898 0.192376 0.255566 0.196893
0 0.205829 0.253402 0.196457 0.255042 0.188139 0.244615 0.189662 0.23044 0.201963 0.225168 0.212507 0.227862 0.215787 0.237118 0.209461 0.245436
0 0.102442 0.258513 0.0984033 0.258588 0.0963096 0.254997 0.0966836 0.249762 0.100573 0.247892 0.104313 0.249014 0.106481 0.253501 0.104985 0.256942
0 0.0925117 0.211143 0.0899863 0.209375 0.0893975 0.203819 0.0946162 0.201294 0.0978145 0.205335 0.0965518 0.20887
0 0.0413281 0.247557 0.0387813 0.246228 0.0372861 0.243348 0.0381719 0.240579 0.0406084 0.239748 0.0435996 0.241521 0.044541 0.2444
0 0.0175811 0.249885 0.0121436 0.250183 0.0113242 0.245862 0.0146768 0.241394 0.0190713 0.243032 0.0210078 0.246905
0 0.100074 0.299511 0.0972969 0.30004 0.094917 0.298718 0.0943877 0.293759 0.0978916 0.290915 0.10133 0.293098 0.102851 0.297396
0 0.0784854 0.315489 0.0748555 0.313349 0.0723428 0.307951 0.0749482 0.300506 0.080998 0.299947 0.0848135 0.305531 0.08479 0.310244
0 0.0534678 0.229175 0.0496094 0.228843 0.0468154 0.223454 0.0494102 0.216537 0.0513389 0.216005 0.0541514 0.218102 0.0548408 0.221972 0.0540986 0.22478
0 0.166884 0.295792 0.163579 0.291337 0.162076 0.283909 0.167271 0.278714 0.1746 0.276766 0.180259 0.285301 0.17896 0.291608 0.170703 0.297453
0 0.164746 0.273647 0.156862 0.278589 0.148979 0.27506 0.145332 0.26694 0.148626 0.257646 0.156862 0.250468 0.170275 0.254939 0.168981 0.265411 0.170275 0.269882
0 0.0330645 0.313013 0.0239326 0.311947 0.0196719 0.303576 0.0248457 0.294901 0.031999 0.293227 0.039 0.299314 0.0393047 0.306315
0 0.0263291 0.324044 0.0240391 0.323535 0.02175 0.320229 0.0242939 0.315396 0.0281094 0.315396 0.031417 0.318108 0.0302295 0.322434
0 0.0227461 0.33529 0.0185898 0.333849 0.0162148 0.33105 0.015876 0.326215 0.0195234 0.323501 0.0242725 0.324942 0.027835 0.325791 0.0286836 0.330201 0.027835 0.333085
0 0.00944727 0.365918 0.00553125 0.365179 0.00427539 0.360449 0.00494043 0.356829 0.00900391 0.354169 0.012625 0.354391 0.0144727 0.356755 0.0154326 0.359415 0.0160977 0.362075
0 0.0109424 0.391902 0.00824023 0.390367 0.00645996 0.388034 0.0051709 0.385763 0.00676758 0.382386 0.00787207 0.381097 0.0103281 0.38079 0.0131523 0.380912 0.015792 0.383245 0.0165293 0.385148 0.0157314 0.388833 0.0156084 0.389385
0 0.0225381 0.404362 0.0201758 0.403532 0.0190264 0.400723 0.0193447 0.397593 0.0224111 0.396188 0.0224111 0.396188 0.0254766 0.395868 0.0275195 0.397912 0.0277119 0.401425 0.0262422 0.404299
0 0.143982 0.335132 0.135757 0.333663 0.133406 0.325584 0.136344 0.320002 0.14222 0.316771 0.14736 0.317505 0.15118 0.323233 0.15353 0.327053 0.149564 0.333075
0 0.0223311 0.496105 0.0164551 0.49554 0.0130654 0.491812 0.0102412 0.486275 0.0121621 0.481756 0.0160029 0.479156 0.0200713 0.479156 0.0200713 0.479156 0.0260596 0.484467 0.0276416 0.486953 0.0265117 0.490229 0.025042 0.493732
0 0.0267373 0.482547 0.0236865 0.481868 0.019958 0.480513 0.0193926 0.477801 0.0204102 0.472265 0.026624 0.470908 0.0291104 0.472604 0.0304658 0.47588 0.0310312 0.47814 0.0283193 0.48119
0 0.0621152 0.473444 0.0556436 0.472111 0.0512646 0.466781 0.0453633 0.463354 0.0406035 0.454407 0.0446016 0.446982 0.0588799 0.45079 0.062877 0.456121 0.0664941 0.463545 0.0666846 0.467543
0 0.0993545 0.455691 0.0954961 0.454604 0.0906484 0.449756 0.0878789 0.443029 0.0905498 0.436995 0.0978701 0.431455 0.105092 0.432741 0.109049 0.435313 0.111522 0.441842 0.112808 0.446591 0.106873 0.451437
0 0.0950322 0.356677 0.0928555 0.356735 0.0905615 0.354735 0.0896797 0.354735 0.0896797 0.349207 0.090915 0.348148 0.0932676 0.347266 0.0952676 0.347384 0.097502 0.348854 0.0985605 0.350147 0.0986201 0.352441 0.096502 0.354971
1 0.109369 0.328077 0.0956113 0.33856 0.0808701 0.33987 0.0880771 0.328405 0.101507 0.315957 0.123782 0.304492 0.144419 0.299906 0.136229 0.313009 0.127713 0.319888
0 0.0157813 0.41619 0.0110664 0.416306 0.00577734 0.409176 0.0121016 0.405036 0.0148613 0.405381 0.0181963 0.406301 0.0200361 0.409866 0.0193457 0.41412
0 0.0119473 0.620958 0.00763965 0.617853 0.00754004 0.612143 0.0106455 0.609437 0.0149531 0.611141 0.0167568 0.614747 0.0152539 0.617652
0 0.0232686 0.609237 0.01846 0.608535 0.0171572 0.602124 0.0205635 0.59992 0.0242705 0.599318 0.027376 0.602124 0.0270752 0.606331
0 0.00706445 0.516077 0.00187695 0.515417 0 0.507682 0.00404688 0.503344 0.00725391 0.504946 0.00923437 0.507965 0.00961133 0.512682
0 0.0339219 0.535969 0.0305615 0.535443 0.0284619 0.528094 0.0322422 0.525994 0.0351816 0.52631 0.0380166 0.526204 0.0390664 0.527779 0.0386465 0.532188 0.0374912 0.535129
0 0.0267187 0.563026 0.02254 0.561448 0.0224473 0.555969 0.02579 0.552812 0.0287617 0.554019 0.0308047 0.557919 0.0295977 0.561169
0 0.025999 0.640785 0.0210449 0.638534 0.0189434 0.631028 0.0228467 0.626824 0.0277998 0.628025 0.0323037 0.632079 0.030502 0.637183
0 0.0853008 0.626808 0.0819473 0.625466 0.0783252 0.618222 0.0720195 0.613393 0.0689346 0.605478 0.0725566 0.597562 0.0757764 0.593807 0.0914717 0.593672 0.0957646 0.596892 0.0993867 0.599307 0.102204 0.605343 0.103009 0.610709 0.100326 0.617819 0.0980449 0.621307 0.0921426 0.624795
0 0.0581709 0.64183 0.0528057 0.640681 0.0476963 0.633399 0.0498682 0.629312 0.0563828 0.627396 0.0613643 0.630589 0.0620029 0.636721 0.0608535 0.638126
0 0.0728613 0.649494 0.0683906 0.648089 0.0656357 0.644471 0.065833 0.636395 0.0703643 0.635705 0.073417 0.637478 0.0752891 0.63994 0.0750918 0.644373
0 0.0960508 0.666173 0.0907354 0.665364 0.0858818 0.658084 0.0886553 0.652191 0.0926992 0.651036 0.0973213 0.651845 0.100095 0.656235 0.0996328 0.662359
0 0.0782773 0.678136 0.0732314 0.680406 0.0688584 0.676706 0.0697832 0.669558 0.0733154 0.667286 0.0768477 0.669726 0.0785303 0.672417 0.0780254 0.677211
0 0.0930557 0.698186 0.0890674 0.697188 0.0862187 0.6932 0.088498 0.685081 0.0926279 0.681521 0.0971865 0.685937 0.0978984 0.693628
0 0.0846504 0.70495 0.0814434 0.704226 0.0776152 0.699053 0.0814434 0.695018 0.0845469 0.694811 0.0872373 0.697915 0.0878574 0.702984
0 0.193119 0.312774 0.188913 0.31309 0.184497 0.309936 0.185548 0.302574 0.189229 0.302154 0.19375 0.303731 0.195854 0.30657 0.194171 0.310461
0 0.206474 0.348527 0.20374 0.346529 0.201006 0.340746 0.206054 0.337276 0.208893 0.33696 0.211731 0.338643 0.211837 0.342954 0.211627 0.346109 0.208683 0.348948
1 0.243831 0.29643 0.238485 0.30534 0.231134 0.312468 0.219105 0.31024 0.217992 0.291975 0.231134 0.280614 0.244054 0.275046 0.257196 0.272818 0.258533 0.283955 0.255191 0.288856
0 0.286682 0.261609 0.278843 0.262604 0.275359 0.255637 0.273741 0.249166 0.278097 0.243567 0.28494 0.244313 0.288424 0.248669 0.291037 0.252028 0.289046 0.258747
0 0.289729 0.281895 0.285562 0.280332 0.284435 0.2733 0.288254 0.270088 0.29216 0.270608 0.295025 0.273647 0.29572 0.27738
0 0.236698 0.369119 0.230027 0.369699 0.227271 0.361287 0.230897 0.356211 0.236408 0.353311 0.241194 0.355341 0.244095 0.361577
0 0.292376 0.320046 0.28679 0.317254 0.285468 0.315195 0.288113 0.303436 0.292817 0.301524 0.294729 0.302187 0.296639 0.302848 0.301343 0.309757 0.298991 0.316225
0 0.281352 0.327543 0.274002 0.330777 0.270915 0.320929 0.277529 0.316959 0.281939 0.3174 0.285174 0.322251
0 0.298601 0.401183 0.291116 0.396456 0.286587 0.386018 0.290132 0.377746 0.301555 0.375186 0.310614 0.379519 0.311205 0.387199 0.306084 0.394684
0 0.283275 0.361342 0.279786 0.358963 0.277753 0.350516 0.281929 0.347384 0.287279 0.347645 0.29028 0.352082 0.290411 0.358216 0.287148 0.361869
0 0.369262 0.322685 0.360547 0.32119 0.356687 0.310857 0.362788 0.304507 0.368391 0.304632 0.375487 0.306624 0.377479 0.314468 0.373495 0.322187
0 0.36864 0.300772 0.36229 0.297784 0.356563 0.293178 0.353948 0.285956 0.353823 0.278112 0.360173 0.27139 0.367644 0.268899 0.374366 0.269148 0.380468 0.274626 0.382957 0.279979 0.382708 0.289317 0.380716 0.296165 0.373495 0.298282
0 0.373137 0.264987 0.368323 0.265504 0.365779 0.261341 0.364623 0.256831 0.366473 0.252957 0.371966 0.251685 0.375956 0.253708 0.376997 0.258045 0.375262 0.262324
0 0.355884 0.264617 0.351253 0.263014 0.347067 0.255266 0.351342 0.250279 0.357042 0.247964 0.360871 0.249745 0.362207 0.253931 0.363187 0.259185 0.35998 0.263281
0 0.340834 0.263191 0.335847 0.260698 0.333175 0.253307 0.338341 0.24832 0.342882 0.24832 0.342882 0.24832 0.346088 0.25491 0.346622 0.258026
0 0.385316 0.190862 0.379122 0.188304 0.374948 0.179956 0.380064 0.176724 0.386528 0.177128 0.390164 0.181841 0.388548 0.188708
0 0.414816 0.196255 0.407674 0.195064 0.404211 0.18684 0.40551 0.180455 0.412219 0.175802 0.415033 0.176451 0.418604 0.181862 0.418929 0.191061 0.416007 0.196363
0 0.436784 0.191169 0.43278 0.189546 0.430616 0.183161 0.433754 0.180239 0.43765 0.180022 0.440788 0.182836 0.441329 0.18619 0.438624 0.189329
0 0.460806 0.258289 0.455229 0.256802 0.451884 0.250482 0.454857 0.24218 0.463036 0.241436 0.468241 0.245277 0.468241 0.252217
0 0.466633 0.273486 0.463322 0.272367 0.460804 0.267471 0.462809 0.264859 0.465374 0.263321 0.468312 0.262575 0.470503 0.263647 0.471528 0.266538 0.471715 0.269057 0.469757 0.271388
1 0.465305 0.334338 0.45832 0.347642 0.437701 0.351965 0.425063 0.348972 0.420407 0.32802 0.418079 0.307067 0.417414 0.285782 0.434043 0.280129 0.446681 0.287778 0.452999 0.298753 0.460648 0.305071 0.462312 0.318042
1 0.447679 0.418812 0.434708 0.414821 0.425063 0.402849 0.420407 0.390211 0.422402 0.374247 0.433378 0.368261 0.450006 0.367596 0.464972 0.368926 0.464972 0.368926 0.468963 0.391873 0.465305 0.397194 0.451669 0.411163
0 0.395485 0.368908 0.385927 0.361974 0.38199 0.351103 0.388176 0.343793 0.392861 0.341544 0.401296 0.343418 0.405981 0.350728 0.407106 0.355601 0.403357 0.363098
0 0.498603 0.367124 0.487532 0.368967 0.475694 0.363406 0.472825 0.344934 0.48538 0.336863 0.497575 0.335966 0.511744 0.345113 0.51013 0.362331
0 0.396708 0.412616 0.391373 0.404837 0.393596 0.388833 0.402043 0.384832 0.410711 0.389944 0.411601 0.402614 0.409378 0.408393
0 0.395819 0.440178 0.386039 0.437511 0.381815 0.428397 0.388262 0.421729 0.396931 0.418173 0.403154 0.422618 0.404487 0.430843
0 0.3427 0.492803 0.337658 0.490762 0.336098 0.483559 0.339219 0.478397 0.344621 0.478757 0.349183 0.482238 0.347502 0.487761
0 0.301944 0.471284 0.295471 0.467643 0.287986 0.458944 0.290414 0.447616 0.297291 0.446402 0.307001 0.451864 0.313879 0.458135 0.312261 0.467238
0 0.243482 0.475532 0.236808 0.469463 0.232154 0.460562 0.23256 0.448628 0.23883 0.44438 0.246922 0.44883 0.253597 0.457933 0.255822 0.466429
0 0.195192 0.433607 0.188149 0.426137 0.18943 0.411837 0.199675 0.407142 0.210347 0.409703 0.216109 0.418881 0.206718 0.430406
0 0.171451 0.466126 0.167958 0.466235 0.164857 0.462639 0.163927 0.456872 0.166903 0.455012 0.17019 0.453523 0.173601 0.45495 0.175089 0.457927 0.175895 0.460593 0.17391 0.464562
0 0.145179 0.476465 0.14331 0.476036 0.140663 0.473506 0.140196 0.46973 0.142804 0.467084 0.147124 0.4665 0.148486 0.46759 0.149732 0.470977 0.149343 0.473856
0 0.127152 0.469325 0.124115 0.469392 0.121871 0.466289 0.121806 0.462856 0.124313 0.460216 0.127351 0.458962 0.130915 0.45982 0.132235 0.462395 0.132896 0.465233 0.131707 0.467676
0 0.117778 0.485763 0.114479 0.484971 0.110848 0.481472 0.111903 0.476059 0.114214 0.472824 0.117977 0.472164 0.122663 0.474013 0.12339 0.478436 0.124512 0.481075
0 0.327772 0.581698 0.323546 0.579524 0.319923 0.572399 0.322097 0.566724 0.324633 0.562497 0.329825 0.560323 0.335018 0.562376 0.338762 0.566844 0.339728 0.572157 0.337313 0.5788 0.332361 0.581818
0 0.361674 0.548159 0.358644 0.548824 0.355908 0.546902 0.354282 0.543725 0.353766 0.539808 0.356796 0.53759 0.361748 0.536776 0.365296 0.539659 0.365665 0.545425
0 0.372604 0.562212 0.370709 0.561562 0.368814 0.558422 0.368489 0.555661 0.369843 0.553657 0.372658 0.553225 0.374986 0.553549 0.376448 0.554957 0.37726 0.557339 0.376827 0.559775 0.376773 0.561021
0 0.429312 0.614302 0.426138 0.613938 0.423054 0.611308 0.418972 0.607498 0.416613 0.600876 0.420967 0.598337 0.426138 0.599516 0.430582 0.601783 0.433576 0.604958 0.435662 0.609131
0 0.496278 0.644741 0.490446 0.643521 0.488004 0.635788 0.490039 0.628599 0.493565 0.622902 0.499127 0.620189 0.502383 0.622631 0.506316 0.628328 0.504553 0.636873 0.499806 0.643113
0 0.499012 0.516325 0.495184 0.514713 0.493068 0.508367 0.497602 0.502424 0.503041 0.500812 0.507372 0.503633 0.505056 0.510382 0.502033 0.514411
0 0.49607 0.535408 0.491947 0.535071 0.489507 0.531453 0.487151 0.523291 0.489676 0.52001 0.493378 0.520431 0.496407 0.522197 0.498511 0.525311 0.499521 0.529603 0.499352 0.533642
0 0.55963 0.563432 0.555371 0.562215 0.551214 0.557043 0.551315 0.54954 0.555371 0.5466 0.561252 0.54731 0.564599 0.550554 0.567438 0.554914 0.567234 0.559375
0 0.558312 0.545383 0.558718 0.540516 0.562773 0.53869 0.567032 0.5394 0.570986 0.543152 0.573014 0.548323 0.572405 0.55319 0.570073 0.556739 0.567944 0.557956 0.566221 0.551365
0 0.550634 0.560659 0.555879 0.562889 0.554437 0.569444 0.547749 0.574688 0.543029 0.569969 0.546307 0.564724
0 0.55159 0.422255 0.547701 0.420311 0.543257 0.414062 0.546034 0.408367 0.55034 0.409062 0.555895 0.411562 0.557005 0.415866 0.554367 0.420449
0 0.522704 0.438225 0.518399 0.438919 0.510345 0.433781 0.513539 0.428504 0.517844 0.425171 0.520899 0.425171 0.525481 0.427531 0.526454 0.434059
0 0.530096 0.412718 0.527559 0.412529 0.524646 0.411778 0.523331 0.406799 0.525022 0.40398 0.528122 0.402384 0.531223 0.404074 0.532632 0.406986 0.532068 0.41065
0 0.253016 0.628419 0.25007 0.629099 0.247126 0.626909 0.243729 0.620113 0.244483 0.61664 0.247881 0.612864 0.251581 0.610222 0.256942 0.609315 0.260642 0.612487 0.261926 0.617169 0.262907 0.622001 0.259735 0.626758
1 0.291535 0.601717 0.287129 0.605074 0.282093 0.607382 0.271812 0.601717 0.273909 0.590597 0.279785 0.584512 0.287548 0.575489 0.292794 0.566257 0.301187 0.563109 0.306013 0.565837 0.306853 0.574649 0.300978 0.586189 0.294263 0.595632
0 0.318834 0.702465 0.313232 0.698789 0.309205 0.693187 0.312182 0.685833 0.320235 0.682857 0.326537 0.686884 0.328113 0.694062 0.323386 0.700539
0 0.253119 0.723506 0.251885 0.723095 0.250393 0.722014 0.248849 0.718052 0.250289 0.715479 0.252913 0.714398 0.255692 0.71553 0.257287 0.717897 0.256876 0.721757
0 0.267045 0.736189 0.264434 0.735783 0.262577 0.734043 0.261243 0.728879 0.263331 0.727022 0.265536 0.7265 0.267915 0.726442 0.270352 0.72766 0.272267 0.731199 0.270874 0.735203
0 0.247878 0.783646 0.242789 0.783243 0.240644 0.781724 0.237605 0.774574 0.240107 0.769659 0.243057 0.767782 0.246811 0.767067 0.250922 0.766978 0.250922 0.766978 0.255211 0.771535 0.254675 0.7794
0 0.235572 0.776043 0.224548 0.775554 0.214747 0.770653 0.215973 0.751298 0.225527 0.742478 0.235083 0.739048 0.247822 0.741008 0.258113 0.749093 0.261543 0.759628 0.260318 0.765753 0.255142 0.773367 0.251218 0.765521 0.246285 0.766642 0.23911 0.769668 0.237541 0.773928
0 0.184713 0.804886 0.181026 0.802752 0.17802 0.797901 0.180057 0.794312 0.183549 0.7915 0.187429 0.792179 0.189757 0.794312 0.1916 0.79829 0.188786 0.80149
0 0.190093 0.828046 0.186425 0.826888 0.183433 0.823509 0.180633 0.815498 0.182274 0.811443 0.184977 0.809706 0.188065 0.809899 0.190575 0.812603 0.190575 0.812603 0.194822 0.820034 0.194822 0.820034 0.193664 0.826888
0 0.206494 0.807441 0.200752 0.802572 0.196507 0.794333 0.195509 0.782349 0.200752 0.778104 0.208991 0.777605 0.215607 0.778979 0.2216 0.780727 0.225095 0.786594 0.225095 0.793959 0.222723 0.801449 0.217479 0.80794 0.20949 0.809937
0 0.206788 0.858397 0.200474 0.858526 0.195447 0.856851 0.192741 0.849118 0.197896 0.84203 0.203309 0.837648 0.210011 0.838421 0.213877 0.841515 0.216196 0.847056 0.214779 0.852469
0 0.146868 0.918019 0.144625 0.917705 0.143164 0.916818 0.142434 0.912646 0.143529 0.910037 0.145929 0.908002 0.148433 0.907689 0.150833 0.90842 0.151823 0.910663 0.152502 0.913532 0.152032 0.915775 0.15005 0.917079
0 0.109355 0.913404 0.107848 0.913288 0.106588 0.911752 0.106096 0.908771 0.107417 0.90748 0.109537 0.907204 0.111442 0.907542 0.112303 0.909509 0.112149 0.912151
0 0.0938965 0.913039 0.090125 0.911986 0.0881074 0.906109 0.0890723 0.900758 0.0931074 0.899969 0.0977568 0.901108 0.100563 0.905145 0.100476 0.909618
0 0.06854 0.888371 0.0659062 0.887581 0.0632725 0.882664 0.0643262 0.878274 0.0665205 0.874763 0.0705596 0.874236 0.0724033 0.876958 0.0744219 0.879768 0.073457 0.883718 0.0711738 0.887581
0 0.0784541 0.879241 0.0753193 0.875854 0.0725596 0.868832 0.0775762 0.868079 0.0817148 0.872971 0.0814639 0.877109
0 0.0763223 0.860681 0.0723096 0.85604 0.0719326 0.845506 0.0764473 0.844126 0.0805859 0.84977 0.0813389 0.856667
0 0.053959 0.846006 0.0509189 0.846196 0.0469287 0.845531 0.0436992 0.840401 0.0470234 0.833846 0.0526289 0.832801 0.0579492 0.834796 0.0585195 0.840876
0 0.119146 0.833443 0.114961 0.830933 0.112688 0.825313 0.108265 0.82077 0.110059 0.810366 0.114602 0.808095 0.120103 0.811562 0.124287 0.814791 0.127396 0.821845 0.128472 0.826867 0.124766 0.832367
0 0.0965605 0.838711 0.0902588 0.837136 0.0825264 0.830835 0.0790898 0.822242 0.0813809 0.814653 0.0863926 0.815512 0.0911182 0.81809 0.0967031 0.820667 0.100569 0.819521 0.103291 0.820238 0.106012 0.824534 0.10687 0.828687 0.103004 0.833556
0 0.018707 0.93451 0.015708 0.934081 0.0129941 0.930725 0.014208 0.923297 0.0156357 0.919869 0.0194209 0.916298 0.0230635 0.916798 0.0244922 0.920083 0.0237783 0.925653 0.0224209 0.929582
0 0.0554199 0.971671 0.052793 0.971342 0.0500342 0.969306 0.0493115 0.963854 0.0515449 0.961293 0.0553545 0.960833 0.0585732 0.962869 0.0599521 0.965891 0.0577187 0.97016
0 0.0627109 0.957154 0.0599521 0.956235 0.0579814 0.954462 0.0571279 0.948091 0.0581787 0.944216 0.0608057 0.941391 0.0646816 0.940077 0.0676367 0.939684 0.0701328 0.942442 0.0719063 0.944872 0.0711836 0.94901 0.0706582 0.952163 0.0685566 0.95571
0 0.161242 0.993429 0.157492 0.991359 0.154906 0.980757 0.157621 0.976878 0.162923 0.977266 0.167707 0.981791 0.167448 0.990066 0.166155 0.992911
0 0.136571 0.969172 0.134055 0.968562 0.131309 0.965206 0.132301 0.960554 0.135198 0.959257 0.13924 0.961621 0.139012 0.96574
0 0.186412 0.882772 0.181881 0.88098 0.17893 0.873393 0.182935 0.867597 0.186201 0.867069 0.190417 0.868019 0.191576 0.872339 0.190101 0.877397
0 0.330001 0.636563 0.328642 0.636788 0.325995 0.636394 0.323968 0.632059 0.324418 0.629187 0.327064 0.627385 0.330499 0.627272 0.331963 0.630144 0.332921 0.633409
0 0.739613 0.313603 0.736772 0.313309 0.73501 0.309098 0.732953 0.3042 0.733736 0.299106 0.738437 0.300086 0.742454 0.30185 0.744021 0.306942 0.743433 0.31184
0 0.729892 0.302143 0.725972 0.301054 0.722705 0.299421 0.718133 0.299856 0.713124 0.300618 0.710075 0.293215 0.712253 0.288206 0.717588 0.285376 0.722379 0.284178 0.728585 0.285158 0.730545 0.289295 0.732831 0.293541 0.731307 0.299529
0 0.705652 0.298722 0.698385 0.298949 0.695433 0.29352 0.699664 0.287849 0.705165 0.283956 0.70965 0.279386 0.716252 0.275238 0.719892 0.275408 0.718876 0.279471 0.716168 0.28184 0.712021 0.286156 0.709904 0.28861 0.707789 0.293096
0 0.692716 0.241754 0.689936 0.241968 0.687582 0.239936 0.685016 0.232236 0.687689 0.229349 0.692716 0.228601 0.696886 0.230739 0.697635 0.235444
0 0.682021 0.232557 0.677744 0.232771 0.672396 0.230632 0.670793 0.223681 0.672824 0.218334 0.67753 0.217157 0.681594 0.21844 0.681594 0.21844 0.686834 0.224002 0.685657 0.229456
0 0.659394 0.213492 0.653705 0.214102 0.650455 0.211055 0.649236 0.206788 0.649947 0.197851 0.654416 0.194296 0.660308 0.193483 0.667011 0.197038 0.668534 0.203843 0.668636 0.210038
0 0.627609 0.207372 0.621111 0.206046 0.615807 0.200874 0.614746 0.188144 0.619785 0.184828 0.627477 0.185093 0.63371 0.185491 0.636627 0.19252 0.638219 0.197294 0.633577 0.203659
0 0.489122 0.183744 0.487063 0.182829 0.485118 0.181228 0.484203 0.176308 0.486091 0.174421 0.490038 0.173963 0.492897 0.175106 0.494099 0.178882 0.492841 0.181913
0 0.503234 0.188852 0.501664 0.188606 0.500144 0.18635 0.501075 0.183651 0.502891 0.183995 0.505295 0.184633 0.504854 0.187625
0 0.574729 0.396226 0.566899 0.395355 0.559767 0.390484 0.558201 0.376566 0.564986 0.37065 0.573858 0.368215 0.582905 0.37065 0.58969 0.37935 0.586211 0.391006
0 0.64052 0.455647 0.634964 0.457247 0.632019 0.455731 0.630335 0.449166 0.631934 0.44521 0.635301 0.443358 0.640688 0.444873 0.643129 0.447819 0.641782 0.453206
0 0.647218 0.44555 0.643373 0.445145 0.640136 0.44302 0.6371 0.437556 0.639022 0.433003 0.641855 0.430676 0.644992 0.430574 0.648433 0.431789 0.651164 0.434521 0.650962 0.441098
0 0.329469 0.190092 0.326217 0.189805 0.323539 0.187701 0.322487 0.181964 0.323539 0.177564 0.326791 0.175365 0.330808 0.173548 0.333963 0.17613 0.335589 0.178521 0.335397 0.183207 0.333771 0.188275
0 0.301116 0.2143 0.29686 0.213674 0.293104 0.206789 0.293605 0.200404 0.297485 0.198776 0.302493 0.200779 0.305623 0.206163 0.306249 0.212798
0 0.829683 0.0925234 0.824495 0.0937549 0.82046 0.0939385 0.81615 0.0901787 0.815233 0.0844941 0.816609 0.0805508 0.821928 0.0787168 0.826787 0.0801846 0.828071 0.0844023 0.829996 0.0877949
0 0.83998 0.0889199 0.834475 0.0884336 0.831709 0.0839932 0.829846 0.0764316 0.83401 0.0712813 0.838503 0.070624 0.843325 0.072377 0.845407 0.0764316 0.844969 0.0826787
0 0.843345 0.0521553 0.839474 0.0523271 0.83586 0.0484561 0.835344 0.0414014 0.839044 0.0382178 0.844378 0.0372715 0.847819 0.0391641 0.84954 0.0438965 0.848507 0.0493164
0 0.866337 0.0786816 0.862728 0.0789648 0.86025 0.0771953 0.856995 0.0718877 0.858057 0.0686318 0.86025 0.066084 0.863931 0.0645977 0.867186 0.0661553 0.868177 0.0696934 0.869167 0.0742939
0 0.832364 0.0249287 0.830097 0.0238369 0.828585 0.0195537 0.830097 0.0165303 0.832784 0.0165303 0.835388 0.0175381 0.835472 0.0212334 0.835556 0.0242568
0 0.876131 0.0110488 0.873653 0.0103994 0.873004 0.00662402 0.874951 0.00497266 0.878019 0.00520801 0.879906 0.00739062 0.879021 0.00986816
0 0.865418 0.124144 0.860938 0.123054 0.857912 0.119543 0.85767 0.109374 0.86336 0.1055 0.868444 0.106468 0.872319 0.110826 0.873045 0.115669 0.871108 0.120633
0 0.871944 0.16783 0.86795 0.165278 0.865953 0.156623 0.870835 0.151963 0.875385 0.153294 0.879269 0.159175 0.87716 0.165167
0 0.845325 0.163235 0.84162 0.162745 0.838823 0.160508 0.838193 0.153516 0.839941 0.150719 0.843228 0.148691 0.846095 0.149251 0.849521 0.152117 0.851199 0.154914 0.849661 0.160019
0 0.834138 0.187327 0.830746 0.189059 0.828582 0.188409 0.825552 0.182998 0.826706 0.179246 0.829159 0.176433 0.832406 0.174701 0.836014 0.17535 0.838611 0.178669 0.839477 0.181699 0.838034 0.185234
0 0.866421 0.233368 0.859114 0.232346 0.854292 0.225331 0.853415 0.215248 0.857799 0.210279 0.868028 0.211595 0.874458 0.218463 0.873289 0.228838
0 0.903502 0.208195 0.901104 0.207224 0.897994 0.203336 0.898901 0.198477 0.901363 0.196144 0.906158 0.195237 0.909139 0.196986 0.910759 0.201457 0.910693 0.204697 0.907454 0.207418
0 0.933975 0.183178 0.928616 0.183434 0.923259 0.176544 0.923003 0.166084 0.926192 0.16098 0.932826 0.15996 0.937036 0.161874 0.939588 0.167614 0.940863 0.172207 0.939205 0.179096
0 0.939077 0.199635 0.935761 0.198997 0.930402 0.192618 0.934612 0.185475 0.938312 0.183434 0.942267 0.188919 0.942267 0.195425
0 0.946447 0.219451 0.941314 0.219671 0.938309 0.217031 0.935889 0.212119 0.938089 0.20684 0.942708 0.203687 0.947327 0.20486 0.95026 0.208673 0.952313 0.213365 0.950847 0.218058
0 0.974928 0.222129 0.971326 0.221186 0.968669 0.215956 0.970641 0.212783 0.974241 0.211583 0.977414 0.213298 0.979043 0.217757
1 0.920135 0.253639 0.915229 0.253135 0.912588 0.246344 0.909066 0.244079 0.904664 0.241061 0.906803 0.231754 0.914098 0.229867 0.921267 0.231754 0.924285 0.237413 0.926172 0.244331 0.925291 0.250116
0 0.852267 0.357707 0.847989 0.358268 0.844694 0.356796 0.841891 0.353221 0.840418 0.348032 0.841891 0.341723 0.845606 0.338639 0.850443 0.338077 0.854649 0.339339 0.857595 0.342915 0.859627 0.348103 0.858436 0.355113
1 1 0.394828 0.988646 0.396289 0.981342 0.382265 0.979589 0.367656 0.978128 0.351296 0.991567 0.341069 1 0.337271
0 0.923872 0.461783 0.918354 0.459993 0.914903 0.454945 0.91621 0.448847 0.919521 0.445623 0.925881 0.445884 0.929104 0.447627 0.929627 0.453813 0.929017 0.457036
0 0.945048 0.479427 0.941301 0.479514 0.935986 0.478032 0.933547 0.469756 0.936335 0.464441 0.939123 0.461218 0.943653 0.459476 0.948097 0.460782 0.951407 0.465923 0.952191 0.47176 0.948707 0.477771
0 0.988087 0.48671 0.98479 0.48573 0.983009 0.480919 0.985325 0.4778 0.989513 0.476196 0.993345 0.477443 0.993611 0.481275 0.992988 0.483146
0 0.866862 0.55709 0.861034 0.556695 0.859157 0.548199 0.863405 0.542568 0.867554 0.539309 0.872197 0.54079 0.874271 0.545828 0.874766 0.550076 0.871308 0.554818
0 0.855402 0.583571 0.853623 0.583018 0.852239 0.581673 0.852477 0.578984 0.855205 0.576968 0.856272 0.577126 0.857894 0.578549 0.858566 0.58021 0.857578 0.582425
0 0.844508 0.599889 0.839893 0.599764 0.83927 0.593777 0.842513 0.588913 0.846753 0.588913 0.849996 0.593527 0.847626 0.598642
0 0.832275 0.612689 0.829881 0.611342 0.829581 0.606477 0.832725 0.60513 0.834521 0.606027 0.835868 0.608049 0.835194 0.610294 0.834596 0.611866
0 0.814837 0.632675 0.810312 0.632675 0.807356 0.627227 0.806156 0.621962 0.81022 0.617529 0.815114 0.617529 0.82084 0.621501 0.821671 0.627687 0.81927 0.631475
0 0.781813 0.672104 0.777192 0.671495 0.774031 0.665538 0.777192 0.657392 0.783271 0.656055 0.786798 0.658364 0.788257 0.665295
0 0.757778 0.706058 0.752784 0.705297 0.747897 0.700411 0.74844 0.691508 0.752458 0.687925 0.757453 0.689011 0.761687 0.690965 0.762773 0.694982 0.763425 0.698239
0 0.723228 0.74593 0.719365 0.742876 0.717031 0.735782 0.719097 0.731651 0.722419 0.730215 0.725921 0.730395 0.728615 0.732101 0.73113 0.734884 0.732207 0.738117 0.730591 0.742876
0 0.692008 0.725611 0.687489 0.724458 0.683933 0.719267 0.685855 0.713403 0.688739 0.711865 0.694314 0.712923 0.697679 0.715902 0.697583 0.722439
0 0.703145 0.690366 0.696884 0.688639 0.694186 0.68022 0.697424 0.674282 0.701957 0.672771 0.707463 0.675038 0.711133 0.680327 0.709729 0.687128
0 0.726155 0.686334 0.719459 0.685798 0.715977 0.676557 0.722271 0.671333 0.728433 0.672538 0.731379 0.679905
0 0.724816 0.668119 0.718789 0.667449 0.718655 0.659011 0.724816 0.657002 0.729103 0.659011 0.730709 0.66544
0 0.754402 0.650624 0.749577 0.650336 0.747057 0.645222 0.749217 0.638739 0.754114 0.637731 0.75858 0.64054 0.75966 0.646519
0 0.777137 0.619882 0.773256 0.61849 0.771206 0.612706 0.77267 0.607947 0.77721 0.604579 0.779113 0.606995 0.781163 0.610656 0.782628 0.615488 0.781163 0.619149
0 0.800081 0.58301 0.796794 0.580636 0.795606 0.574975 0.798528 0.570408 0.803916 0.56913 0.80693 0.571504 0.8083 0.576436 0.806747 0.581549
0 0.824174 0.554585 0.820732 0.553085 0.820291 0.546645 0.822674 0.543821 0.82585 0.545145 0.828056 0.549379 0.826644 0.55379
0 0.825345 0.540302 0.823275 0.540065 0.822566 0.535868 0.825463 0.534095 0.828833 0.535454 0.828951 0.538765
0 0.839966 0.474415 0.836496 0.473636 0.833097 0.471087 0.832602 0.462731 0.834584 0.460111 0.838691 0.458624 0.842303 0.459049 0.844993 0.461174 0.847047 0.46351 0.84733 0.4679 0.847755 0.469175 0.844639 0.472433
0 0.859068 0.512366 0.855223 0.510396 0.855598 0.503173 0.8586 0.502047 0.861227 0.503735 0.863385 0.506362 0.861978 0.510959
0 0.779359 0.367114 0.774526 0.367416 0.772814 0.360871 0.774526 0.35614 0.780064 0.354428 0.785199 0.357247 0.78832 0.360368 0.784494 0.364597
0 0.73751 0.413997 0.734544 0.413541 0.733403 0.409549 0.735 0.407667 0.737452 0.407097 0.739277 0.407268 0.740304 0.409491 0.740646 0.411089
0 0.727762 0.43152 0.723047 0.430537 0.720591 0.424348 0.724913 0.419436 0.729923 0.420222 0.733361 0.424741 0.732969 0.430438
0 0.722556 0.442718 0.71676 0.443209 0.71224 0.438592 0.71224 0.432108 0.716562 0.429456 0.721376 0.430438 0.725109 0.431813 0.725797 0.438003
0 0.726185 0.556466 0.722885 0.556359 0.719159 0.554018 0.720011 0.54497 0.723204 0.542947 0.727994 0.543267 0.7314 0.545396 0.731507 0.551782
0 0.660682 0.751559 0.654734 0.748135 0.65059 0.73678 0.658159 0.730833 0.664286 0.732815 0.668432 0.738222 0.668611 0.74435 0.666449 0.748495
0 0.643381 0.766156 0.635991 0.766156 0.630225 0.757146 0.635631 0.751018 0.643561 0.75336 0.647525 0.759669 0.645363 0.766337
0 0.659499 0.770733 0.65484 0.768071 0.655283 0.760972 0.659832 0.75709 0.664602 0.758754 0.666266 0.76319 0.665156 0.768293
0 0.610406 0.839948 0.602966 0.844114 0.597906 0.834441 0.601626 0.82596 0.605645 0.826703 0.610704 0.828787 0.612043 0.835633
0 0.583885 0.844547 0.581169 0.842866 0.580651 0.833943 0.585437 0.832649 0.589833 0.837047 0.589574 0.841443 0.587376 0.844806
0 0.548488 0.908569 0.54561 0.907835 0.542549 0.904038 0.544141 0.899753 0.54659 0.89816 0.549713 0.898772 0.551855 0.901345 0.552651 0.903978 0.551427 0.907038
0 0.511204 0.959316 0.504952 0.959062 0.49819 0.954724 0.495894 0.940688 0.500104 0.934437 0.50508 0.930736 0.510949 0.931885 0.51516 0.935585 0.518987 0.940688 0.521922 0.947067 0.520646 0.953064
0 0.482547 0.983068 0.476872 0.98238 0.473889 0.975452 0.476575 0.970078 0.481662 0.970078 0.486653 0.973821 0.486845 0.980155
0 0.459196 1 0.458083 0.994241 0.462358 0.98824 0.467385 0.98539 0.47151 0.985314 0.475485 0.98824 0.477361 0.99244 0.477736 0.997767 0.477736 1
0 0.423507 0.915452 0.419552 0.916826 0.415701 0.914394 0.414417 0.907976 0.418606 0.903989 0.424146 0.903922 0.426714 0.908921 0.4257 0.913854
0 0.959483 0.647813 0.949289 0.649143 0.941754 0.642716 0.933332 0.633851 0.941532 0.625872 0.948624 0.629861 0.953722 0.635845 0.956824 0.640499
0 0.910443 0.720746 0.906105 0.72155 0.902959 0.718928 0.900995 0.713473 0.905068 0.710709 0.909941 0.709981 0.912996 0.714346 0.912269 0.718564
0 0.894868 0.725354 0.892785 0.725034 0.891503 0.72231 0.892144 0.71905 0.894228 0.718249 0.896364 0.719264 0.897594 0.721187 0.898128 0.723538
0 0.885096 0.73601 0.881976 0.735663 0.879663 0.733756 0.878912 0.729768 0.881859 0.727225 0.884113 0.727977 0.886888 0.729941 0.887813 0.732484 0.887004 0.734738
0 0.894801 0.745392 0.892047 0.743868 0.892105 0.738946 0.894918 0.737599 0.897086 0.737481 0.899371 0.739122 0.900719 0.740938 0.900895 0.742813 0.899078 0.744161
0 0.875096 0.761557 0.866884 0.761813 0.859827 0.757836 0.860083 0.745262 0.867269 0.739359 0.876636 0.740771 0.882152 0.74616 0.882537 0.754757
0 0.850003 0.748901 0.846246 0.748651 0.844617 0.745457 0.84468 0.7417 0.847812 0.739383 0.851506 0.740135 0.853572 0.742765 0.853948 0.745896 0.852508 0.747837
0 0.822723 0.737472 0.817014 0.735258 0.818062 0.727566 0.821907 0.725003 0.827151 0.726052 0.827151 0.726052 0.827034 0.736073
0 0.812483 0.803076 0.808804 0.799642 0.808436 0.791546 0.814691 0.787866 0.821438 0.79081 0.822665 0.797557 0.818003 0.802095
0 0.801358 0.822746 0.798095 0.822118 0.792571 0.818353 0.796714 0.813206 0.800605 0.813331 0.80412 0.817725
0 0.777744 0.824939 0.774031 0.823833 0.771739 0.818618 0.773636 0.814114 0.776796 0.813324 0.780272 0.81372 0.78209 0.817038 0.782722 0.820594
0 0.761953 0.825982 0.76011 0.824936 0.759147 0.821754 0.76011 0.819828 0.762162 0.819786 0.764382 0.820791 0.765135 0.823052 0.764424 0.825104
0 0.724872 0.786525 0.718778 0.784349 0.71399 0.780866 0.712685 0.775426 0.71769 0.771617 0.722696 0.772923 0.727157 0.776514 0.730857 0.779452 0.730531 0.78239
0 0.696146 0.792912 0.692521 0.792254 0.688019 0.786652 0.692302 0.781161 0.695486 0.779185 0.700209 0.780832 0.7001 0.786652 0.698672 0.790057
0 0.720858 0.830535 0.71635 0.829032 0.713236 0.821303 0.716563 0.816579 0.722361 0.817116 0.726763 0.820443 0.725582 0.826134
1 0.646829 0.866274 0.649475 0.873433 0.647763 0.882303 0.641693 0.889616 0.632201 0.884015 0.626443 0.872966 0.624109 0.862695 0.631268 0.853514 0.640293 0.847756 0.649475 0.85009 0.654143 0.857871 0.650253 0.864874
0 0.598218 0.895938 0.594529 0.89396 0.594259 0.886403 0.599837 0.883074 0.603795 0.884604 0.605504 0.888382 0.603705 0.89306
0 0.558138 0.959955 0.552483 0.961285 0.54816 0.957294 0.546608 0.950199 0.552483 0.94654 0.558359 0.948203 0.561242 0.954301
0 0.616763 0.985723 0.613113 0.984215 0.611605 0.978898 0.615176 0.976756 0.618905 0.976915 0.621444 0.979851 0.61954 0.983897
0 0.675088 0.970649 0.668832 0.972121 0.665151 0.970158 0.664048 0.963412 0.669077 0.958751 0.675701 0.958138 0.680116 0.961327 0.680362 0.967582
0 0.679626 0.986104 0.674965 0.984142 0.674229 0.977272 0.678399 0.974084 0.682324 0.976414 0.6849 0.981075
0 0.668976 0.998886 0.672507 0.989027 0.678687 0.988881 0.681924 0.994619 0.681041 1 0.667799 1
0 0.763622 0.982183 0.757218 0.98164 0.755481 0.974476 0.757978 0.971762 0.762536 0.974041 0.764599 0.975562 0.766227 0.978926
1 0.768085 0.997666 0.778849 0.984988 0.794636 0.971593 0.802769 0.973985 0.810423 0.977095 0.816642 0.984988 0.820469 0.9936 0.823101 1 0.762345 1
0 0.849092 0.96814 0.842763 0.966945 0.840016 0.962169 0.837627 0.954645 0.841688 0.950346 0.848375 0.949868 0.85363 0.952973 0.854107 0.959183 0.854107 0.965632
0 0.875604 0.951301 0.868319 0.950465 0.860557 0.946285 0.856974 0.936015 0.85996 0.92885 0.867244 0.928371 0.874529 0.931716 0.879187 0.938642 0.880262 0.948315
0 0.834348 0.940744 0.829577 0.948731 0.820591 0.951838 0.814378 0.947067 0.816818 0.937305 0.825139 0.928873 0.834569 0.922438 0.843333 0.920996 0.850655 0.923438 0.853762 0.931536 0.850655 0.937083 0.839007 0.94252
0 0.879151 0.927029 0.869508 0.924779 0.863399 0.916421 0.862274 0.90742 0.870312 0.902276 0.879634 0.905652 0.885581 0.912242 0.883331 0.923493
0 0.890242 0.910313 0.887466 0.910131 0.882105 0.90736 0.882016 0.901553 0.885947 0.897175 0.892022 0.896907 0.89381 0.904145 0.893273 0.908165
0 0.874812 0.888 0.870574 0.888099 0.867224 0.885832 0.868209 0.877553 0.870673 0.876173 0.874812 0.876962 0.877474 0.879623 0.878854 0.884354
0 0.887776 0.877306 0.882657 0.876971 0.879552 0.872941 0.88056 0.867738 0.882741 0.866312 0.887441 0.867403 0.889539 0.871432 0.889875 0.875544
0 0.90657 0.847964 0.900358 0.848905 0.896242 0.844942 0.895535 0.837958 0.901459 0.834774 0.906676 0.835482 0.909771 0.838665 0.910831 0.84397
0 0.910906 0.875148 0.906131 0.872327 0.907217 0.864514 0.910798 0.863319 0.913837 0.86473 0.91579 0.870048 0.913294 0.874389
0 0.9261 0.878839 0.92241 0.876993 0.921324 0.868637 0.925015 0.86473 0.929681 0.866792 0.932503 0.871893 0.929464 0.876233
0 0.955753 0.875176 0.95334 0.87421 0.950847 0.872199 0.949962 0.866167 0.954225 0.86504 0.957362 0.867293 0.958729 0.870912 0.958006 0.87405
0 0.959973 0.891963 0.957196 0.89149 0.95501 0.890899 0.952766 0.886527 0.954715 0.882806 0.958082 0.882924 0.960918 0.884164 0.961923 0.887118 0.96145 0.889896
1 0.969343 0.910236 0.96549 0.908888 0.960964 0.907732 0.959616 0.897139 0.963372 0.891265 0.96992 0.891457 0.975121 0.894828 0.978684 0.899258 0.979358 0.904169 0.974254 0.909369
0 0.91582 0.946815 0.91081 0.946153 0.90665 0.943128 0.905421 0.936133 0.910147 0.931879 0.916766 0.933202 0.91979 0.938591 0.919979 0.944168
0 0.86603 0.966008 0.861614 0.964595 0.857551 0.961415 0.856314 0.955409 0.857992 0.951347 0.861437 0.950109 0.8655 0.951788 0.868149 0.954261 0.869739 0.959384 0.868238 0.964418
0 0.949928 0.795437 0.945892 0.793217 0.942662 0.787466 0.945084 0.783025 0.949423 0.782723 0.953257 0.783731 0.953964 0.788575 0.955275 0.79241
0 0.966285 0.731463 0.963285 0.729606 0.963714 0.725821 0.967142 0.724893 0.96807 0.72832
0 0.972783 0.734248 0.969998 0.734034 0.968855 0.731749 0.970069 0.729106 0.973283 0.728964 0.974354 0.731605
0 0.942646 0.751564 0.938487 0.750592 0.936451 0.745459 0.940434 0.742715 0.944858 0.743866 0.946628 0.746875 0.945921 0.749353
0 0.937977 0.735222 0.934058 0.735043 0.930229 0.730769 0.930674 0.72498 0.934503 0.72213 0.93949 0.721596 0.942162 0.72498 0.943319 0.728632 0.942251 0.732282
