0 0.109612 0.0539053 0.101081 0.0537344 0.0964746 0.0423037 0.101935 0.0354795 0.110636 0.0353086 0.116777 0.0409385 0.115242 0.0491279
0 0.0649951 0.0464873 0.0606475 0.0448359 0.05604 0.0389238 0.0582998 0.030751 0.064125 0.0292725 0.0682988 0.0316201 0.0699512 0.0369238 0.0696895 0.0428359
0 0.0784014 0.0152861 0.073498 0.0151846 0.0699219 0.0132432 0.0700244 0.00496777 0.0749277 0.0013916 0.0799346 0.00220898 0.082999 0.0060918 0.0810576 0.0120166
0 0.0834092 0.0437295 0.0804883 0.0392354 0.08296 0.0309229 0.0875664 0.0294619 0.0902617 0.0337314 0.091498 0.0401348 0.0897002 0.0453027 0.0863301 0.0439541
0 0.0243633 0.0364268 0.0211377 0.036334 0.0188945 0.0357266 0.0170244 0.0325947 0.0173057 0.0282012 0.0190811 0.0248828 0.0228672 0.0229658 0.0274482 0.0229658 0.0322617 0.0253496 0.0342246 0.0294629 0.0333369 0.0337627 0.0280088 0.0358662
0 0.065084 0.0778262 0.0595898 0.075374 0.0555684 0.07096 0.0544893 0.061248 0.0605713 0.0567363 0.0673398 0.0552646 0.0725391 0.0566377 0.076168 0.0621309 0.0772471 0.0669375 0.0752852 0.0728232 0.0716563 0.075668
0 0.0519443 0.108596 0.0479033 0.109166 0.0445703 0.108622 0.0428027 0.103112 0.045251 0.0974668 0.0481074 0.0955625 0.0538213 0.0957666 0.0570186 0.097875 0.0574268 0.102908 0.0545693 0.107466
0 0.0349521 0.100887 0.0302588 0.100278 0.0263467 0.095585 0.0274766 0.0870664 0.0326055 0.0839375 0.0386895 0.083416 0.0422529 0.0874141 0.0425137 0.0934121 0.0399932 0.100626
0 0.053459 0.093791 0.0481836 0.0929473 0.0474453 0.0858779 0.0513486 0.0814473 0.0575742 0.0829238 0.0608447 0.0857725 0.0593672 0.0915752
0 0.0568223 0.131887 0.0516123 0.131201 0.0455791 0.126402 0.0481846 0.118999 0.055999 0.111184 0.0651855 0.11228 0.0690244 0.118588 0.0649111 0.128597
0 0.0863379 0.122206 0.0825977 0.120781 0.0819971 0.115874 0.0830186 0.112503 0.0872568 0.110665 0.0913936 0.111584 0.092874 0.114188 0.0929766 0.117865 0.0913428 0.120571
1 0.00202637 0.108554 0.0167754 0.108309 0.0302949 0.11175 0.0396357 0.124777 0.0443057 0.141984 0.0371777 0.149604 0.025624 0.151817 0.0140713 0.147393 0 0.147884
1 0.0572295 0.180079 0.0469121 0.184206 0.0195713 0.191428 0.00254688 0.180595 0 0.151705 0.0035791 0.146031 0.0224541 0.150926 0.035626 0.149943 0.0440791 0.142473 0.0574482 0.143849 0.0688506 0.144635 0.082415 0.13972 0.0953906 0.140899 0.100698 0.157413 0.111118 0.170979 0.116032 0.189065 0.116819 0.205186 0.117999 0.223469 0.11154 0.249648 0.0992041 0.252586 0.087749 0.242306 0.0812871 0.220276 0.0783496 0.204416 0.0695381 0.189143
0 0.000396484 0.287034 0.00649707 0.288116 0.011418 0.293233 0.0132871 0.301696 0.011418 0.309471 0.00610352 0.313898 0 0.318229
0 0.0248008 0.307699 0.020373 0.306223 0.0170264 0.296678 0.020373 0.291363 0.0264736 0.288903 0.0311973 0.293233 0.033166 0.299925 0.0303115 0.306519
0 0.0148105 0.411239 0.0094707 0.410844 0.00521875 0.404317 0.00502148 0.395418 0.0119434 0.390771 0.0177773 0.39354 0.0198535 0.401944 0.0201504 0.409262
0 0.0235293 0.434979 0.0162393 0.434168 0.0144844 0.425258 0.0188047 0.419318 0.0273096 0.419183 0.0348691 0.423638 0.0331143 0.432413 0.0274443 0.434843
0 0.102803 0.471294 0.0973828 0.466647 0.0962207 0.452902 0.0923486 0.442448 0.103384 0.438963 0.113063 0.446514 0.116936 0.456968 0.109966 0.469164
0 0.1592 0.486094 0.154912 0.486399 0.151033 0.482622 0.152156 0.475986 0.160017 0.47517 0.163079 0.480581 0.16114 0.48548
0 0.143279 0.622544 0.134798 0.621602 0.128578 0.610481 0.133102 0.593141 0.143468 0.587109 0.156097 0.590125 0.166274 0.600115 0.15817 0.617267
0 0.100333 0.615418 0.0861211 0.618604 0.0775459 0.610518 0.0817109 0.589936 0.096167 0.582585 0.109153 0.590426 0.110379 0.605862
0 0.0871016 0.665893 0.0760762 0.666382 0.0684805 0.657316 0.0660303 0.63796 0.0787705 0.631834 0.0922471 0.636979 0.0959229 0.650211
0 0.114187 0.771648 0.108191 0.769353 0.103982 0.763613 0.107299 0.751624 0.108064 0.74142 0.116865 0.737338 0.122987 0.743205 0.1249 0.752134 0.125921 0.762593 0.123242 0.770756
0 0.15503 0.749775 0.151252 0.749985 0.148628 0.746941 0.147159 0.740016 0.153246 0.735922 0.158808 0.737706 0.160802 0.743479 0.159333 0.747781
0 0.190445 0.673162 0.186663 0.672611 0.184257 0.668485 0.184325 0.662915 0.187282 0.658583 0.189689 0.658239 0.194641 0.659958 0.196359 0.663396 0.196566 0.668417 0.193953 0.672337
0 0.199042 0.668761 0.196291 0.666423 0.19526 0.662159 0.195397 0.657139 0.199248 0.653976 0.203168 0.654182 0.206193 0.657001 0.207569 0.661746 0.206675 0.666079 0.20248 0.667866
0 0.248103 0.702186 0.240815 0.701214 0.236321 0.692348 0.237657 0.681781 0.243366 0.677895 0.250046 0.677409 0.25709 0.681053 0.25952 0.688947 0.25952 0.695384 0.255754 0.699271
0 0.239706 0.739104 0.236829 0.737904 0.236988 0.733187 0.240266 0.731189 0.242904 0.732469 0.244183 0.735426 0.242664 0.736865
0 0.252112 0.751993 0.249888 0.751071 0.249616 0.747326 0.251787 0.745102 0.253795 0.745753 0.254283 0.748684 0.253307 0.751233
0 0.236798 0.773979 0.232493 0.768846 0.230175 0.760401 0.233983 0.749804 0.239447 0.746657 0.24425 0.74997 0.250045 0.753777 0.250045 0.753777 0.254351 0.766362 0.253191 0.772323 0.244084 0.773813
0 0.2013 0.764624 0.193615 0.764123 0.187769 0.756438 0.189606 0.745412 0.198627 0.738229 0.20531 0.739064 0.211992 0.746916 0.211992 0.756605 0.206813 0.760615
0 0.220883 0.625063 0.215665 0.624339 0.211317 0.618687 0.213057 0.610571 0.219288 0.606224 0.225665 0.607817 0.229578 0.614629 0.228273 0.621005
0 0.316076 0.494909 0.310426 0.494657 0.307789 0.485742 0.31231 0.479716 0.320722 0.480218 0.324865 0.487249 0.32135 0.493276
0 0.318588 0.521528 0.313941 0.519896 0.310175 0.514873 0.311305 0.505456 0.318085 0.500811 0.324112 0.504451 0.327503 0.511106 0.326498 0.518515
0 0.343574 0.510479 0.338301 0.508093 0.334157 0.502442 0.334534 0.491645 0.34257 0.48838 0.3491 0.488631 0.354373 0.492899 0.357387 0.499178 0.354499 0.506461
0 0.338507 0.554774 0.334916 0.553256 0.334363 0.547385 0.337471 0.543794 0.341753 0.543448 0.34486 0.544899 0.345827 0.548697 0.345551 0.552496 0.342857 0.553187
0 0.250536 0.554749 0.244694 0.554391 0.239568 0.54855 0.242549 0.539728 0.249701 0.535316 0.256735 0.538059 0.258881 0.545331 0.25602 0.551411
1 0.280843 0.580034 0.271861 0.578423 0.26242 0.569902 0.265184 0.553322 0.281303 0.550789 0.29535 0.55194 0.29558 0.565066 0.286369 0.574277
1 0.254839 0.507176 0.248641 0.505937 0.239787 0.503812 0.236776 0.493719 0.237308 0.483448 0.249526 0.477073 0.260682 0.477781 0.264932 0.489822 0.265108 0.502926
0 0.210187 0.517503 0.206182 0.518155 0.202828 0.514522 0.201989 0.50828 0.204412 0.500455 0.210653 0.49794 0.213914 0.500642 0.215777 0.505858 0.215963 0.514149
0 0.267395 0.599786 0.264276 0.597935 0.26603 0.590138 0.270806 0.587993 0.275289 0.589846 0.276361 0.594231 0.275095 0.598812 0.271586 0.599592
0 0.31081 0.571618 0.307055 0.570407 0.309113 0.5612 0.316262 0.557565 0.321229 0.559262 0.319774 0.565804 0.316746 0.568227
0 0.319411 0.598392 0.314565 0.596938 0.312264 0.588579 0.316504 0.583976 0.321592 0.585429 0.324136 0.589548 0.322925 0.596332
0 0.412205 0.550674 0.407538 0.547521 0.405646 0.538059 0.406781 0.529102 0.413341 0.525443 0.416116 0.530363 0.415737 0.537933 0.416368 0.545628
0 0.396655 0.694214 0.39413 0.691868 0.393138 0.686457 0.395482 0.682309 0.399812 0.682398 0.402157 0.685375 0.402066 0.690335 0.400354 0.69259
0 0.296418 0.707053 0.293197 0.704786 0.289856 0.699537 0.290453 0.691544 0.295226 0.687727 0.300832 0.688442 0.304411 0.693214 0.306439 0.697867 0.302503 0.70252
0 0.307274 0.720176 0.307752 0.727453 0.302264 0.731151 0.293913 0.730555 0.289141 0.721727 0.289261 0.711825 0.295702 0.71087 0.302622 0.713614
0 0.312047 0.727334 0.308229 0.724232 0.304889 0.714927 0.300475 0.708484 0.307633 0.701565 0.312523 0.702877 0.318131 0.708246 0.320756 0.715762 0.318012 0.723993
0 0.012749 0.911258 0.00727344 0.910231 0.000601562 0.90681 0.000772461 0.891412 0.0151436 0.882857 0.0254092 0.887477 0.0269492 0.897058 0.0236982 0.907665
0 0.0430313 0.932131 0.0365303 0.929394 0.0329365 0.920839 0.0399512 0.912969 0.0490195 0.911087 0.0541514 0.916391 0.0532959 0.927854
0 0.022501 0.945988 0.0156572 0.945305 0.00864258 0.940172 0.00830078 0.927854 0.0130908 0.924773 0.0219873 0.925801 0.0296865 0.932814 0.0259229 0.943765
0 0.0408066 0.966177 0.0348193 0.965492 0.0298574 0.957965 0.0278047 0.948555 0.0346475 0.943936 0.0411494 0.950095 0.046624 0.956938 0.0485059 0.962071
0 0.0741719 0.974771 0.0666992 0.973317 0.0594336 0.966883 0.0621328 0.954637 0.0716807 0.950484 0.0801914 0.950692 0.086626 0.955259 0.0847578 0.964185
0 0.075417 0.931388 0.0698125 0.929521 0.0689824 0.913329 0.0772852 0.907933 0.0847578 0.911254 0.0862109 0.92184 0.0841348 0.928067
0 0.248452 0.82426 0.245642 0.824579 0.243342 0.822472 0.241682 0.818895 0.241618 0.813849 0.24398 0.811103 0.248452 0.810655 0.252284 0.813401 0.253178 0.818959 0.251773 0.823046
0 0.224295 0.819778 0.221333 0.819778 0.219852 0.815851 0.220946 0.811923 0.22539 0.810441 0.228158 0.812502 0.229445 0.815657 0.227386 0.818297
0 0.26735 0.947843 0.265422 0.94778 0.263864 0.947031 0.26398 0.943917 0.267018 0.94284 0.268595 0.944378 0.26821 0.947339
0 0.260617 0.967223 0.25715 0.966999 0.255249 0.960849 0.257598 0.958725 0.262518 0.95973 0.264978 0.962861 0.263748 0.966552
0 0.180686 0.960084 0.177929 0.959533 0.173656 0.956362 0.174965 0.95147 0.179514 0.949265 0.183993 0.950505 0.18613 0.954847 0.185096 0.958706
0 0.199019 0.953807 0.19708 0.954211 0.195183 0.951949 0.195466 0.94876 0.19813 0.94763 0.201037 0.948194 0.203137 0.950294 0.201724 0.95304
0 0.175249 0.926645 0.171607 0.926574 0.169436 0.923422 0.169646 0.918029 0.172938 0.914037 0.17728 0.914807 0.179102 0.918169 0.178962 0.923353
0 0.157754 0.949946 0.152426 0.946722 0.145695 0.942796 0.145415 0.935225 0.154108 0.932841 0.161539 0.936486 0.164344 0.941814 0.16168 0.949386
0 0.047875 0.82727 0.0446982 0.826239 0.0431523 0.820314 0.0481328 0.815162 0.0522549 0.814818 0.0539727 0.818854 0.0528555 0.823921
0 0.0370557 0.820142 0.0358779 0.819962 0.034957 0.817483 0.0358779 0.815253 0.0374004 0.814757 0.0392412 0.814863 0.0400908 0.816421 0.0397012 0.818651
0 0.0268496 0.818484 0.0256533 0.818365 0.024416 0.81661 0.0250547 0.813897 0.0272881 0.8131 0.0285645 0.814097 0.0295225 0.816371 0.0290039 0.817927
0 0.305963 0.450701 0.300838 0.450391 0.293383 0.448993 0.285929 0.440918 0.293072 0.428494 0.303788 0.427873 0.313572 0.432687 0.315746 0.442005 0.31233 0.448062
0 0.309689 0.429736 0.305186 0.424456 0.30503 0.411101 0.314038 0.405976 0.321958 0.407062 0.324754 0.415138 0.319939 0.424767
0 0.312641 0.406597 0.306895 0.403335 0.305341 0.39029 0.311087 0.379886 0.320095 0.377245 0.332363 0.379886 0.334848 0.390445 0.3305 0.402403 0.323822 0.404423
0 0.265346 0.35262 0.26152 0.352371 0.257609 0.349542 0.257609 0.343136 0.263766 0.340141 0.268757 0.340973 0.272251 0.345383 0.27092 0.350457
0 0.232384 0.443025 0.228036 0.442504 0.225688 0.436417 0.229166 0.431895 0.235427 0.430765 0.240384 0.433981 0.241166 0.439634 0.237861 0.443895
0 0.203126 0.575952 0.201228 0.573536 0.198467 0.568617 0.200365 0.564907 0.203299 0.565425 0.205456 0.569998 0.205628 0.574484
0 0.0773428 0.524169 0.0720674 0.523864 0.066792 0.518791 0.0688213 0.513313 0.0746035 0.511487 0.0808936 0.51453 0.0811982 0.520313
0 0.0918506 0.521328 0.0878936 0.520313 0.0866768 0.513719 0.0913438 0.510574 0.0961113 0.511893 0.0974307 0.517676 0.094793 0.520922
0 0.072874 0.562462 0.0687598 0.561821 0.0659258 0.558804 0.0665654 0.55213 0.0727832 0.549387 0.0774463 0.55085 0.0795488 0.555146 0.0774463 0.55981
0 0.0548154 0.610784 0.0501221 0.608291 0.0455049 0.602459 0.0497578 0.591037 0.0578984 0.587636 0.0651885 0.59201 0.067375 0.599907 0.0661602 0.609263
0 0.0352295 0.691831 0.0317402 0.690395 0.0286611 0.684647 0.0303037 0.677053 0.0355381 0.675103 0.0406689 0.677053 0.0431328 0.681876 0.0425166 0.687623
0 0.367232 0.486032 0.362017 0.485101 0.358291 0.473365 0.364065 0.467963 0.371703 0.470012 0.374498 0.479513
0 0.312159 0.901491 0.308937 0.900272 0.305194 0.89592 0.306762 0.891479 0.312246 0.890783 0.317469 0.893743 0.317208 0.898531
0 0.350312 0.835075 0.343988 0.836073 0.338331 0.831747 0.332008 0.820599 0.333839 0.806954 0.34482 0.800132 0.3573 0.798801 0.365121 0.805789 0.368448 0.817937 0.364289 0.827421
0 0.377267 0.89391 0.371071 0.894022 0.366341 0.889405 0.366679 0.880281 0.372085 0.875551 0.379856 0.876001 0.388191 0.879718 0.390219 0.887152 0.386164 0.892559
0 0.383702 0.986344 0.380524 0.986079 0.379067 0.982106 0.380656 0.977339 0.384232 0.976146 0.387609 0.978332 0.388734 0.982769 0.386814 0.985814
0 0.365071 0.96944 0.363445 0.96933 0.362082 0.96801 0.362721 0.965794 0.364425 0.964261 0.36745 0.964729 0.367748 0.967157 0.367023 0.969075
0 0.384915 0.962904 0.381862 0.962449 0.379005 0.958877 0.381147 0.9542 0.38589 0.953875 0.389202 0.957058 0.388163 0.961734
0 0.304002 0.999672 0.304722 0.993911 0.309969 0.990311 0.316141 0.990414 0.320255 0.99422 0.32293 0.999569 0.304825 1
0 0.454012 0.983866 0.449188 0.98252 0.447955 0.976688 0.446608 0.966929 0.450646 0.962555 0.457825 0.962667 0.462199 0.966032 0.463097 0.973435 0.460181 0.982184
0 0.448246 0.915558 0.443196 0.911095 0.443104 0.904311 0.447751 0.901986 0.452119 0.906819 0.454908 0.910909 0.452956 0.915649
0 0.469035 0.92764 0.464481 0.927268 0.460764 0.924572 0.459184 0.91881 0.460764 0.912861 0.466619 0.913604 0.47108 0.918624 0.473218 0.9242
0 0.484278 0.93489 0.480189 0.932937 0.478888 0.925315 0.482791 0.921691 0.487346 0.924294 0.489763 0.929685 0.48809 0.934518
0 0.504883 0.932164 0.501452 0.931021 0.498021 0.927589 0.498357 0.921467 0.502663 0.918776 0.506026 0.920593 0.508112 0.923889 0.508247 0.929877
0 0.486998 0.956032 0.485195 0.955442 0.484409 0.953509 0.484966 0.950789 0.487752 0.949904 0.490603 0.950363 0.491225 0.952919 0.490405 0.954492 0.489357 0.955606
0 0.497952 0.956373 0.496069 0.956555 0.494693 0.955758 0.494982 0.952027 0.496866 0.950289 0.499184 0.950543 0.500523 0.951847 0.500451 0.954635
0 0.538316 0.955776 0.536393 0.955239 0.535374 0.953372 0.535629 0.950967 0.53727 0.949553 0.539504 0.949723 0.541202 0.950826 0.541371 0.953287 0.540184 0.954984
0 0.538994 0.96527 0.536913 0.964776 0.536037 0.961655 0.538118 0.959958 0.54091 0.959685 0.541622 0.962531 0.540472 0.96494
0 0.527495 0.970545 0.524993 0.969116 0.524922 0.96497 0.527638 0.963326 0.53064 0.964827 0.531354 0.967615
0 0.538749 0.977449 0.535684 0.977147 0.535332 0.973932 0.537644 0.972122 0.540759 0.972374 0.541061 0.974786 0.540759 0.976645
0 0.522923 0.919286 0.515201 0.919673 0.507672 0.912144 0.509409 0.898244 0.519255 0.893032 0.530451 0.895349 0.533927 0.905387 0.531803 0.913881
0 0.530599 0.889365 0.526808 0.888418 0.525714 0.883533 0.52812 0.880398 0.532202 0.882294 0.532202 0.887105
0 0.532276 0.868935 0.529173 0.867383 0.52969 0.863171 0.533755 0.86088 0.536858 0.862802 0.538114 0.865313 0.536267 0.86864
0 0.586869 0.979758 0.579853 0.97695 0.577747 0.968108 0.583221 0.958284 0.593606 0.953653 0.601325 0.958565 0.601605 0.967126 0.599641 0.976529 0.594167 0.981582
0 0.653773 0.989238 0.646525 0.990293 0.641253 0.989106 0.639013 0.983044 0.641121 0.975136 0.650742 0.974345 0.658123 0.976322 0.661813 0.981067 0.65931 0.98568
0 0.668674 1 0.669896 0.987782 0.67628 0.978817 0.686196 0.978682 0.692988 0.985338 0.698693 0.994574 0.699372 1
0 0.700187 0.992944 0.696384 0.986968 0.692173 0.979769 0.687555 0.97026 0.69489 0.960479 0.704127 0.960344 0.707794 0.966729 0.711462 0.973112 0.713363 0.9833 0.709968 0.99308 0.705621 0.998514
0 0.685112 0.964211 0.680657 0.959421 0.678764 0.948395 0.68333 0.946056 0.690014 0.950288 0.69057 0.957416 0.688009 0.964545
0 0.696017 0.943129 0.688647 0.94463 0.684281 0.939309 0.6851 0.928664 0.691923 0.919249 0.700656 0.923615 0.704613 0.930984 0.703249 0.940673
0 0.675411 0.941901 0.668315 0.93999 0.66313 0.932485 0.662447 0.92266 0.667633 0.917611 0.675685 0.917339 0.680323 0.922251 0.681279 0.932212 0.681279 0.940536
0 0.690715 0.914627 0.680138 0.914803 0.674849 0.911101 0.667444 0.902815 0.676788 0.896292 0.687895 0.900171 0.698648 0.905813 0.697062 0.913393
0 0.69564 0.905453 0.689614 0.90198 0.685428 0.896772 0.684917 0.890747 0.687572 0.883292 0.694006 0.880943 0.699316 0.883189 0.70238 0.888908 0.704831 0.895648 0.702993 0.903818
0 0.746642 0.821852 0.73868 0.818789 0.733289 0.811316 0.737822 0.796617 0.745662 0.790614 0.758524 0.792574 0.765385 0.798454 0.766487 0.805682 0.764282 0.813399 0.759505 0.816707
0 0.84547 0.825869 0.83455 0.824413 0.824904 0.819681 0.817989 0.811491 0.817442 0.796932 0.828908 0.788742 0.845105 0.783101 0.864396 0.783101 0.88023 0.789471 0.88296 0.802937 0.871677 0.817315 0.857299 0.821319
0 0.927312 0.853727 0.912929 0.843238 0.900343 0.839343 0.892252 0.822561 0.886258 0.803981 0.906636 0.786002 0.92012 0.7875 0.936902 0.792295 0.947091 0.807577 0.951286 0.819864 0.951586 0.836346 0.945892 0.851029
0 0.931694 0.888774 0.923032 0.886495 0.916041 0.876616 0.918929 0.862178 0.930631 0.856099 0.941877 0.859595 0.94978 0.868257 0.947805 0.880416 0.943549 0.886646
0 0.936971 0.970856 0.92668 0.968481 0.920149 0.951463 0.922326 0.930882 0.934002 0.927319 0.943501 0.928902 0.950229 0.936423 0.952208 0.950869 0.951614 0.964722
0 0.925889 1 0.922326 0.988073 0.92945 0.976199 0.946865 0.976002 0.94924 0.989656 0.94825 0.999947
0 0.722411 0.34758 0.712574 0.342502 0.704641 0.332665 0.709719 0.31299 0.727807 0.307913 0.742086 0.315529 0.747798 0.328223 0.743673 0.339964
0 0.714479 0.40946 0.700516 0.39867 0.702737 0.376457 0.716382 0.365668 0.736057 0.364398 0.744942 0.378679 0.738278 0.396449 0.727489 0.405017
0 0.727172 0.463724 0.713209 0.454521 0.703688 0.435799 0.712257 0.417393 0.72622 0.414537 0.736057 0.423423 0.742721 0.438972 0.738596 0.457694
0 0.759382 0.499779 0.751601 0.495789 0.748009 0.486012 0.751002 0.474239 0.763572 0.471845 0.768561 0.479228 0.767763 0.489403 0.766765 0.495988
0 0.783126 0.497385 0.774945 0.492597 0.773549 0.476634 0.784922 0.46985 0.795697 0.472643 0.799887 0.481023 0.7945 0.491199
0 0.593401 0.830835 0.589267 0.829854 0.586394 0.825368 0.587095 0.818361 0.592561 0.814437 0.598237 0.816609 0.600409 0.822775 0.598798 0.829503
0 0.589674 0.884685 0.586984 0.884983 0.584817 0.880874 0.587358 0.87542 0.592065 0.876167 0.594531 0.8808 0.593187 0.88334
1 0.899395 0.520679 0.881552 0.510767 0.885913 0.481029 0.897809 0.466756 0.906928 0.445741 0.927148 0.446931 0.938647 0.464773 0.912082 0.506405
0 0.910694 0.30534 0.900392 0.302485 0.894718 0.292481 0.896062 0.280088 0.904722 0.272921 0.919505 0.270681 0.926373 0.27949 0.927866 0.291585 0.91831 0.302187
0 0.929456 0.691602 0.919438 0.689415 0.910875 0.67885 0.913608 0.66373 0.927452 0.65863 0.938564 0.665369 0.941115 0.680854
0 0.92357 0.657376 0.921232 0.656055 0.920826 0.65265 0.923977 0.650974 0.929107 0.650872 0.929921 0.653464 0.929312 0.655801 0.926669 0.656563
0 0.925482 0.649478 0.922604 0.647869 0.92489 0.643128 0.930394 0.640588 0.933187 0.642789 0.930647 0.648377 0.92743 0.648885
0 0.918424 0.634742 0.914521 0.634223 0.910227 0.630059 0.910227 0.624334 0.914521 0.619846 0.922262 0.619846 0.925904 0.623618 0.925059 0.629343 0.923042 0.633441
0 0.984199 0.625761 0.972504 0.621526 0.968874 0.607209 0.980973 0.595514 0.995693 0.600757 0.996903 0.614065 0.99166 0.620922
0 0.930049 0.602225 0.919872 0.597348 0.913935 0.579962 0.9186 0.557274 0.931745 0.543705 0.948071 0.551974 0.951252 0.573601 0.9468 0.591835
0 0.822445 0.216418 0.813877 0.213562 0.809058 0.199816 0.814056 0.188749 0.827801 0.186428 0.837619 0.192497 0.83637 0.211599
0 0.772948 0.18632 0.76426 0.182814 0.75984 0.171534 0.766395 0.162084 0.77554 0.161475 0.784533 0.166047 0.783313 0.175955 0.779198 0.182052
0 0.812 0.1598 0.804319 0.160323 0.797686 0.157355 0.793321 0.144612 0.798907 0.132219 0.813396 0.129774 0.821426 0.13728 0.823521 0.150722 0.818459 0.157007
0 0.813263 0.18347 0.807321 0.197618 0.792891 0.20073 0.785533 0.187432 0.793173 0.171021 0.814395 0.157155 0.83024 0.162531 0.834768 0.178094 0.822317 0.182056
0 0.708753 0.285626 0.701847 0.284431 0.695737 0.277923 0.695737 0.267298 0.704901 0.262783 0.714994 0.262518 0.718314 0.271017 0.716588 0.282173
0 0.707341 0.248445 0.701919 0.247177 0.696959 0.238641 0.697882 0.226527 0.70861 0.22249 0.712532 0.229065 0.714263 0.238294 0.712417 0.24337
0 0.704749 0.212791 0.699607 0.21224 0.695385 0.208109 0.69309 0.198653 0.696027 0.189565 0.70631 0.188831 0.712185 0.193421 0.712735 0.202602 0.711083 0.208568
0 0.806442 0.481685 0.804886 0.48136 0.802811 0.47935 0.802421 0.474291 0.807155 0.471892 0.811047 0.47468 0.812409 0.480322 0.809555 0.481555
0 0.840265 0.477521 0.837133 0.476567 0.834545 0.473231 0.83686 0.46758 0.842443 0.467376 0.845303 0.47112 0.844962 0.475342
0 0.903922 0.076251 0.895549 0.0760771 0.888572 0.068751 0.892758 0.0547959 0.904445 0.053749 0.912993 0.06125 0.908632 0.0724141
0 0.897119 0.0549707 0.889095 0.0534004 0.88456 0.0403184 0.889095 0.0254912 0.896944 0.0240957 0.905365 0.0238252 0.910289 0.0301377 0.914455 0.037082 0.913192 0.0441523 0.910036 0.0503389 0.905996 0.0513486
0 0.900249 0.0226562 0.893597 0.0214678 0.88742 0.016835 0.883737 0.00935156 0.883262 0 0.907021 0 0.907971 0.00887598 0.90512 0.0163604
1 0.817746 0.233244 0.812496 0.231813 0.807245 0.228949 0.800277 0.225703 0.797413 0.219308 0.802473 0.214916 0.810682 0.215967 0.817173 0.21864 0.823092 0.222362 0.825097 0.227422 0.822042 0.232099
0 0.921866 0.436922 0.910396 0.433826 0.908212 0.415984 0.918589 0.406699 0.927692 0.412343 0.931516 0.418715 0.930241 0.429639 0.929514 0.43328
0 0.922251 0.14155 0.914618 0.13692 0.913242 0.125909 0.917496 0.114021 0.924754 0.117149 0.927632 0.132165 0.926005 0.140675
0 0.866856 0.109511 0.85752 0.0984531 0.85973 0.0787969 0.869068 0.0728994 0.880455 0.0723203 0.89118 0.0802637 0.889987 0.0945625 0.883435 0.101513 0.877079 0.103697
0 0.877481 0.122375 0.872587 0.119488 0.869825 0.113965 0.874218 0.110074 0.882879 0.110576 0.88426 0.115974 0.88184 0.120021
0 0.749636 0.220574 0.744884 0.218764 0.741828 0.211862 0.747033 0.206205 0.754953 0.207676 0.758235 0.213106 0.755066 0.217972
0 0.810934 0.0536113 0.802201 0.0514277 0.798319 0.0332344 0.804384 0.0101895 0.810206 0 0.833009 0 0.838346 0.0167393 0.835192 0.0363877 0.820637 0.053126
0 0.803171 0 0.802718 0.00645215 0.797729 0.0113262 0.787188 0.0107598 0.782086 0
0 0.77109 0.0277637 0.765989 0.0265166 0.759867 0.0228896 0.758733 0.0125732 0.767122 0.00656543 0.776984 0.0073584 0.781179 0.0131406 0.781859 0.019375 0.779818 0.0233428
0 0.726536 0.0611035 0.70769 0.0529736 0.695865 0.0267383 0.711386 0.00382812 0.735404 0.00308887 0.747968 0.0226729 0.745381 0.0444746 0.736513 0.0551914
0 0.742313 0.0867197 0.736189 0.084168 0.731087 0.0766426 0.732362 0.0693711 0.739889 0.0603145 0.748308 0.0615898 0.753027 0.0693711 0.753538 0.0784277 0.750604 0.0807236
0 0.741292 0.110956 0.73568 0.111083 0.728536 0.107895 0.72675 0.0976895 0.733256 0.0900361 0.745374 0.0899082 0.748308 0.0984551 0.745119 0.106746
0 0.704314 0.0705488 0.700213 0.0702139 0.696111 0.0682051 0.692428 0.0645215 0.693517 0.0589131 0.699124 0.0579922 0.703812 0.0620938 0.705402 0.0680371
0 0.704458 0.115324 0.699131 0.116655 0.692674 0.116226 0.691108 0.106572 0.692674 0.098875 0.703241 0.0973096 0.710808 0.0995273 0.709111 0.107354
0 0.700396 0.150995 0.696293 0.150995 0.691218 0.146136 0.692622 0.136851 0.698561 0.1321 0.70709 0.134475 0.70763 0.140306 0.704606 0.145813
0 0.728489 0.137206 0.717861 0.133601 0.714635 0.118038 0.71938 0.113862 0.731764 0.113303 0.737264 0.120637 0.73938 0.131073 0.736559 0.134882
0 0.723724 0.166052 0.71639 0.164642 0.709056 0.16041 0.705812 0.151384 0.711453 0.142921 0.718506 0.139113 0.72852 0.140523 0.732327 0.148704 0.729647 0.159141
0 0.939592 0.142856 0.936942 0.143013 0.934604 0.141298 0.933824 0.135219 0.937409 0.131712 0.941696 0.133815 0.943333 0.138181
0 0.289199 0.130832 0.283944 0.13371 0.277563 0.133334 0.27256 0.128079 0.276438 0.118195 0.288198 0.117069 0.292077 0.123575
0 0.302712 0.131332 0.297582 0.130081 0.293703 0.124076 0.299959 0.115943 0.310719 0.118696 0.309093 0.128705
0 0.396817 0.0403604 0.392059 0.0391035 0.38703 0.0355117 0.39116 0.0293154 0.399512 0.028957 0.401308 0.0348828 0.39987 0.0398213
0 0.395147 0.116852 0.390629 0.116099 0.386017 0.111204 0.388088 0.102262 0.396371 0.103297 0.399383 0.10998 0.397783 0.115346
0 0.391928 0.167499 0.389276 0.169995 0.385298 0.172726 0.381632 0.171711 0.378356 0.166563 0.37898 0.160089 0.388886 0.156579 0.396296 0.156891 0.401444 0.158919 0.399729 0.163755 0.394658 0.166485
0 0.25737 0.154624 0.261998 0.15316 0.268149 0.153746 0.270141 0.159135 0.270551 0.165638 0.265806 0.168509 0.259655 0.169036 0.254909 0.166692 0.25327 0.159018
0 0.264257 0.221499 0.260604 0.221134 0.25666 0.216897 0.258121 0.210323 0.265863 0.207767 0.271854 0.209228 0.271561 0.215363 0.269077 0.220915
0 0.278507 0.225798 0.276161 0.225591 0.275051 0.222033 0.277265 0.220172 0.280031 0.220474 0.281289 0.223945
0 0.27383 0.276609 0.268364 0.274527 0.260425 0.270623 0.261467 0.262944 0.269926 0.260862 0.275782 0.264767 0.276692 0.270492
0 0.261675 0.235383 0.259072 0.234651 0.257702 0.230816 0.259482 0.226661 0.26446 0.22689 0.265008 0.230542 0.264231 0.235474
0 0.311854 0.233488 0.308948 0.233582 0.304939 0.231396 0.302995 0.227265 0.305547 0.222647 0.310225 0.221433 0.315388 0.221979 0.316542 0.226596 0.31557 0.230484
0 0.319019 0.254452 0.312731 0.255419 0.307489 0.252849 0.30663 0.244727 0.314205 0.23762 0.322952 0.240197 0.324904 0.247929
0 0.33895 0.26138 0.334824 0.260069 0.330632 0.25614 0.329912 0.249852 0.334432 0.24245 0.342685 0.24245 0.346221 0.249328 0.344256 0.25876
0 0.334708 0.229662 0.328558 0.231123 0.32456 0.228894 0.320716 0.22182 0.324021 0.214132 0.332709 0.211825 0.339091 0.215054 0.340705 0.224818
0 0.538877 0.842289 0.531355 0.838198 0.525549 0.828434 0.529904 0.819725 0.537293 0.821704 0.54112 0.832788 0.541384 0.839387
0 0.425115 0.843421 0.420365 0.844387 0.415214 0.84012 0.417548 0.831668 0.425195 0.824584 0.43397 0.824102 0.43566 0.829414 0.433809 0.837384
0 0.420789 0.869349 0.415388 0.868834 0.41213 0.863775 0.412044 0.85503 0.419503 0.847057 0.428249 0.845599 0.431507 0.851344 0.430393 0.856573 0.424733 0.864548
0 0.437505 0.887229 0.430484 0.889603 0.426728 0.887328 0.423662 0.87843 0.427716 0.869036 0.437109 0.865773 0.441855 0.869333 0.44403 0.875858 0.440966 0.883076
0 0.48043 0.95676 0.478649 0.956458 0.477609 0.954843 0.478157 0.953009 0.48021 0.95279 0.481224 0.954104 0.481306 0.955938
0 0.316838 0.940252 0.314273 0.939217 0.313235 0.936259 0.313812 0.933224 0.31581 0.932493 0.317615 0.933838 0.317961 0.936835 0.317309 0.939255
0 0.316795 0.949294 0.315185 0.948313 0.314063 0.946248 0.315114 0.943446 0.317425 0.943657 0.318195 0.945933 0.317705 0.948384
0 0.713664 0.483346 0.710541 0.483017 0.70487 0.479071 0.707254 0.472661 0.713254 0.47151 0.715719 0.475209 0.715966 0.480305
0 0.712781 0.532538 0.708508 0.531287 0.706423 0.523678 0.707778 0.520863 0.712822 0.518714 0.715718 0.522225 0.717134 0.528138 0.714547 0.531402
0 0.574506 0.0424814 0.569269 0.0415371 0.56446 0.0393047 0.564804 0.031748 0.572102 0.0296875 0.577168 0.0320918 0.578628 0.0392187
0 0.558308 0.0402793 0.556343 0.039665 0.555196 0.0377822 0.55622 0.034957 0.559209 0.0346699 0.560806 0.037168 0.560068 0.0392148
0 0.55916 0.0598701 0.554478 0.058874 0.553571 0.0540049 0.554505 0.0489531 0.560984 0.046043 0.563346 0.0512598 0.562741 0.057958
0 0.555756 0.0808457 0.550419 0.0813682 0.547804 0.0758232 0.552303 0.0697539 0.558686 0.0697539 0.55994 0.0748809 0.558686 0.0790664
0 0.554672 0.101903 0.55051 0.100154 0.549427 0.0940781 0.55334 0.089166 0.557585 0.090498 0.558751 0.0959092 0.557252 0.0997383
0 0.453884 0.0613379 0.448899 0.0609941 0.444947 0.0572139 0.446838 0.0511123 0.454228 0.0488779 0.457579 0.0517998 0.459556 0.0555811 0.456806 0.0594473
0 0.462647 0.0919375 0.458667 0.0924053 0.455623 0.091001 0.451642 0.0880146 0.450354 0.0822783 0.455623 0.078707 0.462296 0.0785312 0.466336 0.0809902 0.467565 0.0845615 0.467097 0.0878398
0 0.466257 0.0717803 0.460705 0.0751309 0.452761 0.0783848 0.447018 0.0766621 0.444624 0.0691006 0.454771 0.0635488 0.46664 0.0587627 0.475062 0.0593369 0.47267 0.0672822
0 0.396969 0.29874 0.389709 0.299268 0.382715 0.295045 0.38641 0.28607 0.396572 0.283166 0.403831 0.277623 0.408847 0.281318 0.406207 0.29478
0 0.372113 0.294466 0.369619 0.293496 0.368233 0.290217 0.37045 0.287307 0.374423 0.287445 0.376039 0.291834
0 0.361648 0.298335 0.357758 0.296906 0.356567 0.291111 0.361489 0.287697 0.365617 0.289047 0.367205 0.292857 0.365776 0.296827
0 0.330275 0.300264 0.328535 0.298985 0.328108 0.296001 0.330062 0.293586 0.33269 0.294581 0.333543 0.297352 0.33269 0.299518
0 0.545105 0.130528 0.543027 0.130173 0.540393 0.128247 0.540038 0.124092 0.544346 0.121558 0.547791 0.12323 0.547589 0.127335
0 0.519175 0.152229 0.515439 0.150037 0.513815 0.143947 0.517063 0.138669 0.521205 0.138182 0.522729 0.14387 0.523014 0.14922
0 0.514998 0.104692 0.512157 0.103796 0.510961 0.0999072 0.512955 0.0970664 0.516494 0.096668 0.518537 0.0990605 0.519036 0.10255 0.51754 0.103945
0 0.566584 0.162873 0.55877 0.16193 0.551494 0.155598 0.556479 0.144415 0.567931 0.143741 0.570356 0.156137
0 0.610899 0.133217 0.607185 0.132869 0.604573 0.129968 0.602949 0.12457 0.607417 0.120334 0.614091 0.120276 0.615542 0.124628 0.614148 0.130199
0 0.660363 0.129149 0.657853 0.131147 0.654472 0.130225 0.651756 0.12669 0.652115 0.121874 0.65524 0.120235 0.659134 0.120133 0.659851 0.125973
0 0.665455 0.204937 0.661593 0.204674 0.658169 0.199495 0.659749 0.19414 0.664929 0.194403 0.666684 0.195983
0 0.660704 0.22111 0.657382 0.220233 0.656881 0.215219 0.66014 0.21102 0.663524 0.211709 0.664339 0.215532 0.662584 0.219544
0 0.649115 0.172054 0.644463 0.172054 0.639812 0.169159 0.64405 0.163681 0.653146 0.16244 0.659865 0.16337 0.656867 0.169572 0.653043 0.170296
0 0.609753 0.1761 0.606162 0.17632 0.603124 0.172509 0.605499 0.166599 0.610968 0.164941 0.615497 0.167759 0.615607 0.17389
0 0.592263 0.182147 0.588694 0.18044 0.586839 0.175704 0.589091 0.172573 0.593266 0.172848 0.596012 0.176583 0.594474 0.180153
0 0.588474 0.240267 0.584079 0.240462 0.580367 0.235285 0.584274 0.229229 0.59111 0.228155 0.590329 0.235676
0 0.597913 0.276267 0.595168 0.275908 0.593736 0.272508 0.593915 0.267376 0.598688 0.265108 0.602328 0.267495 0.603522 0.272687 0.601971 0.275252
0 0.570848 0.279306 0.566519 0.278825 0.562351 0.275778 0.559705 0.268403 0.561309 0.260228 0.568282 0.257021 0.57245 0.259986 0.574615 0.270327 0.573573 0.277782
0 0.570235 0.249026 0.566999 0.24815 0.563696 0.244577 0.562078 0.239925 0.565044 0.236419 0.56909 0.235543 0.571786 0.238711 0.571921 0.242217 0.571988 0.24815
0 0.51329 0.25445 0.51088 0.254098 0.508411 0.252275 0.509117 0.248043 0.512644 0.246868 0.514995 0.248808 0.51617 0.252334
0 0.507483 0.261942 0.505072 0.263258 0.502771 0.262271 0.502441 0.257723 0.506168 0.254215 0.510114 0.254324 0.510388 0.257503 0.50962 0.260463
0 0.470495 0.259985 0.464663 0.257069 0.462935 0.250805 0.466175 0.244001 0.474384 0.242704 0.478704 0.248645 0.478271 0.256637
0 0.371233 0.220849 0.362293 0.21963 0.356093 0.216262 0.352007 0.209421 0.357423 0.200585 0.37101 0.199729 0.379181 0.20467 0.376521 0.216452
0 0.403989 0.215578 0.398293 0.213033 0.395385 0.204913 0.397688 0.198854 0.403868 0.199218 0.407625 0.210973
0 0.603107 0.689606 0.593303 0.689467 0.58686 0.683163 0.582518 0.673779 0.589241 0.664255 0.597646 0.664675 0.605489 0.670978 0.60801 0.681763
0 0.626451 0.674681 0.621849 0.674681 0.615837 0.670924 0.613301 0.662657 0.615556 0.6589 0.621661 0.654955 0.629833 0.655612 0.632182 0.662376 0.63096 0.669233
0 0.648642 0.684457 0.645444 0.684377 0.642967 0.683019 0.641288 0.677983 0.643926 0.673907 0.651039 0.672947 0.653117 0.676465 0.651918 0.68206
0 0.668745 0.678908 0.665774 0.677338 0.663352 0.674708 0.664806 0.669862 0.669166 0.669102 0.672973 0.670485 0.672004 0.675054 0.671796 0.677407
0 0.674054 0.6947 0.671342 0.694212 0.669118 0.692748 0.66722 0.689168 0.669443 0.686022 0.674324 0.684124 0.677036 0.687812 0.676819 0.691446 0.675572 0.694104
0 0.672715 0.730924 0.670666 0.731913 0.667699 0.731913 0.66445 0.72711 0.66551 0.721601 0.669606 0.720259 0.672785 0.72372 0.672927 0.729158
0 0.672079 0.722095 0.6689 0.722307 0.666005 0.719905 0.666781 0.713619 0.671302 0.712913 0.673139 0.718281
0 0.672396 0.749444 0.668536 0.746261 0.667571 0.738927 0.672492 0.736805 0.676136 0.737248 0.678104 0.742448 0.676347 0.746735
0 0.653472 0.752944 0.650059 0.751681 0.647215 0.747067 0.648731 0.741126 0.656379 0.739167 0.660107 0.743022 0.659918 0.74751 0.656505 0.751111
0 0.603591 0.761401 0.59587 0.75507 0.590929 0.743799 0.598187 0.729437 0.605135 0.725114 0.613628 0.732989 0.618414 0.75013 0.612855 0.757695
0 0.559766 0.666329 0.552505 0.663848 0.547267 0.655117 0.548554 0.644456 0.558387 0.642067 0.564269 0.6451 0.568221 0.653923 0.566475 0.661091
1 0.570312 0.555664 0.564453 0.552734 0.556641 0.547852 0.553711 0.541016 0.553711 0.52832 0.556641 0.524414 0.556641 0.516602 0.557617 0.511719 0.555664 0.478516 0.560547 0.474609 0.557617 0.46875 0.553711 0.46582 0.547852 0.46582 0.541016 0.46875 0.536133 0.462891 0.539062 0.456055 0.550781 0.454102 0.55957 0.453125 0.563477 0.457031 0.56543 0.452148 0.563477 0.44043 0.566406 0.427734 0.578125 0.426758 0.579102 0.435547 0.580078 0.444336 0.576172 0.450195 0.584961 0.452148 0.592773 0.464844 0.591797 0.475586 0.585938 0.483398 0.581055 0.481445 0.582031 0.491211 0.584961 0.498047 0.580078 0.505859 0.592773 0.511719 0.59082 0.516602 0.582031 0.523438 0.577148 0.542969 0.575195 0.554688
