0 0.775587 0.979259 0.771972 0.980029 0.767586 0.976948 0.767526 0.969895 0.772268 0.967762 0.776357 0.969421 0.78015 0.972621 0.779498 0.977007
0 0.798975 0.943962 0.793785 0.94204 0.787316 0.938261 0.784626 0.933265 0.785138 0.927052 0.788789 0.923208 0.797564 0.920005 0.802562 0.920197 0.807365 0.921863 0.812618 0.926795 0.814348 0.933393 0.809992 0.940247 0.806917 0.941784
0 0.837278 0.923673 0.833172 0.922203 0.826471 0.915589 0.826729 0.908585 0.82941 0.907245 0.832955 0.905904 0.841818 0.90677 0.844585 0.910012 0.845925 0.914767 0.845319 0.918874
0 0.895602 0.973184 0.887618 0.971187 0.880504 0.961311 0.8803 0.951944 0.887157 0.94739 0.897188 0.94611 0.906093 0.95 0.909419 0.959212 0.909215 0.964073 0.905069 0.967963
0 0.879155 0.890585 0.871766 0.888376 0.867263 0.883024 0.865395 0.877078 0.869047 0.872236 0.873294 0.871217 0.880005 0.872151 0.885018 0.875889 0.886461 0.883279 0.885951 0.886253
0 0.818799 0.871546 0.813042 0.873265 0.806855 0.871546 0.80273 0.866047 0.804965 0.860977 0.811925 0.85754 0.817338 0.859001 0.820774 0.865617
0 0.817538 0.854673 0.813112 0.854234 0.809913 0.849063 0.811534 0.843718 0.815128 0.841482 0.820342 0.842622 0.822621 0.846829 0.822489 0.851211
0 0.751841 0.890294 0.747062 0.892177 0.741268 0.888628 0.741774 0.882038 0.744164 0.878851 0.752203 0.878924 0.755462 0.882399 0.757056 0.885731
0 0.845829 0.786889 0.837188 0.786245 0.833189 0.777462 0.835117 0.766036 0.84033 0.763108 0.845258 0.763395 0.849114 0.76975 0.849399 0.776319 0.849757 0.781247
0 0.854612 0.807954 0.849114 0.807883 0.843829 0.80367 0.843544 0.795314 0.846614 0.791173 0.854755 0.792173 0.85854 0.795957 0.858754 0.801456
1 0.997716 0.808802 0.985807 0.820048 0.971748 0.819552 0.960336 0.796893 0.964967 0.781015 0.970922 0.750582 0.975057 0.739831 0.980349 0.722961 0.989244 0.710197 1 0.710413 1 0.719892
1 0.722666 0.871382 0.710961 0.860771 0.704068 0.850925 0.708335 0.835719 0.714789 0.831452 0.728683 0.831343 0.741373 0.834297 0.751984 0.834844 0.764346 0.834187 0.793337 0.83212 0.802196 0.833443 0.805761 0.840877 0.802502 0.848209 0.79965 0.853708 0.79242 0.860124 0.784579 0.865929 0.77572 0.868983 0.762786 0.867863 0.758103 0.871122 0.751178 0.877232 0.747512 0.877028 0.738754 0.867354 0.734171 0.868983
0 0.817927 0.819151 0.812558 0.821156 0.805973 0.818293 0.802608 0.81049 0.807333 0.802831 0.81084 0.801829 0.818785 0.802688 0.822937 0.807914 0.825084 0.814355
0 0.828162 0.841556 0.822508 0.842916 0.815493 0.84263 0.805758 0.831821 0.811842 0.822373 0.818929 0.818579 0.83618 0.816646 0.841834 0.819438 0.843337 0.825093 0.842908 0.832107 0.840903 0.836402
0 0.837472 0.856784 0.833972 0.85988 0.829755 0.860419 0.82612 0.85822 0.822396 0.853104 0.822665 0.848528 0.82594 0.843862 0.831953 0.840317 0.835856 0.840183 0.839491 0.844355 0.840657 0.850054 0.840567 0.855394
0 0.841331 0.868809 0.837158 0.869886 0.833344 0.869033 0.830428 0.860957 0.833075 0.858714 0.835677 0.855797 0.841555 0.855662 0.842722 0.857009 0.843978 0.860643 0.843619 0.862932
0 0.69026 0.756454 0.686051 0.75583 0.68205 0.750582 0.68444 0.745646 0.688077 0.742736 0.693481 0.745646 0.694832 0.749699
0 0.681275 0.732287 0.678815 0.732129 0.676235 0.730343 0.676514 0.725778 0.679093 0.724786 0.6833 0.725263 0.684729 0.727525 0.684688 0.729747
0 0.691832 0.719293 0.687452 0.718797 0.683524 0.712115 0.68524 0.709857 0.690116 0.707284 0.693321 0.709948 0.694992 0.711573 0.695896 0.71347
0 0.659744 0.705631 0.654444 0.706543 0.648289 0.704491 0.644698 0.69919 0.646408 0.693149 0.651766 0.6903 0.659858 0.690642 0.665729 0.694632 0.666926 0.700046 0.665159 0.702439
1 0.649837 0.715649 0.655193 0.710094 0.662271 0.714459 0.665048 0.720874 0.665709 0.725371 0.666834 0.733109 0.668817 0.734564 0.67358 0.736548 0.67563 0.738599 0.677019 0.743492 0.676159 0.74713 0.674175 0.750437 0.677901 0.765681 0.679571 0.772435 0.68162 0.778582 0.684883 0.782452 0.686098 0.788296 0.68124 0.79209 0.675397 0.783591 0.669022 0.766743 0.656394 0.728445
0 0.652576 0.655937 0.645244 0.656009 0.637121 0.652559 0.633959 0.645585 0.641435 0.635091 0.650492 0.6343 0.654589 0.638469 0.657033 0.645873 0.656962 0.652055
0 0.702937 0.6421 0.696553 0.643067 0.686397 0.636587 0.686688 0.628269 0.694135 0.62498 0.702163 0.625947 0.706032 0.631558
0 0.717349 0.636394 0.706226 0.633976 0.70284 0.624109 0.703808 0.616082 0.710868 0.611536 0.715414 0.610955 0.722765 0.61879 0.724216 0.624594 0.724699 0.632234
0 0.787657 0.609677 0.779205 0.604662 0.777684 0.598745 0.784896 0.591477 0.790193 0.592378 0.792785 0.597055 0.792842 0.603084 0.791658 0.606015
0 0.804337 0.59914 0.801463 0.59914 0.795265 0.596153 0.795151 0.589843 0.80011 0.586293 0.804675 0.587532 0.806591 0.590124 0.807323 0.595872
0 0.715734 0.560054 0.709082 0.561979 0.701816 0.560842 0.699016 0.553751 0.705056 0.548499 0.711096 0.548062 0.718536 0.550687
0 0.718011 0.576423 0.714246 0.578874 0.706105 0.579398 0.702079 0.572309 0.705843 0.56303 0.717223 0.559966 0.725626 0.55804 0.731841 0.562942 0.728164 0.56802 0.722562 0.571608
0 0.728174 0.614553 0.721364 0.612936 0.715661 0.601615 0.717534 0.595743 0.723407 0.59021 0.729365 0.589019 0.733621 0.594296 0.736515 0.603658
1 0.676571 0.669488 0.665459 0.675675 0.650108 0.682204 0.635101 0.669374 0.637163 0.66147 0.649077 0.651961 0.663396 0.650128 0.671874 0.641192 0.675426 0.63031 0.681153 0.626758 0.688943 0.631569 0.690662 0.643025 0.69135 0.654939 0.691234 0.661928
0 0.698942 0.657096 0.693849 0.657656 0.690588 0.654039 0.690792 0.649812 0.694409 0.648131 0.698993 0.649812 0.701184 0.652154
0 0.714479 0.670799 0.708672 0.671155 0.704902 0.667691 0.705055 0.663005 0.7075 0.659286 0.712288 0.659082 0.715956 0.660713 0.717026 0.665857
0 0.778776 0.576461 0.771958 0.575098 0.76779 0.569036 0.769078 0.562142 0.77567 0.559565 0.77961 0.56199 0.780822 0.56699
0 0.96281 0.535107 0.954363 0.537597 0.947428 0.533329 0.945738 0.524261 0.949028 0.518659 0.962454 0.520704 0.964144 0.522749
0 0.926134 0.556241 0.921478 0.559578 0.914494 0.555931 0.908132 0.537386 0.912477 0.532108 0.918685 0.525746 0.925823 0.52885 0.930867 0.537152 0.931721 0.5453 0.931178 0.549646
0 0.935135 0.535213 0.930944 0.535213 0.922254 0.531333 0.921556 0.52528 0.925746 0.521013 0.932807 0.522487 0.938006 0.52691 0.938704 0.530557
1 0.995643 0.576152 1 0.58462 1 0.598933 0.998863 0.610979 0.990991 0.61742 0.981092 0.62553 0.972743 0.621355 0.95688 0.60764 0.941256 0.59452 0.930521 0.584858 0.9211 0.57317 0.925751 0.55683 0.936724 0.555519 0.945191 0.556473 0.955568 0.567803 0.966184 0.58152 0.97656 0.588914 0.985982 0.584979 0.990991 0.582235
1 0.890833 0.57454 0.878287 0.583058 0.858145 0.591921 0.839959 0.589503 0.832132 0.571433 0.834434 0.548527 0.83616 0.53414 0.857224 0.517795 0.86931 0.528614 0.888762 0.538283 0.899927 0.545189 0.903149 0.560843 0.898315 0.569937
0 0.675165 0.963726 0.667808 0.964491 0.66229 0.95974 0.662979 0.952996 0.670107 0.949011 0.676698 0.953072 0.678154 0.956981
0 0.66183 0.971159 0.655776 0.971926 0.649217 0.968897 0.646923 0.964939 0.650296 0.961387 0.655334 0.960757 0.660551 0.963096 0.66289 0.96449
0 0.67641 1 0.666311 0.989701 0.66523 0.984536 0.672787 0.977597 0.679726 0.980295 0.686048 0.985461 0.688207 0.994713 0.69106 0.999416
0 0.627147 0.986576 0.622915 0.987608 0.618477 0.984977 0.618838 0.978835 0.622812 0.976513 0.625961 0.978887 0.628283 0.982086
0 0.615277 0.995298 0.610064 0.994886 0.60702 0.993183 0.608413 0.98766 0.6112 0.986267 0.615483 0.987712 0.617909 0.990963
0 0.670584 0.925613 0.662454 0.925058 0.659626 0.923239 0.656597 0.912736 0.661798 0.908494 0.666948 0.909403 0.672705 0.91223 0.67417 0.917937 0.674372 0.92132
0 0.442097 0.962874 0.436526 0.964731 0.430537 0.963533 0.427901 0.95389 0.435509 0.949397 0.441438 0.947421 0.445811 0.950116 0.446889 0.954608
0 0.565645 0.788104 0.560506 0.788287 0.556223 0.782476 0.559894 0.777703 0.564911 0.777947 0.56748 0.779661 0.568766 0.782414
0 0.237857 0.996135 0.234491 0.995969 0.231758 0.990935 0.234691 0.989234 0.237124 0.988401 0.240458 0.990635 0.240125 0.992734
0 0.149439 0.997752 0.143924 0.998048 0.141137 0.993896 0.143864 0.989627 0.147482 0.988204 0.150744 0.990102 0.152286 0.993956 0.179303 0.987092
0 0.0646973 0.999173 0.056877 1 0.0556328 0.989398 0.0618535 0.989221 0.0672744 0.992509
1 0.140779 0.750979 0.156502 0.753864 0.165589 0.754009 0.179725 0.751269 0.195447 0.749826 0.207852 0.744488 0.219103 0.746364 0.213188 0.756172 0.199053 0.766558 0.184629 0.774202 0.183331 0.785021 0.17857 0.795839 0.177417 0.804061 0.169339 0.805936 0.161262 0.806945 0.155492 0.799156 0.149578 0.788771 0.140347 0.779251 0.134577 0.771606 0.128519 0.759058 0.13227 0.752566
0 0.021583 0.769261 0.0145703 0.767647 0.00678613 0.7633 0.00517285 0.751378 0.0074873 0.747311 0.0134482 0.742963 0.0221436 0.745838 0.0259307 0.754184 0.0281045 0.762879 0.0262812 0.765824
0 0.0459209 0.824107 0.0421797 0.824528 0.0375029 0.820132 0.0397012 0.8141 0.043957 0.813023 0.0476514 0.814333 0.0491006 0.816952
0 0.116981 0.795286 0.112802 0.795838 0.10673 0.792685 0.108229 0.78685 0.11706 0.787007 0.118795 0.790871
0 0.0133301 0.936842 0.0115059 0.938015 0.00855273 0.936755 0.00668555 0.933193 0.00968262 0.929937 0.0125918 0.929589 0.0162402 0.933021 0.0163262 0.935191
0 0.215183 0.953611 0.21045 0.956186 0.203309 0.951951 0.202396 0.944478 0.203807 0.938582 0.213522 0.937004 0.215349 0.940159 0.218422 0.945973
0 0.189934 0.95267 0.183512 0.953578 0.177154 0.95215 0.176181 0.947091 0.179684 0.940733 0.184938 0.939565 0.188247 0.94242 0.189155 0.947285 0.191102 0.948063
0 0.177803 0.945015 0.173326 0.94469 0.168332 0.942744 0.167164 0.938009 0.169499 0.931976 0.174624 0.928603 0.179101 0.933272 0.180852 0.938527
0 0.231436 0.939519 0.224254 0.938301 0.219629 0.932459 0.220542 0.927225 0.225775 0.922355 0.231314 0.92266 0.234966 0.930572 0.234904 0.935319
0 0.237766 0.92765 0.23314 0.92692 0.230097 0.924182 0.230584 0.919738 0.233748 0.916695 0.239226 0.918461 0.241295 0.922234
0 0.244582 0.919191 0.239104 0.920773 0.235879 0.913104 0.240687 0.910427 0.244217 0.913104 0.246895 0.915053
0 0.249938 0.914505 0.246772 0.914383 0.243912 0.911583 0.244825 0.903672 0.245738 0.903793 0.251398 0.903672 0.254137 0.905376 0.253528 0.909636
0 0.239835 0.91207 0.235757 0.912801 0.232957 0.908662 0.232714 0.904158 0.236365 0.901724 0.23947 0.902637 0.243547 0.905437 0.243852 0.909148
0 0.233019 0.919495 0.229001 0.921017 0.22395 0.919495 0.224559 0.913409 0.228271 0.910123 0.233079 0.910244 0.235209 0.911948
0 0.227297 0.912739 0.224862 0.913409 0.220542 0.910731 0.219386 0.904098 0.222672 0.900446 0.229428 0.900081 0.233079 0.904646 0.233019 0.907384 0.232774 0.909453
0 0.220313 0.902839 0.210976 0.90459 0.202571 0.901321 0.198486 0.889066 0.206307 0.88288 0.217745 0.881362 0.226732 0.884864
0 0.20354 0.881505 0.19592 0.88181 0.189672 0.876323 0.188453 0.868246 0.193329 0.863826 0.203159 0.862455 0.208112 0.866265 0.207731 0.87358
0 0.192572 0.860629 0.184755 0.859621 0.17761 0.853484 0.172063 0.845583 0.180469 0.840288 0.187781 0.840288 0.196019 0.84592 0.198204 0.851636
0 0.173545 0.821328 0.1697 0.822586 0.163859 0.819036 0.163268 0.81253 0.166596 0.808094 0.17325 0.806911 0.177242 0.811052 0.177907 0.81534
1 0.18113 0.689654 0.175004 0.677401 0.175946 0.667623 0.184312 0.665855 0.192087 0.672688 0.197152 0.687298 0.202219 0.69578 0.212586 0.702378 0.220598 0.705794 0.230376 0.704852 0.253122 0.697838 0.267173 0.698802 0.268274 0.705414 0.263592 0.713541 0.252984 0.721943 0.235629 0.726214 0.21841 0.722494 0.211247 0.722771 0.197609 0.711888 0.193202 0.706378 0.186865 0.701281
0 0.324448 0.708512 0.314187 0.704715 0.305566 0.692298 0.308439 0.684088 0.315931 0.687372 0.324243 0.690143 0.328759 0.697326
0 0.297254 0.718877 0.288018 0.720724 0.272624 0.716312 0.272316 0.707178 0.275806 0.700405 0.286479 0.697634 0.296228 0.699687 0.300641 0.70728 0.300538 0.711898
0 0.37503 0.677617 0.368101 0.678483 0.360595 0.671987 0.360883 0.662315 0.362977 0.659718 0.371638 0.657552 0.378783 0.661521 0.381598 0.667945
0 0.391053 0.669173 0.384196 0.668162 0.379794 0.661666 0.379144 0.654882 0.384052 0.65084 0.390259 0.649901 0.395961 0.652428 0.396755 0.656613 0.398055 0.661377
0 0.407582 0.660006 0.399858 0.660439 0.395023 0.654737 0.392785 0.647592 0.399354 0.64124 0.406933 0.642179 0.409964 0.645282 0.412057 0.652572
0 0.442171 0.64304 0.435476 0.645719 0.423534 0.645384 0.418288 0.63746 0.426324 0.628197 0.437149 0.627527 0.442618 0.62976 0.445408 0.633331
0 0.458688 0.636902 0.448645 0.637571 0.442171 0.630094 0.451211 0.62072 0.459916 0.62139 0.463152 0.626857
0 0.0467207 0.540232 0.0350518 0.537898 0.028751 0.527514 0.0327178 0.519462 0.0467207 0.516896 0.0529043 0.52693 0.0533711 0.532765
0 0.0599053 0.516545 0.0530215 0.517829 0.0446201 0.513045 0.0440361 0.50231 0.0522041 0.496009 0.0623555 0.500442 0.0644561 0.506277
0 0.0898857 0.528259 0.0827979 0.528512 0.0773984 0.524968 0.0773135 0.518134 0.0814482 0.513155 0.0887041 0.515771 0.0919102 0.520496
0 0.0832197 0.551124 0.0765547 0.551715 0.0673574 0.547243 0.0661758 0.541168 0.0698887 0.535009 0.0763008 0.53408 0.0837256 0.536527 0.085667 0.542518
0 0.120386 0.53951 0.112948 0.538397 0.106344 0.529013 0.10836 0.525051 0.112809 0.520671 0.119621 0.521228 0.123723 0.523869 0.126643 0.528109 0.126434 0.534018
0 0.116007 0.558349 0.111767 0.557584 0.104606 0.553065 0.10412 0.54389 0.113782 0.541525 0.118856 0.545071 0.122193 0.549659 0.121429 0.552926
0 0.153431 0.54899 0.147085 0.547979 0.140147 0.541777 0.143596 0.536719 0.149688 0.535569 0.153597 0.539593 0.154517 0.543041
0 0.197933 0.620037 0.193707 0.623103 0.187079 0.621445 0.182191 0.607278 0.185588 0.603302 0.189813 0.601976 0.197021 0.605704 0.198844 0.613077
1 0.318213 0.402848 0.309618 0.40617 0.292356 0.409059 0.286435 0.411659 0.280729 0.407759 0.279429 0.400681 0.286723 0.394397 0.302757 0.391003 0.319729 0.38703 0.329407 0.387103 0.336052 0.391436 0.338508 0.398947 0.33663 0.402125 0.332297 0.40523 0.32493 0.405303
1 0.212535 0.599043 0.200451 0.596805 0.18803 0.592553 0.184114 0.585279 0.196759 0.579125 0.21276 0.578901 0.227194 0.578118 0.240845 0.577111 0.255728 0.576888 0.268483 0.577671 0.271952 0.583153 0.301891 0.589972 0.314498 0.596716 0.318319 0.601038 0.323019 0.60323 0.328469 0.606488 0.333479 0.611813 0.333981 0.616637 0.330599 0.617576 0.333034 0.626747 0.328101 0.628697 0.323799 0.630935 0.317201 0.632541 0.310547 0.627436 0.305327 0.618486 0.302631 0.616594 0.290374 0.606744 0.276643 0.603816 0.265335 0.600989 0.251502 0.598769
0 0.22936 0.313384 0.225512 0.314267 0.220023 0.311617 0.218635 0.306255 0.220843 0.302218 0.22753 0.297738 0.233649 0.301271 0.235038 0.306822
0 0.233715 0.329393 0.230104 0.330578 0.22644 0.329177 0.224716 0.325405 0.225955 0.323195 0.229188 0.320771 0.234685 0.323142
0 0.225578 0.349384 0.22186 0.348521 0.219543 0.345827 0.218088 0.340385 0.219759 0.339307 0.223045 0.337906 0.226117 0.339954 0.227895 0.341947
0 0.235601 0.345665 0.232151 0.34572 0.227787 0.339038 0.230428 0.336828 0.235224 0.335912 0.239157 0.33769 0.240343 0.340762
0 0.218579 0.315685 0.21412 0.317189 0.209048 0.31418 0.211724 0.30621 0.214176 0.305652 0.218522 0.307771 0.220529 0.311505
0 0.222981 0.334077 0.218411 0.334021 0.214733 0.332016 0.214176 0.32817 0.215457 0.324212 0.218467 0.322764 0.221087 0.32254 0.224598 0.326274 0.225546 0.331067
0 0.218846 0.29859 0.213855 0.300036 0.209733 0.299024 0.212915 0.288394 0.216531 0.291575 0.219279 0.294757
0 0.223157 0.281055 0.218736 0.280048 0.212525 0.275907 0.21398 0.27076 0.216834 0.268186 0.221926 0.268409 0.226738 0.270927 0.228416 0.274229
0 0.222911 0.266056 0.21814 0.266737 0.211386 0.264073 0.208039 0.25769 0.20903 0.250564 0.210394 0.24852 0.215785 0.246289 0.220618 0.247528 0.223158 0.253787 0.225885 0.259735
0 0.217582 0.244492 0.213244 0.246228 0.207233 0.236313 0.212129 0.234949 0.216962 0.236933 0.218511 0.239845
0 0.194061 0.150612 0.190663 0.151411 0.187546 0.147295 0.188705 0.143418 0.190583 0.14062 0.195499 0.14134 0.197777 0.144816 0.197258 0.147654
0 0.179792 0.149293 0.177594 0.149893 0.175035 0.147135 0.176634 0.143258 0.179272 0.142979 0.182909 0.144297 0.185507 0.146176 0.185348 0.147095 0.185308 0.147814 0.182229 0.150692
0 0.200219 0.164578 0.197043 0.164615 0.194606 0.162511 0.194016 0.159299 0.196269 0.157084 0.199923 0.15653 0.201806 0.158635 0.201843 0.16085
0 0.185746 0.166609 0.182312 0.1672 0.179507 0.166056 0.178953 0.161884 0.181168 0.159226 0.183974 0.158339 0.186706 0.159262 0.188035 0.163028
0 0.202037 0.179395 0.199213 0.180123 0.195614 0.178574 0.194612 0.175204 0.197482 0.171787 0.199441 0.170785 0.203495 0.171742 0.204771 0.174156 0.205089 0.176753
0 0.208823 0.210741 0.206807 0.210942 0.204538 0.210362 0.203655 0.208145 0.206731 0.203329 0.209504 0.204463 0.210815 0.206102 0.211547 0.209304
0 0.20397 0.193775 0.201355 0.194001 0.19929 0.192484 0.198225 0.18887 0.200451 0.187095 0.203453 0.186191 0.20568 0.187418 0.207842 0.190709
0 0.18786 0.183413 0.184412 0.183599 0.181483 0.180225 0.182967 0.176592 0.185821 0.175146 0.18875 0.175517 0.190566 0.177778 0.190381 0.179817
0 0.633726 0.280421 0.628658 0.280421 0.62489 0.276898 0.626001 0.273006 0.629091 0.26936 0.635889 0.271584
0 0.64077 0.287774 0.637062 0.288639 0.632366 0.288207 0.630203 0.282583 0.635826 0.278567 0.640337 0.280235 0.642253 0.284808
0 0.5985 0.298176 0.58699 0.301639 0.575583 0.303065 0.566823 0.299907 0.562138 0.28748 0.565906 0.276989 0.57436 0.270776 0.589944 0.268536 0.597584 0.268943 0.607973 0.272101 0.611131 0.27974 0.60614 0.289213 0.602778 0.294814
0 0.580497 0.370871 0.570487 0.373374 0.560136 0.370985 0.552742 0.361316 0.554107 0.349827 0.558885 0.341865 0.569009 0.339817 0.576402 0.343685 0.580497 0.354036 0.583 0.360747
0 0.604499 0.37144 0.597787 0.372919 0.587322 0.36507 0.581862 0.348349 0.588232 0.343912 0.598129 0.341865 0.610414 0.341068 0.619741 0.344595 0.619059 0.353809 0.615646 0.36325 0.609163 0.368823
1 0.63882 0.313301 0.647944 0.286201 0.65271 0.292329 0.657204 0.303769 0.661562 0.312756 0.758312 0.321965 0.762766 0.332491 0.762563 0.340387 0.753656 0.341804 0.740902 0.344841 0.687863 0.338564 0.670656 0.336338 0.659521 0.337147 0.662039 0.364651 0.674483 0.376635 0.686467 0.392075 0.697298 0.402445 0.705825 0.407516 0.697528 0.418808 0.686697 0.428947 0.676097 0.434017 0.664805 0.429639 0.650747 0.424338 0.644064 0.420651 0.572969 0.411381 0.55778 0.407292 0.549603 0.401645 0.557196 0.392882 0.578227 0.389572 0.591662 0.392493 0.601788 0.392493 0.60724 0.382951 0.621455 0.360753 0.628075 0.353743 0.633917 0.342645
1 0.766354 0.34506 0.772874 0.327491 0.778851 0.307025 0.789898 0.291993 0.790985 0.274244 0.78683 0.246042 0.787522 0.225278 0.79952 0.218127 0.810823 0.220896 0.818668 0.229432 0.815438 0.243504 0.810823 0.26519 0.804364 0.284339 0.804595 0.293567 0.808978 0.294951 0.864542 0.324836 0.870898 0.339466 0.878078 0.347076 0.874345 0.353107 0.870324 0.359425 0.861135 0.360143 0.849504 0.361147 0.83457 0.367035 0.823228 0.376081 0.819925 0.382111 0.820499 0.395178 0.825094 0.403075 0.836895 0.401758 0.844873 0.407294 0.841291 0.422111 0.829894 0.430579 0.817681 0.431881 0.769158 0.430579 0.744245 0.428136 0.730079 0.417878 0.733336 0.40534 0.746524 0.404852 0.756946 0.404852 0.771274 0.403549 0.78479 0.4042 0.788046 0.401106 0.773684 0.357109 0.769035 0.359435
0 0.783891 0.0565547 0.777035 0.0566064 0.774179 0.0523477 0.774438 0.0451807 0.778697 0.0435186 0.786021 0.0478809 0.787475 0.0527109
0 0.803748 0.069751 0.797747 0.0694414 0.792368 0.0639062 0.790713 0.0580098 0.795886 0.0549062 0.80023 0.0555264 0.804782 0.0582686 0.806386 0.0620439
0 0.814248 0.0745615 0.808403 0.0746133 0.802972 0.0730615 0.802403 0.0648887 0.806645 0.0623545 0.812179 0.0640615 0.816266 0.0674756
0 0.8089 0.0935469 0.800807 0.0926621 0.795621 0.08754 0.795432 0.0809639 0.801123 0.0795098 0.807192 0.0799521 0.810924 0.0867178
0 0.825593 0.0874131 0.820155 0.0882354 0.816172 0.0848838 0.814021 0.0796357 0.816298 0.0763477 0.822305 0.076917 0.824519 0.0795098 0.826415 0.0820391
0 0.841128 0.0965078 0.835574 0.0968164 0.831748 0.0957061 0.830205 0.0913857 0.833908 0.0871895 0.839215 0.0876836 0.84193 0.0918799
0 0.829279 0.102556 0.824404 0.104407 0.819098 0.103357 0.818542 0.0975566 0.823108 0.0927441 0.828045 0.0929902 0.830452 0.0945332
0 0.855127 0.105745 0.850348 0.105847 0.845772 0.103305 0.845925 0.0958818 0.850603 0.0936953 0.856602 0.0963896 0.859194 0.100051
0 0.85467 0.116117 0.849992 0.116727 0.846789 0.113168 0.846535 0.109405 0.848568 0.10666 0.851822 0.104524 0.855839 0.106151 0.857669 0.110829 0.858178 0.113219
1 0.859588 0.103507 0.889854 0.0758721 0.905791 0.052624 0.919535 0.0385879 0.934596 0.0289375 0.945854 0.0361016 0.946878 0.0492617 0.940006 0.0651982 0.930794 0.0790889 0.92246 0.0913711 0.916611 0.10029 0.906961 0.114619 0.89351 0.125731 0.884444 0.134504 0.873771 0.142399 0.861488 0.150441 0.851399 0.152927 0.842335 0.144886 0.845551 0.132019 0.853886 0.124562
0 0.714572 0.0574023 0.709904 0.0575576 0.705859 0.0548613 0.705808 0.0493125 0.710268 0.0479121 0.716335 0.0506602 0.716802 0.0521123
0 0.699566 0.061627 0.695383 0.0625566 0.692223 0.0597686 0.693245 0.0565615 0.69594 0.0541445 0.701425 0.0545166 0.704446 0.0565146
0 0.679476 0.0564912 0.673287 0.0530723 0.670431 0.0480527 0.672162 0.043249 0.677139 0.0447637 0.681726 0.0476631 0.681683 0.0523799
0 0.676991 0.100281 0.670541 0.100915 0.664264 0.0967109 0.662305 0.089166 0.66841 0.0853643 0.675609 0.0850195 0.679756 0.0883594 0.680678 0.0932549
0 0.705793 0.137137 0.69967 0.137623 0.692914 0.134513 0.69097 0.128097 0.696316 0.122945 0.702002 0.122411 0.708369 0.125035 0.708515 0.129944
0 0.715027 0.151183 0.711334 0.15094 0.703995 0.145448 0.705842 0.1384 0.710167 0.137089 0.714931 0.140248 0.717506 0.145788
0 0.698163 0.154294 0.692428 0.155605 0.688248 0.151377 0.687665 0.144622 0.692865 0.140831 0.696559 0.143212 0.700496 0.147586
1 0.614479 0 0.614479 0.00865332 0.621696 0.0127998 0.637669 0.0143359 0.712289 0.0229404 0.735411 0.0244648 0.746748 0.0167139 0.75288 0.0112764 0.763871 0.0113916 0.765606 0.00306152 0.764218 0
0 0.536073 0.152527 0.530802 0.151388 0.527999 0.148111 0.527335 0.14246 0.532511 0.138232 0.53897 0.138897 0.541582 0.139515 0.541867 0.146307 0.539683 0.149583
0 0.537977 0.165467 0.533222 0.167118 0.529067 0.166418 0.524462 0.161612 0.52181 0.157208 0.523861 0.153304 0.529818 0.152002 0.535324 0.153004 0.540279 0.154555 0.543132 0.160312 0.542582 0.162264
0 0.546493 0.159133 0.542693 0.159449 0.539556 0.157089 0.538174 0.154354 0.538403 0.150611 0.540562 0.1471 0.543269 0.145746 0.546263 0.147215 0.54943 0.148337 0.5494 0.151245 0.550265 0.153548 0.549861 0.155794
0 0.547871 0.148229 0.544575 0.147119 0.54314 0.143922 0.543205 0.13994 0.547479 0.137461 0.55071 0.137559 0.553777 0.140528 0.5543 0.144117 0.553092 0.147055
0 0.586893 0.136668 0.583126 0.137041 0.5798 0.135344 0.577797 0.130763 0.579053 0.127232 0.583974 0.125808 0.587198 0.126622 0.589438 0.12971 0.590016 0.132459
0 0.548861 0.0456006 0.545346 0.0469414 0.542201 0.0441201 0.541785 0.0395879 0.544189 0.0364893 0.549416 0.0377383 0.553485 0.038293 0.553116 0.0422246
0 0.569349 0.0411611 0.565788 0.0408828 0.564909 0.0351484 0.566806 0.0341309 0.568517 0.0346855 0.570228 0.0366748
0 0.550356 0.070918 0.546828 0.0711074 0.543831 0.06921 0.545728 0.0615459 0.549863 0.0608633 0.552709 0.0613564 0.555251 0.0639365 0.554834 0.0676924
0 0.546207 0.0895264 0.541222 0.0897207 0.537789 0.087001 0.536365 0.083375 0.537596 0.0794248 0.542646 0.0783242 0.54679 0.0810439 0.548992 0.0843457
0 0.57535 0.0797939 0.571058 0.0808672 0.567517 0.0795801 0.565907 0.0762529 0.567678 0.0721221 0.573901 0.0717471 0.575081 0.0746973
0 0.564727 0.088915 0.560381 0.0902021 0.557162 0.0882715 0.555821 0.0831211 0.559201 0.0788281 0.563868 0.0799014 0.56698 0.0824766
0 0.540963 0.00925 0.538567 0.0101816 0.536173 0.00919629 0.535268 0.00613672 0.536519 0.00355566 0.538595 0.00307617 0.540909 0.00392773 0.542426 0.00584375
0 0.562686 0.0229004 0.559935 0.0227539 0.557953 0.0207363 0.55854 0.0177646 0.559861 0.0163701 0.563199 0.0158564 0.565034 0.0186445 0.565217 0.0214697
0 0.849362 0.0579727 0.845042 0.0571094 0.843507 0.0546133 0.844034 0.0511572 0.846099 0.0493818 0.849794 0.048998 0.851138 0.0506299 0.852146 0.0536055
0 0.876984 0.0555264 0.872759 0.0556514 0.869445 0.0535801 0.868699 0.0479873 0.871807 0.045957 0.876446 0.0467031 0.878311 0.0484424 0.879263 0.0509287
0 0.889452 0.0635781 0.885327 0.0639219 0.882037 0.062498 0.880858 0.0579307 0.882577 0.0547393 0.886555 0.0546895 0.88847 0.0554268 0.890729 0.0579795
0 0.901266 0.0147559 0.896977 0.0157373 0.892584 0.0141875 0.890568 0.0106211 0.890879 0.00695215 0.895581 0.00416211 0.900232 0.00638379 0.902351 0.00860645
0 0.555283 0.252093 0.552175 0.252293 0.549152 0.250667 0.547954 0.246275 0.550207 0.24388 0.553344 0.243281 0.556139 0.244479 0.557023 0.246731 0.557166 0.249697
0 0.577525 0.204922 0.574375 0.205488 0.572251 0.204002 0.573242 0.199046 0.576357 0.199081 0.579083 0.199187 0.579897 0.201488
0 0.624826 0.213298 0.621586 0.213547 0.618916 0.212656 0.618417 0.209452 0.619699 0.206675 0.62244 0.205784 0.625075 0.207138 0.625858 0.209487
0 0.533252 0.272676 0.531627 0.273597 0.529568 0.272567 0.528647 0.270671 0.529894 0.268368 0.531979 0.267936 0.533279 0.269235 0.533658 0.269967
0 0.544455 0.262205 0.541987 0.262616 0.539759 0.262479 0.538593 0.2596 0.541884 0.257337 0.544284 0.258057 0.545106 0.259805
0 0.554563 0.273896 0.552298 0.274274 0.550625 0.273033 0.549897 0.270255 0.55192 0.268447 0.554456 0.268556 0.555886 0.270066
0 0.566517 0.263064 0.564316 0.263511 0.562414 0.262826 0.562057 0.260062 0.564266 0.257978 0.566527 0.258258 0.567562 0.259923 0.567613 0.261378
0 0.577532 0.255188 0.574611 0.255579 0.571549 0.252089 0.573187 0.249382 0.576036 0.24842 0.578173 0.249702 0.579669 0.250984
0 0.537524 0.228628 0.535458 0.228672 0.534227 0.227484 0.534402 0.225417 0.536052 0.224142 0.537965 0.225329 0.538427 0.226538
0 0.585093 0.262486 0.581906 0.263012 0.579679 0.26165 0.579308 0.258743 0.580514 0.255804 0.583112 0.25435 0.586392 0.25503 0.587567 0.258773
0 0.618656 0.248714 0.616365 0.248767 0.613839 0.247412 0.6141 0.245017 0.615818 0.243401 0.618553 0.243298 0.619854 0.244573 0.620297 0.245954
0 0.60559 0.247348 0.603417 0.247614 0.601592 0.246896 0.600567 0.244969 0.601182 0.242488 0.60393 0.241381 0.605836 0.242406 0.606615 0.244764 0.606759 0.245543
0 0.590756 0.249412 0.588951 0.249895 0.587063 0.249937 0.585405 0.248447 0.585825 0.245845 0.588112 0.244062 0.590483 0.244586 0.59147 0.246705 0.591344 0.248069
0 0.660839 0.253994 0.658342 0.254529 0.656253 0.253484 0.65531 0.249867 0.657553 0.247752 0.660278 0.247854 0.661808 0.249434 0.662139 0.251829
0 0.648332 0.252683 0.645479 0.252596 0.642741 0.251703 0.641963 0.247668 0.644499 0.246429 0.647727 0.247005 0.649398 0.248907 0.650032 0.250607
0 0.634412 0.250229 0.632327 0.250515 0.629643 0.249785 0.629043 0.246371 0.629929 0.24572 0.631832 0.244234 0.634229 0.245381 0.635063 0.247518
1 0.612214 0.267389 0.605334 0.266032 0.598988 0.263804 0.593707 0.262302 0.589978 0.256683 0.591721 0.250627 0.596614 0.248641 0.602089 0.250627 0.608871 0.25145 0.61323 0.252855 0.617106 0.25363 0.622453 0.259315 0.627229 0.261302 0.629903 0.263747 0.629406 0.26665 0.62784 0.268331 0.618786 0.267262
0 0.272275 0.0335342 0.266269 0.0333252 0.260784 0.0303994 0.259582 0.0258027 0.260209 0.0203184 0.263762 0.0173408 0.269611 0.0172363 0.274313 0.0183857 0.276716 0.0240791 0.275828 0.0277881
0 0.201999 0.0702295 0.19802 0.0705537 0.194549 0.0676846 0.193253 0.0635664 0.196585 0.059957 0.202646 0.0581523 0.20547 0.062085 0.207043 0.0656025 0.20695 0.0668516
1 0.295354 0.17308 0.284903 0.176237 0.272602 0.181681 0.260519 0.1856 0.251374 0.183857 0.24027 0.175366 0.23646 0.156098 0.241032 0.141619 0.253442 0.134979 0.268139 0.133346 0.282182 0.13868 0.285447 0.138462 0.293939 0.145647 0.303736 0.148695 0.31397 0.153921 0.316256 0.160452 0.312663 0.169161 0.307873 0.174496
0 0.384972 0.136403 0.378294 0.136296 0.371186 0.13258 0.365424 0.12601 0.363593 0.121701 0.36677 0.116908 0.371078 0.116854 0.379694 0.118255 0.385941 0.122617 0.390142 0.124986 0.391488 0.129779 0.38885 0.133549
0 0.345469 0.137013 0.341986 0.137946 0.337282 0.13694 0.33599 0.13134 0.33757 0.128108 0.343817 0.126134 0.346618 0.128324 0.348341 0.13152 0.34827 0.133961
0 0.351106 0.121778 0.349084 0.125059 0.343781 0.126972 0.337768 0.126261 0.33558 0.120685 0.334651 0.115819 0.334814 0.111117 0.339243 0.107017 0.344929 0.108493 0.352583 0.109532 0.354715 0.114452 0.354169 0.116967
0 0.335784 0.117104 0.334201 0.119834 0.330981 0.124091 0.328962 0.126056 0.323231 0.123545 0.316628 0.115904 0.313189 0.109683 0.314499 0.104334 0.321539 0.103133 0.327925 0.104225 0.33251 0.107663 0.335238 0.112575 0.335947 0.114321
0 0.315076 0.108914 0.309949 0.110185 0.304777 0.106601 0.301193 0.0995225 0.303371 0.0960293 0.308951 0.0937158 0.312808 0.0958027 0.315937 0.0990693 0.317163 0.102154 0.316936 0.103969
0 0.42772 0.120502 0.423903 0.121232 0.419682 0.119 0.418991 0.115468 0.421103 0.11291 0.424797 0.111732 0.428126 0.112991 0.429344 0.116158
0 0.40159 0.168912 0.398689 0.170117 0.394807 0.169671 0.3932 0.165967 0.394449 0.162218 0.398064 0.160789 0.40168 0.162485 0.403152 0.164404
0 0.405077 0.194185 0.401937 0.19409 0.398104 0.191357 0.396786 0.189474 0.398576 0.186615 0.401937 0.184574 0.40492 0.186741 0.406742 0.189379 0.407275 0.191734
1 0.433065 0.189578 0.431874 0.183856 0.437754 0.176069 0.444826 0.171222 0.452534 0.173446 0.456825 0.179406 0.458097 0.188386 0.453886 0.204676 0.451343 0.223986 0.449117 0.229787 0.443714 0.231773 0.438151 0.231059 0.436722 0.224304 0.435211 0.215562 0.436165 0.19808
1 0.438056 0.0632002 0.442632 0.0606777 0.448089 0.0572744 0.454367 0.0596211 0.457184 0.0639639 0.455481 0.0705352 0.452724 0.0768721 0.447619 0.0799229 0.440989 0.0809199 0.434359 0.0807441 0.427024 0.0793945 0.420923 0.0748184 0.41969 0.0673076 0.423856 0.0619102 0.430956 0.0620859 0.434535 0.063083
0 0.456559 0.0295 0.45224 0.0299365 0.447291 0.0281895 0.443167 0.0244053 0.441081 0.018582 0.44472 0.0147002 0.451756 0.0137783 0.456511 0.0164473 0.459616 0.0208623 0.459616 0.0249873 0.459567 0.0263457
0 0.456074 0.0155742 0.452386 0.016835 0.446903 0.0164961 0.443264 0.0128564 0.443943 0.00941113 0.448407 0.00664551 0.4536 0.00771289 0.457142 0.0101396 0.458549 0.0113037
0 0.448253 0.0523301 0.445078 0.0547754 0.440101 0.0520723 0.438556 0.0463232 0.440701 0.0433203 0.447395 0.0425479 0.450956 0.0473105 0.450999 0.0491553
0 0.452456 0.0414844 0.447886 0.0414844 0.443533 0.0388193 0.442281 0.0323447 0.444784 0.0289717 0.449518 0.0278828 0.455176 0.0302773 0.456265 0.0354453 0.455992 0.0384385
0 0.423672 0.0323906 0.420521 0.0342715 0.416963 0.0334072 0.415082 0.0296963 0.416302 0.0263926 0.420267 0.0246133 0.422808 0.0258838 0.424078 0.02746
0 0.419098 0.0260879 0.415844 0.027917 0.412032 0.0280195 0.40949 0.0254775 0.410304 0.0209033 0.41376 0.0181582 0.416353 0.0190732 0.419961 0.0218691
0 0.409484 0.0450537 0.407295 0.0462188 0.403305 0.0446299 0.402493 0.040958 0.405142 0.0380625 0.409202 0.0375684 0.412098 0.0396865 0.412521 0.0416992
0 0.400368 0.0494951 0.398771 0.0505879 0.394849 0.0506992 0.393952 0.0478145 0.394905 0.045293 0.397679 0.0439199 0.400313 0.0453203
0 0.396927 0.0395215 0.394487 0.0401758 0.391363 0.0398193 0.39053 0.0370225 0.396213 0.0341074 0.397313 0.0359814 0.398385 0.0376182
0 0.387397 0.0412246 0.383446 0.0406201 0.380359 0.0385479 0.381008 0.035374 0.384526 0.0339062 0.386814 0.0346182 0.388023 0.0373389 0.388714 0.0385908
0 0.395107 0.0278477 0.392594 0.0289277 0.390559 0.0295566 0.387617 0.0263145 0.387895 0.024002 0.389704 0.0229209 0.392694 0.0230469 0.395083 0.0250068
0 0.385335 0.0184297 0.38289 0.0192695 0.380013 0.0183789 0.378332 0.0138457 0.379783 0.0117578 0.38317 0.0113506 0.385437 0.0135908 0.386557 0.0149922
0 0.427257 0.0572861 0.423981 0.0582646 0.419515 0.055627 0.420323 0.051501 0.423642 0.0499268 0.426406 0.0506074 0.428192 0.053415
1 0.418059 0.0654932 0.418187 0.0701797 0.415135 0.072501 0.407611 0.0662676 0.403483 0.0604199 0.40271 0.0544443 0.404473 0.0516064 0.409589 0.0510908 0.414705 0.0523379 0.417887 0.0532832 0.421412 0.056207 0.421369 0.0614521 0.420509 0.0631289
0 0.279429 0.0601807 0.275298 0.0615381 0.268984 0.061125 0.265149 0.0524512 0.269457 0.0483203 0.272702 0.0474941 0.278426 0.0474355 0.280608 0.051625 0.281435 0.0543389
0 0.723295 0.36767 0.71989 0.368972 0.716985 0.368421 0.715383 0.364915 0.717085 0.361359 0.721142 0.361109 0.723345 0.363413
0 0.705529 0.366851 0.700764 0.370848 0.696715 0.371053 0.691591 0.368593 0.690155 0.364288 0.691897 0.356602 0.696356 0.355115 0.702454 0.35819 0.705785 0.361777
0 0.913116 0.477794 0.909525 0.479146 0.906146 0.478766 0.904583 0.475048 0.905977 0.472007 0.910793 0.471711 0.912904 0.472599
0 0.180585 0.56146 0.177456 0.560877 0.175155 0.56011 0.175462 0.556797 0.176658 0.555233 0.180983 0.554772 0.182609 0.556675 0.183131 0.559006
0 0.192063 0.552139 0.189655 0.551951 0.187467 0.550544 0.187279 0.547573 0.189437 0.546322 0.192438 0.546729 0.193971 0.549168 0.195002 0.551294
0 0.20672 0.561048 0.203563 0.561395 0.201896 0.56025 0.200578 0.558376 0.201376 0.5556 0.203771 0.55442 0.206442 0.55553 0.208732 0.557161
0 0.226447 0.569838 0.222599 0.569183 0.219978 0.567135 0.220469 0.564187 0.22526 0.562467 0.227185 0.564637 0.227758 0.565947
0 0.274414 0.426758 0.268555 0.416992 0.274414 0.411133 0.28125 0.411133 0.287109 0.416992 0.287109 0.416992 0.28418 0.423828 0.28418 0.423828
0 0.0078125 0.479492 0.00390625 0.467773 0.0136719 0.467773 0.0175781 0.47168 0.0166016 0.479492
0 0.0214844 0.487305 0.0205078 0.478516 0.0244141 0.473633 0.0419922 0.472656 0.0458984 0.478516 0.046875 0.487305 0.0390625 0.494141 0.0302734 0.490234
1 0.0683594 0.506836 0.0585938 0.500977 0.0498047 0.494141 0.0498047 0.494141 0.0537109 0.487305 0.0625 0.484375 0.0732422 0.488281 0.0830078 0.492188 0.0888672 0.494141 0.0869141 0.50293 0.0869141 0.50293 0.0810547 0.509766
1 0.103516 0.514648 0.0888672 0.511719 0.0888672 0.511719 0.0888672 0.5 0.0957031 0.496094 0.106445 0.49707 0.106445 0.49707 0.119141 0.50293 0.140625 0.506836 0.152344 0.510742 0.166992 0.524414 0.157227 0.532227 0.136719 0.53125 0.124023 0.520508 0.113281 0.517578
1 0.209961 0.553711 0.205078 0.544922 0.209961 0.536133 0.225586 0.537109 0.251953 0.549805 0.268555 0.554688 0.283203 0.557617 0.296875 0.561523 0.3125 0.571289 0.336914 0.576172 0.337891 0.580078 0.336914 0.586914 0.334961 0.59082 0.335938 0.599609 0.328125 0.59668 0.317383 0.585938 0.292969 0.578125 0.274414 0.573242 0.260742 0.572266 0.245117 0.566406 0.237305 0.563477
1 0.355469 0.605469 0.337891 0.597656 0.335938 0.588867 0.342773 0.580078 0.357422 0.583984 0.365234 0.587891 0.37793 0.591797 0.37793 0.599609 0.373047 0.604492 0.365234 0.604492
0 0.381836 0.620117 0.375977 0.610352 0.381836 0.597656 0.387695 0.59668 0.395508 0.601562 0.400391 0.606445 0.399414 0.617188 0.392578 0.623047
0 0.415039 0.618164 0.405273 0.610352 0.405273 0.610352 0.410156 0.603516 0.420898 0.607422 0.432617 0.611328 0.433594 0.620117 0.423828 0.623047
0 0.133789 0.581055 0.130859 0.569336 0.135742 0.55957 0.147461 0.5625 0.148438 0.574219 0.142578 0.577148
0 0.168945 0.585938 0.15918 0.581055 0.158203 0.571289 0.166016 0.56543 0.173828 0.568359 0.180664 0.575195 0.179688 0.586914
1 0.0419922 0.583008 0.0380859 0.567383 0.046875 0.56543 0.0556641 0.575195 0.0585938 0.588867 0.0654297 0.603516 0.0751953 0.620117 0.0800781 0.628906 0.0722656 0.637695 0.0605469 0.624023 0.0585938 0.609375 0.0507812 0.598633
1 0.078125 0.654297 0.0742188 0.641602 0.078125 0.636719 0.0839844 0.631836 0.0917969 0.636719 0.0966797 0.649414 0.0996094 0.658203 0.106445 0.665039 0.104492 0.675781 0.0966797 0.678711 0.0888672 0.678711 0.0830078 0.666016
1 0.125977 0.749023 0.113281 0.744141 0.113281 0.744141 0.106445 0.740234 0.111328 0.728516 0.109375 0.71875 0.106445 0.708984 0.0996094 0.700195 0.0917969 0.694336 0.09375 0.685547 0.104492 0.678711 0.109375 0.686523 0.115234 0.694336 0.12207 0.711914 0.126953 0.725586 0.135742 0.739258 0.132812 0.749023 0.132812 0.749023
1 0.932617 0.992188 0.925781 0.991211 0.927734 0.979492 0.932617 0.976562 0.936523 0.96582 0.949219 0.967773 0.949219 0.974609 0.954102 0.979492 0.966797 0.980469 0.972656 0.984375 0.979492 0.984375 0.981445 0.999023 0.97168 0.998047 0.963867 0.99707 0.953125 0.992188 0.944336 0.992188
1 1 0.879883 0.991211 0.868164 0.984375 0.848633 0.974609 0.831055 0.975586 0.825195 0.983398 0.820312 0.990234 0.823242 0.995117 0.831055 1 0.852539
