0 0 0.103282 0.00846191 0.104092 0.0161611 0.10855 0.0169717 0.117464 0.0131221 0.125365 0.0052207 0.130835 0 0.137115
0 0.0186338 0.140295 0.0142842 0.139527 0.0107012 0.13684 0.0113408 0.128652 0.0185059 0.127116 0.0223437 0.130188 0.0234961 0.134537
0 0.0260508 0.12603 0.0222012 0.125828 0.0192637 0.122991 0.0194658 0.116509 0.0254424 0.114686 0.0293936 0.117623 0.0295957 0.123396
0 0.0383604 0.127509 0.0347295 0.127243 0.031542 0.12494 0.032958 0.119894 0.0383604 0.118477 0.0410166 0.122284 0.040751 0.125561
0 0.0331016 0.144791 0.0292344 0.142564 0.0259531 0.139166 0.0292344 0.134596 0.0359141 0.135416 0.0425937 0.135885 0.0428281 0.14151 0.0379063 0.144088
0 0.0486406 0.132094 0.045459 0.129938 0.0426885 0.124295 0.0464854 0.120908 0.0519248 0.120189 0.0550029 0.123063 0.058082 0.127168 0.0549004 0.130555
0 0.0562344 0.150259 0.0497695 0.148514 0.0464854 0.142151 0.0484355 0.136507 0.0575684 0.136814 0.0644443 0.137533 0.0638291 0.146153 0.0591084 0.149027
0 0.0736621 0.153853 0.0691455 0.150553 0.0653242 0.144299 0.0703613 0.139088 0.0823477 0.13874 0.085127 0.147947 0.082 0.152811
0 0.0711377 0.136408 0.0658154 0.13436 0.0607646 0.129447 0.0628125 0.122623 0.0701826 0.123169 0.0768701 0.126581 0.0752324 0.134088
0 0.0851113 0.135333 0.08179 0.133625 0.0798926 0.128597 0.0824541 0.125939 0.0865342 0.127647 0.0887168 0.131253
0 0.099249 0.13761 0.0945049 0.134954 0.0922275 0.127933 0.0957383 0.123947 0.101906 0.122998 0.107694 0.125845 0.107504 0.133341 0.104753 0.135428
0 0.122249 0.174154 0.114265 0.173255 0.113702 0.16617 0.11359 0.156725 0.121911 0.152451 0.128546 0.156837 0.134394 0.163696 0.132032 0.173029
1 0.0985957 0.1635 0.0887607 0.166822 0.0874316 0.159513 0.0896904 0.150209 0.0938105 0.141437 0.100854 0.136919 0.110689 0.135723 0.120392 0.13745 0.125708 0.146355 0.119195 0.150476 0.113348 0.153399 0.106835 0.159911 0.10112 0.162702
0 0.0296172 0.259136 0.0182578 0.261786 0.00916992 0.254592 0 0.24361 0 0.200823 0.00879199 0.196658 0.0209082 0.200066 0.0269668 0.206882 0.0352969 0.212562 0.0405977 0.218999 0.0470352 0.226571 0.0485498 0.22979 0.0500645 0.233009 0.0402197 0.249669
0 0.0842109 0.27003 0.0734453 0.272184 0.0632168 0.265993 0.0621406 0.250382 0.067793 0.236117 0.0764062 0.222659 0.08475 0.233426 0.0869033 0.244191 0.0866338 0.256842 0.0855566 0.267339
0 0.112203 0.282681 0.098207 0.27649 0.0936318 0.264378 0.091748 0.24796 0.0952471 0.233964 0.106013 0.228312 0.115702 0.234232 0.1227 0.245269 0.125661 0.259803 0.120278 0.275145
0 0.144758 0.270848 0.135306 0.271869 0.128407 0.263949 0.122787 0.249643 0.12994 0.240446 0.139648 0.241724 0.147313 0.250154 0.15421 0.259351
0 0.150634 0.293073 0.142714 0.290263 0.143141 0.290745 0.136149 0.285585 0.131654 0.274931 0.140478 0.267439 0.149134 0.269604 0.15546 0.276929 0.157457 0.283421 0.153129 0.288581
0 0.163246 0.264545 0.158739 0.26112 0.152789 0.252285 0.160001 0.244532 0.169557 0.245435 0.172802 0.252826 0.170098 0.261841
0 0.191192 0.268872 0.184341 0.266348 0.182538 0.254629 0.186685 0.245254 0.194979 0.247237 0.197862 0.254269 0.198043 0.265987
1 0.237205 0.322155 0.22807 0.316412 0.216585 0.312497 0.209799 0.304145 0.209276 0.282741 0.204578 0.285352 0.19787 0.279866 0.193501 0.270603 0.205036 0.253998 0.218146 0.2519 0.228283 0.254522 0.2351 0.262562 0.2351 0.262562 0.244188 0.278118 0.246985 0.287382 0.249957 0.295771 0.25153 0.30119 0.246461 0.30993 0.242615 0.316571
0 0.268834 0.300142 0.26027 0.298743 0.253103 0.287382 0.253977 0.274972 0.26761 0.271651 0.274077 0.280216 0.275126 0.292975
1 0.28564 0.32025 0.273769 0.319953 0.269613 0.308081 0.280001 0.296804 0.294841 0.283448 0.31146 0.289384 0.322441 0.301255 0.32808 0.317578 0.327783 0.333309 0.324519 0.347554 0.316803 0.362097 0.312054 0.361206 0.303744 0.359426 0.297512 0.356457 0.291279 0.348147 0.281188 0.344586
0 0.341391 0.370824 0.33109 0.369316 0.327069 0.352985 0.336617 0.340926 0.351189 0.338916 0.352948 0.352232 0.345913 0.365548
0 0.353843 0.425375 0.343955 0.418312 0.349605 0.403056 0.363449 0.394862 0.373337 0.3991 0.372489 0.412661 0.362884 0.420289
0 0.37446 0.489777 0.363297 0.486156 0.355452 0.46926 0.363599 0.456588 0.378081 0.455984 0.385021 0.472579 0.378081 0.484045
0 0.404646 0.617957 0.401282 0.614863 0.401619 0.609979 0.403266 0.608396 0.406242 0.607952 0.408774 0.608965 0.409978 0.611308 0.410041 0.613334 0.408521 0.615297
0 0.371188 0.651652 0.363992 0.650665 0.362863 0.643329 0.369776 0.637968 0.375844 0.642905 0.377818 0.649113
0 0.332046 0.686216 0.328449 0.68474 0.326696 0.679944 0.330663 0.676438 0.334444 0.677546 0.337949 0.680682 0.335828 0.684279
0 0.323296 0.731463 0.318121 0.728185 0.313291 0.71956 0.318812 0.71197 0.326919 0.71404 0.332611 0.71956 0.330886 0.726287
0 0.242733 0.917108 0.231724 0.914968 0.219186 0.901512 0.225607 0.883163 0.244568 0.881328 0.254049 0.89142 0.255271 0.909769
1 0.171426 1 0.19705 0.964676 0.219157 0.944491 0.240623 0.942569 0.256963 0.952821 0.268817 0.9682 0.292526 0.956346 0.310468 0.968841 0.334497 0.985822 0.350837 0.997676 0.354041 1
0 0.218151 0.943957 0.208926 0.938757 0.201714 0.92752 0.20272 0.909068 0.218654 0.903869 0.23157 0.911081 0.237273 0.926513 0.233415 0.935234
0 0.265209 0.906286 0.259925 0.905625 0.25332 0.895981 0.250149 0.887923 0.251866 0.874316 0.26719 0.875901 0.278552 0.883035 0.276835 0.899284
0 0.226777 0.188223 0.222132 0.185945 0.221676 0.179568 0.224409 0.175105 0.230057 0.174377 0.233882 0.177747 0.234064 0.182848 0.231149 0.187129
0 0.324657 0.227836 0.321906 0.224518 0.321501 0.218043 0.322392 0.212945 0.326843 0.211569 0.328866 0.216182 0.328785 0.222252 0.325791 0.22646
0 0.172296 0.15405 0.168397 0.154624 0.164951 0.153763 0.164186 0.149263 0.167536 0.143806 0.17328 0.144284 0.175387 0.146773 0.175482 0.15022
0 0.178611 0.16792 0.175839 0.165525 0.173065 0.160357 0.177226 0.15708 0.181511 0.157459 0.182393 0.163131 0.181259 0.16666
0 0.191394 0.168926 0.188268 0.167928 0.186938 0.165002 0.1888 0.161877 0.192324 0.16161 0.194452 0.163738 0.194718 0.167396
0 0.201518 0.166434 0.199748 0.165473 0.198535 0.162996 0.200001 0.160722 0.202377 0.160418 0.204854 0.162086 0.204602 0.164462
0 0.213351 0.166746 0.21052 0.166808 0.207813 0.165393 0.206582 0.161762 0.207936 0.158809 0.212242 0.158255 0.215073 0.158562 0.217165 0.161577 0.215381 0.164347
0 0.224979 0.1681 0.221719 0.166992 0.219134 0.161885 0.222334 0.158132 0.227071 0.159116 0.230641 0.160839 0.232363 0.164777 0.229226 0.1681
0 0.206874 0.174556 0.202133 0.174091 0.200273 0.168978 0.204922 0.166189 0.208175 0.168234 0.207989 0.171674
0 0.25544 0.188399 0.249764 0.187042 0.246915 0.182451 0.247763 0.177534 0.252171 0.174906 0.257088 0.175584 0.260563 0.178467 0.260648 0.183638 0.258021 0.186944
0 0.278814 0.192103 0.272968 0.190559 0.271203 0.183278 0.274402 0.177322 0.282123 0.175558 0.285763 0.179639 0.287308 0.185815 0.283888 0.191882
0 0.308927 0.200927 0.303853 0.19839 0.302529 0.192434 0.307271 0.188684 0.315544 0.188021 0.321391 0.19111 0.320949 0.197618 0.315104 0.200816
0 0.33532 0.20398 0.329484 0.202989 0.327502 0.195281 0.332457 0.191758 0.336531 0.192859 0.339835 0.196603 0.337412 0.201448
0 0.353566 0.216527 0.350615 0.214993 0.346012 0.210271 0.34849 0.204487 0.355219 0.203425 0.358288 0.207792 0.357107 0.212632
0 0.339401 0.224436 0.333499 0.221131 0.333381 0.213104 0.340582 0.208383 0.346248 0.212042 0.346248 0.218652 0.342471 0.222901
1 0.420735 0.257674 0.407123 0.261908 0.397141 0.254951 0.389275 0.249809 0.37899 0.243153 0.368101 0.234684 0.359933 0.225911 0.366891 0.210484 0.375663 0.217744 0.385646 0.226214 0.397442 0.236196 0.411963 0.245876
0 0.425394 0.289215 0.420768 0.289412 0.417716 0.284294 0.420078 0.279472 0.424409 0.276519 0.428247 0.278782 0.429822 0.283999
0 0.428036 0.306763 0.42394 0.305358 0.421131 0.29974 0.42511 0.295878 0.429792 0.29541 0.433186 0.301379 0.430494 0.306178
0 0.445121 0.395897 0.439605 0.39386 0.438299 0.38853 0.445338 0.385313 0.450165 0.387021 0.450567 0.391949
0 0.449662 0.417795 0.444936 0.417493 0.443327 0.412867 0.442824 0.407738 0.445841 0.403917 0.45097 0.40271 0.453987 0.40633 0.453887 0.412867
0 0.453526 0.427532 0.450563 0.427173 0.448498 0.422773 0.452449 0.419093 0.456399 0.42035 0.457208 0.423223
0 0.466814 0.434267 0.464839 0.431304 0.463492 0.425916 0.467802 0.423223 0.471214 0.424479 0.471753 0.429957 0.469238 0.43301
0 0.458044 0.398044 0.455167 0.397695 0.45412 0.390808 0.457346 0.386798 0.4597 0.3895 0.460921 0.394557 0.460311 0.397259
0 0.437476 0.278137 0.433476 0.278581 0.430275 0.274314 0.432675 0.27147 0.438098 0.271914 0.441119 0.274492 0.44023 0.276714
0 0.43971 0.287889 0.436485 0.289046 0.433427 0.286648 0.432931 0.28235 0.435659 0.28053 0.440289 0.280861 0.4431 0.28268 0.442521 0.285491
0 0.442735 0.301849 0.439635 0.302345 0.438705 0.298376 0.43852 0.294532 0.441558 0.290315 0.444161 0.291122 0.446518 0.294098 0.446951 0.298935
0 0.447104 0.312957 0.442807 0.312796 0.441636 0.309176 0.441582 0.305183 0.444511 0.302414 0.448558 0.302894 0.449516 0.306354 0.45058 0.309335 0.449462 0.311519
0 0.44955 0.322943 0.446053 0.32164 0.445163 0.316779 0.44872 0.314526 0.452869 0.315297 0.45441 0.318676 0.45281 0.321283
0 0.454186 0.33239 0.45232 0.330897 0.452071 0.32754 0.454559 0.326172 0.456797 0.328597 0.456176 0.332017
0 0.440091 0.367989 0.438411 0.364001 0.441979 0.360643 0.445968 0.362741 0.444394 0.367359
0 0.445211 0.379621 0.442636 0.378263 0.441992 0.374399 0.443565 0.372325 0.4475 0.371968 0.449646 0.374399 0.449359 0.377618
0 0.448036 0.345204 0.444309 0.345838 0.440105 0.343697 0.437727 0.337353 0.440344 0.331881 0.444547 0.330216 0.446768 0.33196 0.448115 0.33878 0.448115 0.344252
0 0.438599 0.333229 0.433762 0.332595 0.432889 0.327757 0.433048 0.323713 0.435982 0.320064 0.439551 0.320144 0.442802 0.323236 0.44415 0.328471 0.443675 0.331088
0 0.481021 0.468864 0.476915 0.469548 0.473322 0.465527 0.474776 0.460737 0.478882 0.459711 0.481962 0.460994 0.483073 0.464587 0.482047 0.466896
0 0.477183 0.459729 0.473516 0.45922 0.472396 0.454636 0.475858 0.451987 0.479933 0.45321 0.48034 0.458404
0 0.466487 0.459423 0.461293 0.459016 0.460885 0.453923 0.465163 0.450766 0.468524 0.453719 0.468524 0.457896
0 0.471147 0.498504 0.468318 0.497126 0.466288 0.493862 0.468536 0.490889 0.471728 0.490018 0.475209 0.491396 0.476007 0.494732 0.474847 0.497271
0 0.484651 0.500545 0.482174 0.499044 0.481048 0.495591 0.483226 0.492063 0.487054 0.492287 0.489981 0.495215 0.487805 0.499794
0 0.476884 0.531818 0.471735 0.530675 0.468417 0.525526 0.473909 0.520034 0.479744 0.52175 0.481574 0.526098 0.479973 0.530217
0 0.483835 0.487461 0.479029 0.485586 0.479498 0.47996 0.483835 0.478554 0.486765 0.481953 0.486296 0.486523
0 0.483729 0.594426 0.475179 0.589051 0.480798 0.577079 0.492037 0.578789 0.493015 0.588562 0.490571 0.592716
0 0.544648 0.699191 0.533413 0.696548 0.525924 0.684433 0.52306 0.673418 0.529669 0.66769 0.53826 0.668571 0.544207 0.673639 0.547732 0.683992 0.550155 0.69038 0.545749 0.696769
0 0.590908 0.687517 0.57703 0.688397 0.565796 0.680688 0.573285 0.669013 0.583639 0.663505 0.60016 0.65954 0.621308 0.653372 0.629019 0.65183 0.630561 0.663945 0.618885 0.67474 0.605888 0.684873 0.597076 0.685975
0 0.690337 0.240025 0.681243 0.241929 0.671937 0.237699 0.665382 0.227548 0.666228 0.217607 0.673418 0.209994 0.688011 0.211475 0.698585 0.216339 0.699008 0.229451
0 0.816535 0.564871 0.808979 0.563871 0.802535 0.55676 0.798979 0.546203 0.806646 0.539759 0.817536 0.538759 0.824313 0.542314 0.826536 0.548537 0.824092 0.557648 0.819313 0.56276
0 0.826445 0.579915 0.820589 0.581054 0.814732 0.577638 0.815871 0.569341 0.823843 0.563484 0.831001 0.563646 0.83214 0.570154 0.83035 0.578288
0 0.805623 0.59358 0.799115 0.592116 0.797977 0.582843 0.803996 0.576824 0.810178 0.582192 0.811479 0.590326
0 0.770247 0.611046 0.765558 0.608488 0.765273 0.601242 0.772946 0.594848 0.783318 0.593711 0.787013 0.600247 0.784598 0.604794 0.779198 0.606215
0 0.727733 0.621098 0.726333 0.61884 0.726255 0.61417 0.732716 0.612379 0.734817 0.615025 0.733339 0.619308
0 0.716602 0.624679 0.713722 0.624212 0.711932 0.620086 0.713644 0.61635 0.71777 0.616271 0.720806 0.619541 0.720572 0.622577
0 0.705859 0.628727 0.703446 0.628648 0.701812 0.624445 0.70329 0.621721 0.706793 0.621409 0.709362 0.624134 0.708506 0.626702
0 0.682032 0.639982 0.679987 0.639982 0.677586 0.63598 0.679987 0.63189 0.683811 0.63189 0.68639 0.634291 0.686301 0.63687
0 0.666265 0.64602 0.663487 0.644532 0.664198 0.640946 0.666192 0.639529 0.668448 0.639372 0.669813 0.640894 0.669918 0.643255 0.668238 0.645038
0 0.651612 0.651642 0.649105 0.651052 0.647631 0.647513 0.651022 0.645301 0.653604 0.64707 0.652866 0.649946
0 0.587826 0.738445 0.582499 0.738922 0.577552 0.736828 0.574031 0.73055 0.574412 0.722177 0.581928 0.719133 0.587731 0.721892 0.591632 0.725792 0.591347 0.732737
0 0.621103 0.712822 0.617107 0.710968 0.615825 0.704579 0.62118 0.703588 0.62574 0.707256 0.625046 0.711421
0 0.634862 0.709339 0.631095 0.707752 0.628517 0.700018 0.632979 0.697837 0.636449 0.698828 0.639027 0.70101 0.639027 0.704579
0 0.621826 0.77779 0.615162 0.77981 0.610921 0.774559 0.609709 0.764865 0.616373 0.761634 0.621624 0.776376
0 0.337126 0.840299 0.332878 0.841361 0.328022 0.838327 0.326506 0.830285 0.331664 0.825733 0.338492 0.824368 0.342892 0.831044 0.341678 0.836051
0 0.305581 0.861059 0.298164 0.867628 0.288204 0.870383 0.288628 0.85788 0.296469 0.847707 0.2988 0.838383 0.311516 0.836052 0.319992 0.836264 0.324019 0.843893 0.314906 0.854701
0 0.414716 0.850718 0.403758 0.847258 0.398855 0.832263 0.406931 0.825053 0.418754 0.824477 0.425386 0.831686 0.426828 0.840625 0.421637 0.845527
0 0.448744 0.813519 0.438939 0.801983 0.430288 0.784104 0.438362 0.776606 0.448167 0.780355 0.453069 0.792467 0.453935 0.802271
0 0.411256 0.815248 0.397414 0.83082 0.379823 0.840913 0.355312 0.83976 0.357331 0.82563 0.370019 0.807751 0.395684 0.791891 0.409525 0.791025 0.422214 0.794486 0.425675 0.7991
0 0.500462 0.90688 0.497521 0.905981 0.494255 0.903777 0.4945 0.897897 0.496787 0.892834 0.50283 0.892752 0.505443 0.896101 0.50724 0.897897 0.505934 0.902144 0.50479 0.90394
0 0.469766 0.905385 0.465737 0.900258 0.463174 0.895253 0.463174 0.888051 0.467568 0.883656 0.47355 0.882802 0.478188 0.884022 0.480752 0.890858 0.481484 0.898793 0.475625 0.904042
1 0.505244 0.987532 0.521209 0.953384 0.538506 0.934314 0.560236 0.938749 0.573984 0.948063 0.589063 0.964472 0.59261 0.979993 0.596603 0.995072 0.595271 1 0.506574 1
0 0.623284 0.796283 0.616416 0.794128 0.612892 0.78389 0.623297 0.779526 0.627325 0.788086 0.62615 0.794464
0 0.755717 0.968671 0.751762 0.968976 0.747504 0.967606 0.743093 0.96061 0.748416 0.954375 0.755564 0.95407 0.761344 0.957873 0.759671 0.965478
0 0.747953 0.955915 0.745297 0.95527 0.742712 0.951248 0.743357 0.946796 0.746374 0.946222 0.748815 0.948088 0.750467 0.95053 0.749964 0.953259
0 0.489258 0.5 0.491211 0.50293 0.494141 0.507812 0.490234 0.513672 0.490234 0.513672 0.483398 0.511719 0.480469 0.50293 0.485352 0.500977
0 0.480469 0.507812 0.481445 0.514648 0.482422 0.518555 0.476562 0.519531 0.47168 0.515625 0.47168 0.515625 0.474609 0.508789 0.474609 0.508789
0 0.491211 0.513672 0.491211 0.516602 0.487305 0.520508 0.484375 0.514648
0 0.493164 0.517578 0.496094 0.521484 0.491211 0.525391 0.485352 0.523438 0.488281 0.518555
0 0.473633 0.476562 0.475586 0.481445 0.475586 0.490234 0.46875 0.490234 0.463867 0.485352 0.466797 0.475586
0 0.464844 0.466797 0.472656 0.467773 0.472656 0.474609 0.466797 0.476562 0.461914 0.472656 0.461914 0.472656
0 0.493164 0.525391 0.495117 0.53125 0.488281 0.53125 0.487305 0.525391
0 0.494141 0.530273 0.496094 0.536133 0.493164 0.538086 0.486328 0.535156
0 0.493164 0.538086 0.496094 0.541016 0.491211 0.547852 0.487305 0.541992 0.487305 0.536133
0 0.480469 0.53125 0.483398 0.537109 0.476562 0.540039 0.473633 0.535156
0 0.481445 0.537109 0.483398 0.542969 0.483398 0.550781 0.478516 0.552734 0.473633 0.546875 0.475586 0.539062
0 0.487305 0.551758 0.491211 0.555664 0.491211 0.55957 0.486328 0.560547 0.483398 0.554688
0 0.479492 0.563477 0.479492 0.567383 0.477539 0.572266 0.472656 0.570312 0.473633 0.56543
0 0.495117 0.59375 0.496094 0.599609 0.491211 0.602539 0.485352 0.598633 0.487305 0.59375
1 0.480469 0.603516 0.486328 0.606445 0.488281 0.612305 0.488281 0.618164 0.493164 0.625977 0.496094 0.626953 0.494141 0.619141 0.491211 0.609375 0.491211 0.604492 0.5 0.603516 0.5 0.598633 0.505859 0.595703 0.513672 0.601562 0.522461 0.603516 0.522461 0.603516 0.525391 0.612305 0.526367 0.620117 0.529297 0.625 0.527344 0.629883 0.523438 0.632812 0.524414 0.640625 0.515625 0.648438 0.510742 0.652344 0.50293 0.657227 0.491211 0.652344 0.486328 0.645508 0.479492 0.638672 0.477539 0.633789 0.476562 0.626953 0.472656 0.621094 0.473633 0.614258 0.46875 0.605469 0.472656 0.600586
0 0.512695 0.670898 0.516602 0.675781 0.513672 0.681641 0.504883 0.683594 0.500977 0.674805 0.505859 0.668945 0.505859 0.668945
0 0.512695 0.680664 0.521484 0.68457 0.522461 0.69043 0.516602 0.691406 0.511719 0.694336 0.511719 0.694336 0.506836 0.69043 0.508789 0.682617
0 0.509766 0.695312 0.513672 0.700195 0.513672 0.706055 0.507812 0.707031 0.503906 0.702148
0 0.146484 0.789062 0.162109 0.785156 0.175781 0.791992 0.182617 0.805664 0.179688 0.814453 0.173828 0.821289 0.154297 0.823242 0.145508 0.833984 0.128906 0.825195 0.125 0.810547 0.125 0.810547 0.124023 0.796875
0 0.121094 0.821289 0.126953 0.828125 0.126953 0.836914 0.118164 0.84082 0.111328 0.829102
0 0.120117 1 0.128906 0.980469 0.148438 0.963867 0.163086 0.963867 0.173828 0.974609 0.178711 0.988281 0.174805 1 0.174805 1
0 0.195312 0.938477 0.201172 0.945312 0.196289 0.953125 0.196289 0.953125 0.189453 0.945312
1 0.53418 0.738281 0.541016 0.742188 0.544922 0.746094 0.549805 0.749023 0.551758 0.753906 0.552734 0.758789 0.560547 0.764648 0.560547 0.764648 0.567383 0.769531 0.575195 0.775391 0.576172 0.78418 0.587891 0.789062 0.59668 0.804688 0.605469 0.805664 0.614258 0.822266 0.614258 0.830078 0.624023 0.833984 0.628906 0.842773 0.636719 0.84375 0.639648 0.833984 0.649414 0.836914 0.660156 0.847656 0.669922 0.859375 0.68457 0.870117 0.695312 0.881836 0.708008 0.897461 0.705078 0.907227 0.692383 0.900391 0.685547 0.910156 0.675781 0.902344 0.666016 0.900391 0.657227 0.889648 0.641602 0.876953 0.624023 0.881836 0.615234 0.873047 0.609375 0.863281 0.595703 0.856445 0.59375 0.84668 0.595703 0.837891 0.585938 0.833008 0.581055 0.823242 0.569336 0.8125 0.558594 0.795898 0.546875 0.785156 0.544922 0.771484 0.538086 0.765625 0.537109 0.755859 0.52832 0.750977 0.527344 0.740234
0 0.699219 0.904297 0.702148 0.912109 0.698242 0.915039 0.692383 0.915039 0.68457 0.913086 0.685547 0.905273 0.691406 0.900391
0 1 0.314453 0.989258 0.313477 0.984375 0.320312 0.981445 0.336914 0.985352 0.345703 1 0.347656
0 0.788086 0.978516 0.796875 0.986328 0.798828 0.995117 0.791992 0.998047 0.786133 0.991211 0.785156 0.983398 0.785156 0.983398
