0 0.029124 0.460719 0.0205947 0.460511 0.0143535 0.455103 0.0180977 0.443452 0.027875 0.44262 0.0370293 0.445324 0.0382773 0.453229
0 0.0977207 0.609896 0.0871025 0.606477 0.080084 0.600357 0.0734248 0.58956 0.0781045 0.58344 0.0842236 0.58128 0.0928613 0.58542 0.100061 0.5901 0.107259 0.598918 0.10438 0.608815
0 0.0809912 0.675552 0.0738271 0.671799 0.0671738 0.665999 0.0639326 0.658493 0.0664912 0.652181 0.0755322 0.650816 0.0821855 0.655764 0.088668 0.660711 0.0910566 0.666852 0.0878154 0.673163
0 0.0198066 0.649785 0.0150322 0.648714 0.0126934 0.644036 0.0159092 0.640527 0.0211719 0.640527 0.0226328 0.64618
0 0.0338184 0.638834 0.03221 0.638441 0.0307979 0.636715 0.0303662 0.634439 0.0322881 0.633224 0.0344072 0.632713 0.0360938 0.634282 0.0363291 0.636754 0.0351914 0.638323
0 0.0428359 0.631541 0.0400527 0.631541 0.0377949 0.62944 0.0365879 0.625766 0.038793 0.62314 0.0428887 0.621723 0.0453037 0.624452 0.0465635 0.627551 0.0453564 0.630229
0 0.0655107 0.631381 0.0632598 0.630336 0.0598037 0.629934 0.0579551 0.625674 0.0629385 0.625513 0.0667168 0.628567 0.0671191 0.631301
0 0.0815674 0.64208 0.0770732 0.639693 0.0738437 0.636885 0.0756689 0.629723 0.0808652 0.630706 0.085499 0.634638 0.0856396 0.641378
0 0.0246387 0.741221 0.0136816 0.740167 0.0107314 0.727523 0.0164209 0.719095 0.0248496 0.721624 0.0328564 0.72626 0.0328564 0.735531
0 0.0650967 0.766838 0.0563662 0.762822 0.0532236 0.754966 0.0553193 0.744141 0.0628262 0.738379 0.0727783 0.740998 0.0797627 0.749553 0.07854 0.760378 0.0717314 0.764045
0 0.111898 0.706444 0.104648 0.706825 0.102068 0.707033 0.0990469 0.703235 0.098874 0.697624 0.103018 0.694861 0.109578 0.694171 0.117089 0.694688 0.122441 0.697192 0.124341 0.701768 0.121492 0.704357
0 0.144256 0.685551 0.141673 0.684725 0.140329 0.680487 0.14343 0.676974 0.147047 0.676457 0.147253 0.680694 0.146427 0.683691
0 0.107843 0.770645 0.102072 0.772614 0.098835 0.768814 0.0968652 0.760651 0.102354 0.75657 0.107983 0.757415 0.112205 0.762622 0.111783 0.766703
0 0.0405078 0.83844 0.0311807 0.838201 0.0249619 0.833179 0.0211357 0.821221 0.0280713 0.814284 0.0366807 0.817154 0.0450518 0.821698 0.0472041 0.833418
0 0.126595 0.769911 0.124251 0.768739 0.122859 0.766322 0.123592 0.763026 0.126009 0.762074 0.129158 0.763612 0.129817 0.767421
0 0.137591 0.781989 0.13428 0.780388 0.131397 0.776437 0.133426 0.770351 0.138231 0.768749 0.142396 0.771312 0.143784 0.776224 0.142396 0.779747
0 0.160711 0.8263 0.154879 0.828383 0.150875 0.828059 0.14633 0.825786 0.144166 0.81951 0.145789 0.814531 0.150551 0.811177 0.156069 0.813233 0.160289 0.816588 0.161047 0.823297
0 0.139542 0.802006 0.133508 0.799013 0.130515 0.793151 0.130889 0.786417 0.136999 0.781554 0.144856 0.781304 0.150094 0.787165 0.150344 0.794149 0.147226 0.799637
0 0.167304 0.79153 0.161317 0.788911 0.158948 0.781554 0.161068 0.776689 0.168302 0.774195 0.174412 0.776565 0.175909 0.7833 0.171544 0.789909
0 0.222882 0.75183 0.218636 0.748608 0.21644 0.743924 0.220686 0.738507 0.226835 0.738799 0.228299 0.744217 0.225811 0.749194
0 0.187859 0.673258 0.181453 0.670997 0.178062 0.666287 0.179945 0.651591 0.187482 0.647258 0.195396 0.648953 0.200105 0.656866
0 0.205957 0.826532 0.200713 0.829154 0.194754 0.830823 0.186888 0.833684 0.181167 0.827486 0.188795 0.819144 0.201189 0.81676 0.204527 0.822004
0 0.227931 0.836602 0.222795 0.837318 0.219211 0.833974 0.218137 0.827763 0.222795 0.825852 0.226259 0.828002 0.228767 0.83254
0 0.235098 0.831824 0.229125 0.830391 0.2259 0.824776 0.228289 0.819879 0.232231 0.817132 0.236292 0.818326 0.239278 0.82179 0.239039 0.827165
0 0.170898 0.996094 0.164675 0.991503 0.159825 0.983115 0.163495 0.973155 0.172669 0.968699 0.181318 0.971976 0.186036 0.980363 0.183284 0.990586
0 0.265864 0.989593 0.26003 0.989186 0.255417 0.983622 0.254738 0.975481 0.261115 0.971683 0.265729 0.973718 0.269257 0.978467 0.26885 0.985386
0 0.260439 0.942641 0.257457 0.941987 0.255686 0.93919 0.257923 0.935648 0.261186 0.935275 0.262864 0.938072 0.263609 0.940683
0 0.271721 0.936114 0.269834 0.93555 0.268725 0.933598 0.269435 0.931512 0.272464 0.930576 0.273703 0.933674
0 0.307237 0.915838 0.305028 0.914981 0.304081 0.912592 0.303855 0.909706 0.306426 0.907723 0.308905 0.908038 0.310799 0.910022 0.311656 0.912952 0.309762 0.915162
0 0.24332 0.77028 0.239402 0.7674 0.236292 0.761755 0.235024 0.75634 0.238827 0.75369 0.246085 0.75346 0.248504 0.757031 0.248619 0.763944 0.246085 0.768092
0 0.259562 0.784962 0.255629 0.785399 0.253517 0.783214 0.253881 0.77899 0.256794 0.777388 0.260873 0.778626 0.261455 0.781685
0 0.215255 0.768435 0.210001 0.766842 0.20618 0.760792 0.209046 0.754424 0.216529 0.751876 0.221783 0.756016 0.223057 0.762543 0.21828 0.766523
0 0.192328 0.774644 0.186756 0.772097 0.184367 0.767798 0.188666 0.763977 0.194239 0.762225 0.196149 0.766364 0.195035 0.772733
0 0.273137 0.812832 0.271708 0.811721 0.270755 0.809127 0.272025 0.806851 0.274354 0.806427 0.27573 0.808227 0.275837 0.81045
0 0.277266 0.820137 0.274566 0.819343 0.274195 0.816432 0.275783 0.814155 0.278695 0.814155 0.280124 0.815373 0.278642 0.818813
0 0.282121 0.828466 0.279066 0.827349 0.278173 0.823623 0.280929 0.821239 0.283238 0.822431 0.283983 0.824666
0 0.287411 0.834649 0.285102 0.834202 0.283313 0.831521 0.284654 0.828093 0.287933 0.828689 0.289646 0.832638
0 0.419768 0.975705 0.414702 0.973039 0.412436 0.969706 0.413769 0.962641 0.417102 0.960107 0.424167 0.961707 0.425767 0.969173 0.4239 0.974238
0 0.369722 0.936237 0.364622 0.93461 0.362451 0.929076 0.363211 0.922999 0.368854 0.919526 0.37352 0.921696 0.375147 0.926037 0.374714 0.930595 0.374496 0.932548
0 0.43339 0.653711 0.429373 0.652372 0.427426 0.647139 0.424262 0.644947 0.427305 0.640444 0.431686 0.640932 0.436067 0.645435 0.436676 0.652737
0 0.511532 0.712086 0.505762 0.710933 0.500338 0.7032 0.501262 0.69443 0.50807 0.691083 0.516264 0.692237 0.519956 0.699046 0.517187 0.707009
0 0.498148 0.684741 0.492373 0.684978 0.488366 0.680263 0.486952 0.671895 0.494259 0.669538 0.499563 0.670009 0.503923 0.673073 0.502745 0.679791
0 0.479996 0.65751 0.476608 0.655512 0.47348 0.650994 0.472091 0.644739 0.476 0.640569 0.481387 0.641959 0.483731 0.645695 0.484601 0.650212 0.483818 0.653514
0 0.466217 0.630893 0.462232 0.629462 0.45835 0.625376 0.455591 0.618633 0.457328 0.612502 0.462641 0.611889 0.468056 0.61475 0.471938 0.618326 0.472449 0.625069 0.469384 0.62885
0 0.417169 0.529155 0.411575 0.52647 0.403966 0.524009 0.401694 0.522419 0.398732 0.515839 0.400158 0.509696 0.405423 0.507283 0.41014 0.507832 0.413101 0.512438 0.415952 0.516277 0.418365 0.519458 0.419682 0.524832
0 0.432185 0.557955 0.425165 0.553896 0.418256 0.544684 0.416281 0.535471 0.420229 0.534374 0.424288 0.537007 0.429113 0.541503 0.432952 0.547097 0.434159 0.554226
0 0.437358 0.579475 0.433544 0.578744 0.429892 0.575741 0.428674 0.571034 0.430378 0.566083 0.433949 0.564622 0.437927 0.565434 0.441092 0.567139 0.443283 0.572251 0.443771 0.577202
0 0.369163 0.445176 0.360673 0.443712 0.354816 0.438149 0.349546 0.431122 0.347644 0.422338 0.352182 0.41736 0.358623 0.417946 0.364625 0.420581 0.374141 0.432732 0.375751 0.439467
0 0.32186 0.220674 0.314454 0.245712 0.302465 0.253822 0.288006 0.243596 0.285185 0.2309 0.288358 0.211505 0.315513 0.198104
0 0.451813 0.281415 0.44636 0.281834 0.443005 0.276242 0.445941 0.27121 0.451253 0.272049 0.453351 0.27736
0 0.441335 0.257903 0.432629 0.250252 0.439488 0.237852 0.448195 0.24049 0.449515 0.252362
0 0.470885 0.230728 0.459804 0.22466 0.450569 0.210677 0.46508 0.209885 0.475106 0.221494 0.476689 0.23152
1 0.562797 0.185138 0.550875 0.183548 0.537629 0.177984 0.53392 0.163943 0.541603 0.150432 0.55114 0.154406 0.566241 0.149637 0.583991 0.144604 0.590614 0.152816 0.587965 0.163943 0.573129 0.17507
0 0.64186 0.0390977 0.623912 0.0361055 0.620174 0.0162881 0.635878 0.00694043 0.651956 0.0114277 0.659061 0.0260098
1 0.657666 0.229962 0.647216 0.237178 0.633283 0.225235 0.621092 0.208067 0.615618 0.189158 0.636518 0.170996 0.644306 0.178958 0.646932 0.189625 0.649885 0.201769 0.653824 0.218508 0.657599 0.228683
0 0.670727 0.222774 0.665476 0.221298 0.660389 0.214897 0.664491 0.209646 0.672532 0.207513 0.680245 0.211451 0.676963 0.219656
0 0.853071 0.238985 0.849937 0.237147 0.850585 0.231094 0.853937 0.231526 0.855882 0.234985 0.855882 0.236932
0 0.858551 0.250694 0.855311 0.248348 0.852964 0.243207 0.857992 0.239743 0.863021 0.241979 0.863468 0.247565
0 0.84172 0.272709 0.838523 0.273055 0.837228 0.2677 0.839905 0.264504 0.843533 0.263727 0.844915 0.267613
0 0.832514 0.283535 0.828142 0.281834 0.82632 0.276369 0.829356 0.273576 0.83385 0.274791 0.835308 0.280256
0 0.99996 0.338354 0.994531 0.337044 0.987793 0.330118 0.993222 0.321695 1 0.319823
0 0.993408 0.322069 0.983487 0.317951 0.97806 0.30672 0.98068 0.294179 0.988916 0.288002 0.99996 0.284445 1 0.319823
0 0.807153 0.351615 0.80385 0.348312 0.801734 0.343818 0.802792 0.337343 0.808871 0.335625 0.810985 0.341439 0.81191 0.347122
0 0.83686 0.426894 0.828143 0.422199 0.82479 0.412812 0.83239 0.405211 0.841107 0.408788 0.845131 0.418623
0 0.819338 0.398632 0.816031 0.398632 0.813523 0.395212 0.815461 0.389283 0.820706 0.388029 0.824696 0.390879 0.824924 0.394983
0 0.884186 0.0846631 0.875749 0.0807695 0.872288 0.0731982 0.878345 0.0686553 0.885916 0.0719004 0.888079 0.0781738
0 0.772945 0.172015 0.768436 0.170962 0.764828 0.166302 0.76603 0.159236 0.771142 0.155929 0.777154 0.159387 0.778508 0.167805
0 0.803475 0.303931 0.797415 0.30272 0.793578 0.294438 0.800243 0.289793 0.808726 0.291813 0.810543 0.300296
0 0.912829 0.580231 0.908284 0.579096 0.904875 0.573288 0.906896 0.566723 0.914345 0.563314 0.917753 0.568364 0.918258 0.574677
0 0.867024 0.612304 0.853347 0.610302 0.84534 0.595957 0.853681 0.581612 0.870027 0.577942 0.885706 0.585615 0.886373 0.59996
0 0.869035 0.631819 0.860087 0.630767 0.85535 0.622521 0.859561 0.614099 0.867632 0.613572 0.87272 0.619537 0.873246 0.626556
0 0.891399 0.624771 0.884963 0.624294 0.882222 0.6175 0.885439 0.612018 0.891995 0.612256 0.89581 0.617857
0 0.911599 0.493092 0.903617 0.492745 0.901361 0.485458 0.905179 0.477997 0.911945 0.476089 0.917844 0.48112 0.917671 0.488928
0 0.95382 0.712876 0.945592 0.710524 0.940744 0.70406 0.93898 0.696566 0.940009 0.688339 0.944711 0.683344 0.95338 0.684372 0.961754 0.690983 0.963518 0.702591 0.959403 0.710524
0 0.969415 0.761156 0.960882 0.757228 0.957631 0.750727 0.95587 0.737589 0.960204 0.73041 0.970092 0.728649 0.978625 0.73163 0.982959 0.74111 0.981062 0.752353 0.975916 0.757363
0 0.876854 0.742099 0.869953 0.741037 0.86482 0.73679 0.868183 0.723516 0.87597 0.721569 0.882164 0.723516 0.884288 0.732188 0.881103 0.738205
0 0.892783 0.732896 0.885704 0.730064 0.88358 0.721569 0.889774 0.716968 0.898978 0.718207 0.898801 0.728117
0 0.860003 0.756478 0.852816 0.754635 0.848947 0.746528 0.8495 0.7375 0.857607 0.735473 0.864978 0.739526 0.86553 0.751135
0 0.844157 0.767349 0.83476 0.763663 0.832181 0.753898 0.837893 0.747081 0.846184 0.747081 0.851343 0.756846 0.850237 0.762374
0 0.838998 0.7375 0.83476 0.733814 0.831628 0.726997 0.835865 0.720917 0.845631 0.720732 0.853369 0.724971 0.8495 0.733077
0 0.880916 0.791101 0.871883 0.786446 0.867503 0.771117 0.877357 0.764 0.889129 0.768106 0.891866 0.782614
0 0.890854 0.824978 0.884661 0.823866 0.882914 0.814654 0.888632 0.810684 0.89419 0.813066 0.895143 0.818783
0 0.82086 0.772715 0.816556 0.770191 0.819228 0.762325 0.824423 0.763066 0.826946 0.76841
0 0.843972 0.665019 0.837141 0.661044 0.836146 0.652847 0.839624 0.648251 0.845089 0.646016 0.850306 0.648748 0.853783 0.653592 0.851548 0.661292
0 0.791205 0.666231 0.78795 0.662977 0.787819 0.656596 0.791205 0.654643 0.796023 0.658028 0.794852 0.663106
0 0.798534 0.646825 0.795713 0.644005 0.795008 0.638833 0.797985 0.636639 0.801198 0.637657 0.801669 0.641811 0.800102 0.644866
0 0.660937 0.522998 0.654102 0.518931 0.650521 0.511771 0.649546 0.501845 0.652638 0.493221 0.66354 0.490454 0.672652 0.496149 0.676069 0.50819 0.672978 0.516815 0.670049 0.519907
0 0.655096 0.644863 0.650276 0.641774 0.649164 0.634854 0.656578 0.632136 0.660903 0.633742 0.660409 0.639303
0 0.661892 0.65685 0.656208 0.655119 0.654725 0.647705 0.658309 0.641279 0.665352 0.639179 0.67116 0.642392 0.670542 0.649806 0.666341 0.65339
0 0.663498 0.670565 0.657196 0.670071 0.654354 0.664635 0.656578 0.657097 0.663375 0.654749 0.667453 0.657838 0.668441 0.663275 0.666711 0.668712
0 0.680667 0.658502 0.676829 0.653384 0.675976 0.645564 0.682089 0.641158 0.689481 0.642722 0.691613 0.649119 0.69005 0.654521
0 0.709645 0.635098 0.699932 0.630241 0.694555 0.621049 0.700104 0.610816 0.710338 0.607 0.71901 0.609081 0.721959 0.616887 0.71849 0.622957 0.715715 0.631803
0 0.739477 0.622264 0.732712 0.618968 0.730631 0.606307 0.738609 0.603185 0.744507 0.608562 0.749189 0.61307 0.747108 0.618447
0 0.76133 0.606827 0.756994 0.603705 0.753005 0.599716 0.74971 0.593646 0.755434 0.590003 0.763064 0.589309 0.770696 0.593472 0.770003 0.60145 0.76636 0.603185
1 0.783568 0.587459 0.775086 0.58539 0.779017 0.57339 0.792673 0.567182 0.809433 0.558492 0.820812 0.557871 0.822468 0.565113 0.814605 0.570492 0.796604 0.578769
0 0.929349 0.606549 0.923608 0.60236 0.918799 0.595689 0.924694 0.592587 0.931055 0.597086 0.932296 0.602671
0 0.690086 0.890091 0.680986 0.888453 0.675526 0.878989 0.675709 0.870254 0.681714 0.863339 0.691359 0.864066 0.698821 0.870982 0.696273 0.883539
0 0.739759 0.881891 0.737159 0.878858 0.738242 0.873876 0.742142 0.872792 0.744416 0.876476 0.743333 0.88005
0 0.721844 0.987521 0.708023 0.985505 0.697657 0.974276 0.693339 0.960168 0.69881 0.951242 0.710614 0.952394 0.719252 0.960743 0.725586 0.975716
0 0.746617 0.963933 0.74306 0.959916 0.742142 0.95257 0.743978 0.9497 0.748798 0.947749 0.754078 0.951192 0.754996 0.958424 0.752815 0.962097
0 0.65563 0.86694 0.647734 0.868188 0.641086 0.86237 0.645864 0.853644 0.658331 0.853436 0.66311 0.861746
0 0.562884 0.812878 0.557775 0.810446 0.553884 0.80704 0.551572 0.800595 0.558019 0.795729 0.564465 0.795852 0.567991 0.800352 0.568356 0.805824
0 0.559167 0.795743 0.555704 0.79252 0.555227 0.785355 0.561196 0.783564 0.566092 0.785355 0.567883 0.790132
1 0.464811 0.94216 0.473596 0.945144 0.475253 0.957078 0.482878 0.971333 0.49448 0.977963 0.504757 0.98078 0.512713 0.991223 0.512382 0.999345 0.483872 0.998185 0.474425 0.988571 0.461661 0.968184
0 0.458379 0.955963 0.454592 0.953624 0.454703 0.947163 0.460606 0.943822 0.464171 0.947721 0.46406 0.953513
0 0.638752 0.846646 0.637446 0.846171 0.636536 0.844707 0.636496 0.842529 0.637961 0.841184 0.639702 0.841382 0.640811 0.842728 0.640771 0.844509 0.640454 0.845894
0 0.644333 0.846132 0.642789 0.844944 0.642473 0.842569 0.642987 0.840828 0.64457 0.840234 0.646113 0.840393 0.646628 0.841896 0.646826 0.843994 0.646074 0.845538
0 0.553195 0.856396 0.551259 0.856276 0.549887 0.853748 0.550327 0.851156 0.552589 0.850771 0.554188 0.85226 0.55463 0.854906
0 0.87158 0.883696 0.861056 0.884632 0.851935 0.879721 0.848193 0.86756 0.860354 0.862414 0.87158 0.866624 0.87766 0.874342
0 0.861523 0.911994 0.851467 0.911292 0.841411 0.905212 0.840943 0.893284 0.853104 0.884632 0.862225 0.891882 0.869007 0.902172
0 0.939194 0.965781 0.934546 0.966103 0.930938 0.961052 0.933984 0.957605 0.940237 0.956402 0.94192 0.961132
0 0.0514912 0.730166 0.0462695 0.727555 0.0438594 0.717713 0.0492822 0.712893 0.0559102 0.718114 0.0567139 0.726952
0 0.12793 0.0302734 0.123047 0.0253906 0.119141 0.0195312 0.118164 0.0146484 0.120117 0.00976562 0.12793 0.00683594 0.12793 0.00683594 0.133789 0.00488281 0.142578 0.00488281 0.146484 0.0078125 0.148438 0.0136719 0.147461 0.0195312 0.145508 0.0244141 0.145508 0.0244141
0 0.152344 0.0117188 0.147461 0.00976562 0.144531 0.00488281 0.143555 0 0.167969 0 0.168945 0.00390625 0.166016 0.0078125 0.161133 0.0117188
0 0.0625 0.0839844 0.0546875 0.0820312 0.0546875 0.0820312 0.0488281 0.0771484 0.0410156 0.0673828 0.0341797 0.0585938 0.0341797 0.0537109 0.0419922 0.0488281 0.0527344 0.0449219 0.0615234 0.0400391 0.0703125 0.0332031 0.0771484 0.0302734 0.0771484 0.0302734 0.0859375 0.0292969 0.09375 0.0332031 0.101562 0.0322266 0.105469 0.0380859 0.109375 0.0419922 0.116211 0.0439453 0.118164 0.0458984 0.12207 0.0498047 0.12207 0.0576172 0.125 0.0615234 0.129883 0.0703125 0.129883 0.0703125 0.129883 0.0771484 0.133789 0.0820312 0.134766 0.0898438 0.134766 0.0898438 0.130859 0.0957031 0.129883 0.103516 0.126953 0.106445 0.114258 0.107422 0.105469 0.110352 0.0966797 0.112305 0.0869141 0.112305 0.0810547 0.101562 0.0751953 0.0927734
0 0.450195 0.0537109 0.443359 0.0478516 0.436523 0.0380859 0.436523 0.0283203 0.44043 0.0195312 0.444336 0.0146484 0.455078 0.0117188 0.463867 0.0107422 0.47168 0.0078125 0.475586 0.0107422 0.481445 0.0166016 0.486328 0.0214844 0.486328 0.0214844 0.488281 0.0273438 0.489258 0.0322266 0.485352 0.0371094 0.473633 0.0400391 0.469727 0.046875 0.463867 0.0517578 0.463867 0.0517578 0.457031 0.0527344
0 0.452148 0.0615234 0.458984 0.0537109 0.469727 0.0498047 0.472656 0.0439453 0.476562 0.0400391 0.482422 0.0380859 0.490234 0.0371094 0.495117 0.0380859 0.499023 0.0429688 0.505859 0.046875 0.508789 0.0527344 0.509766 0.0595703 0.509766 0.0615234 0.504883 0.0683594 0.504883 0.0683594 0.499023 0.0732422 0.495117 0.0761719 0.484375 0.0830078 0.474609 0.0849609 0.466797 0.0859375 0.458984 0.0820312 0.454102 0.0751953 0.453125 0.0693359
0 0.481445 0.0947266 0.475586 0.0878906 0.489258 0.0800781 0.50293 0.0712891 0.510742 0.0625 0.517578 0.0673828 0.523438 0.0732422 0.526367 0.078125 0.526367 0.0839844 0.523438 0.0908203 0.516602 0.0947266 0.508789 0.0976562 0.508789 0.0976562 0.501953 0.0996094 0.495117 0.101562 0.487305 0.100586
1 0.567383 0.0771484 0.561523 0.0712891 0.558594 0.0625 0.551758 0.0517578 0.546875 0.0380859 0.544922 0.0273438 0.551758 0.0224609 0.560547 0.0117188 0.561523 0.0078125 0.570312 0.0078125 0.580078 0.00585938 0.587891 0.00683594 0.591797 0.0117188 0.591797 0.0117188 0.59668 0.015625 0.59668 0.015625 0.602539 0.0146484 0.610352 0.0175781 0.617188 0.0205078 0.62207 0.0302734 0.618164 0.0400391 0.62207 0.0419922 0.625 0.0507812 0.62793 0.0566406 0.62793 0.0566406 0.624023 0.0605469 0.624023 0.0654297 0.620117 0.0712891 0.611328 0.0751953 0.607422 0.078125 0.602539 0.0810547 0.592773 0.0830078 0.584961 0.0810547 0.581055 0.0800781 0.575195 0.078125
0 0.536133 0.123047 0.529297 0.119141 0.524414 0.113281 0.520508 0.103516 0.517578 0.0986328 0.521484 0.09375 0.526367 0.0927734 0.526367 0.0927734 0.533203 0.09375 0.541016 0.0957031 0.544922 0.0957031 0.547852 0.100586 0.547852 0.100586 0.545898 0.107422 0.543945 0.117188 0.541016 0.120117
0 0.515625 0.131836 0.510742 0.130859 0.508789 0.125 0.513672 0.118164 0.517578 0.121094 0.522461 0.125 0.519531 0.129883
0 0.524414 0.152344 0.519531 0.147461 0.520508 0.141602 0.525391 0.137695 0.529297 0.138672 0.533203 0.140625 0.53418 0.146484 0.53125 0.150391
0 0.550781 0.120117 0.547852 0.116211 0.545898 0.112305 0.547852 0.107422 0.550781 0.102539 0.555664 0.102539 0.561523 0.108398 0.5625 0.115234 0.558594 0.119141
0 0.567383 0.115234 0.563477 0.111328 0.563477 0.106445 0.564453 0.103516 0.568359 0.100586 0.575195 0.100586 0.578125 0.103516 0.579102 0.107422 0.578125 0.113281 0.573242 0.116211
0 0.55957 0.104492 0.551758 0.100586 0.548828 0.0947266 0.551758 0.0917969 0.556641 0.0869141 0.55957 0.0849609 0.564453 0.0830078 0.564453 0.0830078 0.570312 0.0830078 0.577148 0.0869141 0.579102 0.0908203 0.579102 0.0966797 0.574219 0.0986328 0.564453 0.102539
0 0.547852 0.0830078 0.541992 0.0830078 0.535156 0.0791016 0.535156 0.0751953 0.542969 0.0683594 0.542969 0.0683594 0.547852 0.0664062 0.553711 0.0673828 0.558594 0.0693359 0.561523 0.0722656 0.560547 0.0771484 0.557617 0.0810547 0.553711 0.0820312
0 0.598633 0.15918 0.594727 0.154297 0.59668 0.145508 0.599609 0.142578 0.603516 0.139648 0.608398 0.139648 0.615234 0.141602 0.618164 0.144531 0.619141 0.151367 0.614258 0.155273 0.609375 0.15918 0.604492 0.15918
1 0.629883 0.109375 0.628906 0.102539 0.626953 0.0976562 0.62207 0.0908203 0.618164 0.0849609 0.625977 0.0791016 0.631836 0.0791016 0.634766 0.0839844 0.642578 0.09375 0.651367 0.0957031 0.65625 0.0996094 0.661133 0.106445 0.662109 0.110352 0.658203 0.116211 0.649414 0.118164 0.643555 0.115234 0.642578 0.109375 0.635742 0.109375
0 0.672852 0.12207 0.668945 0.119141 0.666992 0.111328 0.669922 0.108398 0.678711 0.105469 0.682617 0.109375 0.68457 0.114258 0.683594 0.121094 0.678711 0.123047
0 0.702148 0.105469 0.696289 0.105469 0.694336 0.0986328 0.694336 0.0947266 0.697266 0.0917969 0.701172 0.0908203 0.705078 0.0908203 0.710938 0.0917969 0.712891 0.0966797 0.712891 0.101562 0.708984 0.105469
0 0.662109 0.0966797 0.655273 0.0947266 0.654297 0.0917969 0.65332 0.0830078 0.658203 0.0810547 0.668945 0.0839844 0.667969 0.0898438 0.666016 0.0957031
0 0.641602 0.000976562 0.642578 0.0078125 0.655273 0.0146484 0.65918 0.0126953 0.661133 0.00878906 0.663086 0.00488281 0.661133 0.000976562
0 0.663086 0.00683594 0.662109 0.000976562 0.670898 0.000976562 0.670898 0.00488281 0.668945 0.00878906 0.666016 0.00976562
0 0.726562 0.0175781 0.722656 0.0146484 0.719727 0.00976562 0.716797 0.00390625 0.716797 0.00195312 0.719727 0 0.730469 0 0.736328 0.00390625 0.740234 0.00683594 0.741211 0.0126953 0.739258 0.0175781 0.733398 0.0205078
0 0.713867 0.0537109 0.708008 0.0478516 0.708984 0.0419922 0.712891 0.0380859 0.719727 0.0371094 0.722656 0.0400391 0.724609 0.0449219 0.724609 0.0498047 0.720703 0.0527344 0.720703 0.0527344
0 0.678711 0.0605469 0.674805 0.0537109 0.674805 0.0488281 0.681641 0.0458984 0.686523 0.0439453 0.692383 0.0439453 0.698242 0.0449219 0.703125 0.0507812 0.704102 0.0576172 0.695312 0.0615234 0.685547 0.0634766
0 0.754883 0.0683594 0.75 0.0644531 0.740234 0.0556641 0.736328 0.0439453 0.740234 0.0400391 0.751953 0.0361328 0.761719 0.0371094 0.770508 0.0449219 0.774414 0.0556641 0.770508 0.0664062 0.762695 0.0703125
0 0.708984 0.143555 0.704102 0.136719 0.705078 0.130859 0.709961 0.126953 0.71875 0.125977 0.71875 0.125977 0.72168 0.129883 0.724609 0.135742 0.720703 0.141602
0 0.697266 0.155273 0.692383 0.150391 0.685547 0.144531 0.683594 0.137695 0.69043 0.133789 0.697266 0.131836 0.700195 0.136719 0.705078 0.142578 0.707031 0.149414 0.702148 0.155273
1 0.685547 0.178711 0.679688 0.176758 0.673828 0.170898 0.669922 0.160156 0.670898 0.157227 0.672852 0.154297 0.677734 0.154297 0.680664 0.158203 0.6875 0.160156 0.691406 0.160156 0.699219 0.163086 0.699219 0.169922 0.697266 0.174805 0.693359 0.178711
0 0.6875 0.188477 0.681641 0.1875 0.678711 0.183594 0.680664 0.179688 0.683594 0.178711 0.689453 0.179688 0.694336 0.179688 0.695312 0.183594 0.694336 0.1875
0 0.666992 0.162109 0.663086 0.157227 0.663086 0.151367 0.666016 0.147461 0.670898 0.146484 0.670898 0.146484 0.675781 0.149414 0.681641 0.154297 0.681641 0.154297 0.671875 0.15332 0.669922 0.15625
0 0.71582 0.28418 0.709961 0.282227 0.707031 0.276367 0.708984 0.268555 0.712891 0.262695 0.71875 0.260742 0.725586 0.263672 0.732422 0.267578 0.735352 0.275391 0.737305 0.283203 0.732422 0.285156 0.726562 0.288086 0.720703 0.286133
0 0.739258 0.275391 0.734375 0.271484 0.726562 0.261719 0.731445 0.253906 0.735352 0.253906 0.741211 0.253906 0.745117 0.257812 0.748047 0.261719 0.749023 0.268555 0.746094 0.270508
0 0.762695 0.254883 0.758789 0.251953 0.758789 0.251953 0.75293 0.246094 0.750977 0.239258 0.756836 0.235352 0.761719 0.234375 0.771484 0.234375 0.775391 0.237305 0.779297 0.243164 0.780273 0.24707 0.77832 0.251953 0.774414 0.254883 0.766602 0.254883
0 0.787109 0.238281 0.78125 0.234375 0.77832 0.227539 0.780273 0.216797 0.786133 0.214844 0.791016 0.216797 0.791016 0.216797 0.796875 0.219727 0.801758 0.224609 0.804688 0.229492 0.801758 0.236328 0.794922 0.240234
0 0.811523 0.236328 0.806641 0.234375 0.807617 0.230469 0.80957 0.229492 0.8125 0.229492 0.816406 0.229492 0.819336 0.232422 0.817383 0.236328
0 0.8125 0.224609 0.805664 0.220703 0.802734 0.212891 0.805664 0.207031 0.8125 0.202148 0.8125 0.202148 0.820312 0.200195 0.827148 0.202148 0.833008 0.206055 0.835938 0.209961 0.836914 0.21582 0.833008 0.219727 0.828125 0.223633 0.822266 0.226562 0.817383 0.227539
0 0.836914 0.205078 0.830078 0.203125 0.827148 0.197266 0.828125 0.186523 0.833984 0.182617 0.839844 0.181641 0.845703 0.18457 0.845703 0.18457 0.852539 0.194336 0.850586 0.201172 0.84375 0.203125
0 0.841797 0.224609 0.836914 0.222656 0.836914 0.217773 0.838867 0.213867 0.847656 0.212891 0.850586 0.217773 0.850586 0.223633
1 0.851562 0.266602 0.847656 0.268555 0.845703 0.265625 0.845703 0.260742 0.848633 0.257812 0.853516 0.254883 0.853516 0.254883 0.857422 0.251953 0.862305 0.25 0.87207 0.24707 0.87793 0.246094 0.883789 0.251953 0.883789 0.251953 0.876953 0.254883 0.871094 0.257812 0.868164 0.261719 0.865234 0.267578 0.859375 0.267578
0 0.849609 0.28418 0.844727 0.282227 0.84375 0.279297 0.845703 0.276367 0.848633 0.272461 0.852539 0.268555 0.855469 0.269531 0.857422 0.275391 0.855469 0.28125
0 0.838867 0.296875 0.832031 0.294922 0.833008 0.287109 0.836914 0.283203 0.841797 0.282227 0.844727 0.28418 0.847656 0.288086 0.84668 0.292969 0.844727 0.293945
0 0.816406 0.293945 0.80957 0.290039 0.803711 0.286133 0.803711 0.282227 0.807617 0.280273 0.813477 0.279297 0.817383 0.282227 0.820312 0.287109 0.821289 0.292969
0 0.819336 0.28418 0.816406 0.279297 0.820312 0.275391 0.824219 0.275391 0.826172 0.279297 0.827148 0.28418 0.823242 0.286133
0 0.764648 0.333008 0.756836 0.330078 0.753906 0.322266 0.755859 0.316406 0.760742 0.311523 0.766602 0.30957 0.770508 0.30957 0.774414 0.3125 0.776367 0.318359 0.77832 0.325195 0.776367 0.330078 0.771484 0.331055
0 0.788086 0.323242 0.777344 0.321289 0.773438 0.311523 0.773438 0.306641 0.777344 0.302734 0.785156 0.301758 0.792969 0.303711 0.794922 0.307617 0.798828 0.31543 0.798828 0.31543 0.796875 0.320312 0.793945 0.322266
1 0.723633 0.369141 0.716797 0.369141 0.707031 0.359375 0.701172 0.351562 0.704102 0.34375 0.712891 0.338867 0.723633 0.333008 0.734375 0.326172 0.743164 0.324219 0.751953 0.325195 0.751953 0.325195 0.756836 0.331055 0.761719 0.338867 0.757812 0.348633 0.750977 0.354492 0.743164 0.358398
0 0.732422 0.389648 0.727539 0.388672 0.72168 0.383789 0.72168 0.383789 0.720703 0.374023 0.724609 0.371094 0.738281 0.364258 0.743164 0.369141 0.744141 0.375977 0.745117 0.380859 0.743164 0.386719 0.740234 0.387695
1 0.836914 0.356445 0.831055 0.355469 0.825195 0.350586 0.825195 0.350586 0.831055 0.345703 0.837891 0.338867 0.833984 0.332031 0.835938 0.324219 0.835938 0.319336 0.839844 0.318359 0.84375 0.321289 0.845703 0.326172 0.848633 0.333984 0.849609 0.34082 0.850586 0.34668 0.84668 0.353516 0.84668 0.353516 0.842773 0.354492
0 0.820312 0.362305 0.817383 0.361328 0.813477 0.355469 0.817383 0.352539 0.822266 0.349609 0.826172 0.352539 0.831055 0.357422 0.827148 0.362305 0.825195 0.362305
0 0.857422 0.34375 0.851562 0.342773 0.849609 0.335938 0.849609 0.329102 0.849609 0.329102 0.853516 0.324219 0.858398 0.322266 0.864258 0.321289 0.868164 0.328125 0.871094 0.334961 0.870117 0.339844 0.865234 0.34375
0 0.875 0.334961 0.870117 0.331055 0.867188 0.323242 0.871094 0.317383 0.876953 0.310547 0.876953 0.310547 0.882812 0.306641 0.882812 0.306641 0.887695 0.305664 0.893555 0.306641 0.899414 0.311523 0.901367 0.316406 0.897461 0.322266 0.896484 0.327148 0.891602 0.332031 0.884766 0.334961
0 0.904297 0.342773 0.897461 0.339844 0.896484 0.333008 0.898438 0.325195 0.901367 0.318359 0.90625 0.314453 0.913086 0.314453 0.917969 0.318359 0.920898 0.325195 0.920898 0.333008 0.916992 0.337891 0.912109 0.342773
0 0.901367 0.298828 0.893555 0.296875 0.889648 0.290039 0.890625 0.283203 0.896484 0.279297 0.904297 0.27832 0.911133 0.283203 0.911133 0.291016 0.907227 0.293945
0 0.882812 0.269531 0.87793 0.265625 0.875 0.260742 0.875977 0.256836 0.879883 0.253906 0.884766 0.25293 0.888672 0.255859 0.891602 0.261719 0.891602 0.266602 0.886719 0.268555
1 0.914062 0.374023 0.910156 0.367188 0.911133 0.361328 0.914062 0.354492 0.916016 0.344727 0.916992 0.338867 0.921875 0.334961 0.926758 0.334961 0.932617 0.338867 0.936523 0.34375 0.938477 0.350586 0.936523 0.358398 0.933594 0.364258 0.928711 0.370117 0.921875 0.374023
0 0.895508 0.386719 0.890625 0.385742 0.889648 0.378906 0.892578 0.37207 0.897461 0.367188 0.90332 0.365234 0.908203 0.366211 0.911133 0.370117 0.912109 0.375 0.912109 0.375 0.908203 0.380859 0.908203 0.380859 0.904297 0.382812 0.899414 0.384766
0 0.9375 0.371094 0.932617 0.369141 0.935547 0.359375 0.939453 0.354492 0.945312 0.354492 0.949219 0.359375 0.950195 0.366211 0.945312 0.371094 0.945312 0.371094
0 0.871094 0.40918 0.864258 0.404297 0.860352 0.400391 0.858398 0.393555 0.861328 0.387695 0.866211 0.385742 0.87207 0.384766 0.87793 0.386719 0.87793 0.386719 0.881836 0.390625 0.881836 0.396484 0.880859 0.402344 0.876953 0.405273
0 0.845703 0.415039 0.841797 0.408203 0.841797 0.400391 0.845703 0.398438 0.850586 0.400391 0.854492 0.407227 0.855469 0.414062 0.850586 0.415039
0 0.819336 0.413086 0.814453 0.411133 0.8125 0.405273 0.814453 0.401367 0.821289 0.399414 0.821289 0.399414 0.826172 0.399414 0.827148 0.405273 0.825195 0.407227 0.823242 0.414062
0 0.834961 0.462891 0.827148 0.456055 0.823242 0.449219 0.819336 0.43457 0.823242 0.432617 0.832031 0.433594 0.838867 0.441406 0.845703 0.448242 0.847656 0.457031 0.84375 0.462891
1 0.882812 0.524414 0.873047 0.511719 0.867188 0.500977 0.864258 0.495117 0.860352 0.489258 0.856445 0.483398 0.849609 0.476562 0.845703 0.470703 0.845703 0.466797 0.854492 0.460938 0.861328 0.462891 0.863281 0.46875 0.868164 0.475586 0.881836 0.479492 0.883789 0.5 0.886719 0.505859 0.886719 0.505859 0.890625 0.512695 0.890625 0.518555
0 0.873047 0.475586 0.866211 0.472656 0.861328 0.462891 0.861328 0.457031 0.866211 0.452148 0.871094 0.449219 0.87793 0.449219 0.882812 0.450195 0.887695 0.455078 0.888672 0.461914 0.885742 0.470703 0.881836 0.475586
0 0.898438 0.456055 0.889648 0.456055 0.884766 0.450195 0.884766 0.450195 0.889648 0.443359 0.895508 0.439453 0.895508 0.439453 0.901367 0.436523 0.90625 0.436523 0.910156 0.443359 0.910156 0.448242 0.905273 0.452148
1 0.917969 0.449219 0.913086 0.448242 0.911133 0.442383 0.910156 0.4375 0.916016 0.431641 0.916016 0.431641 0.919922 0.427734 0.919922 0.427734 0.926758 0.425781 0.932617 0.423828 0.936523 0.418945 0.943359 0.415039 0.943359 0.415039 0.951172 0.408203 0.951172 0.408203 0.955078 0.40332 0.959961 0.400391 0.967773 0.405273 0.969727 0.428711 0.960938 0.429688 0.960938 0.429688 0.950195 0.429688 0.935547 0.438477 0.932617 0.445312 0.932617 0.445312 0.924805 0.447266
0 0.982422 0.438477 0.977539 0.435547 0.977539 0.435547 0.973633 0.427734 0.972656 0.421875 0.976562 0.416992 0.981445 0.415039 0.986328 0.416016 0.989258 0.421875 0.991211 0.427734 0.991211 0.427734 0.990234 0.435547
0 0.975586 0.481445 0.967773 0.478516 0.96582 0.467773 0.966797 0.460938 0.977539 0.460938 0.981445 0.459961 0.988281 0.460938 0.988281 0.460938 0.991211 0.464844 0.991211 0.474609 0.987305 0.479492
0 0.789062 0.654297 0.78418 0.652344 0.78125 0.648438 0.780273 0.643555 0.780273 0.639648 0.782227 0.635742 0.78418 0.631836 0.787109 0.631836 0.791016 0.633789 0.794922 0.637695 0.793945 0.644531 0.793945 0.649414
0 0.793945 0.633789 0.791016 0.631836 0.791016 0.628906 0.791992 0.626953 0.799805 0.625 0.802734 0.630859 0.799805 0.634766
0 0.767578 0.657227 0.765625 0.654297 0.765625 0.649414 0.772461 0.647461 0.776367 0.650391 0.779297 0.65332 0.78125 0.655273 0.783203 0.658203 0.782227 0.661133 0.773438 0.661133 0.770508 0.658203
0 0.77832 0.672852 0.774414 0.668945 0.773438 0.666016 0.774414 0.663086 0.775391 0.661133 0.783203 0.661133 0.786133 0.664062 0.786133 0.667969 0.78418 0.670898 0.782227 0.671875
0 0.754883 0.666016 0.751953 0.662109 0.751953 0.658203 0.753906 0.65625 0.755859 0.655273 0.759766 0.65918 0.759766 0.663086 0.758789 0.666016
0 0.755859 0.676758 0.75293 0.673828 0.753906 0.669922 0.757812 0.666992 0.761719 0.666016 0.765625 0.667969 0.764648 0.673828 0.762695 0.675781
0 0.766602 0.685547 0.762695 0.682617 0.767578 0.674805 0.770508 0.672852 0.773438 0.673828 0.776367 0.674805 0.777344 0.678711 0.774414 0.680664 0.771484 0.683594
0 0.799805 0.673828 0.792969 0.674805 0.791016 0.667969 0.791016 0.667969 0.794922 0.665039 0.799805 0.662109 0.799805 0.662109 0.805664 0.663086 0.806641 0.666016 0.805664 0.669922
0 0.801758 0.679688 0.799805 0.676758 0.801758 0.673828 0.808594 0.668945 0.8125 0.668945 0.813477 0.671875 0.810547 0.675781 0.807617 0.679688
0 0.819336 0.675781 0.814453 0.667969 0.816406 0.665039 0.821289 0.665039 0.825195 0.665039 0.829102 0.669922 0.829102 0.675781 0.828125 0.677734
0 0.81543 0.68457 0.810547 0.682617 0.810547 0.677734 0.8125 0.674805 0.813477 0.672852 0.816406 0.672852 0.820312 0.678711 0.818359 0.682617
1 0.857422 0.657227 0.855469 0.649414 0.857422 0.643555 0.862305 0.640625 0.868164 0.639648 0.868164 0.639648 0.874023 0.638672 0.883789 0.639648 0.882812 0.644531 0.880859 0.647461 0.876953 0.651367 0.873047 0.65625 0.874023 0.661133 0.880859 0.667969 0.878906 0.675781 0.874023 0.678711 0.869141 0.675781 0.867188 0.665039 0.866211 0.661133
0 0.878906 0.691406 0.875 0.68457 0.875 0.679688 0.880859 0.674805 0.883789 0.674805 0.887695 0.678711 0.886719 0.68457 0.886719 0.68457 0.883789 0.69043
1 0.888672 0.699219 0.883789 0.694336 0.883789 0.689453 0.886719 0.68457 0.890625 0.681641 0.890625 0.681641 0.894531 0.682617 0.897461 0.68457 0.899414 0.689453 0.899414 0.695312 0.899414 0.702148 0.90332 0.707031 0.898438 0.710938 0.892578 0.708008 0.892578 0.708008
1 0.90625 0.71875 0.902344 0.711914 0.904297 0.706055 0.900391 0.701172 0.900391 0.692383 0.899414 0.68457 0.893555 0.680664 0.894531 0.672852 0.898438 0.668945 0.910156 0.666016 0.913086 0.667969 0.915039 0.670898 0.916992 0.672852 0.920898 0.673828 0.923828 0.672852 0.928711 0.674805 0.932617 0.679688 0.93457 0.685547 0.932617 0.691406 0.931641 0.699219 0.930664 0.706055 0.924805 0.711914 0.920898 0.714844 0.915039 0.71875 0.914062 0.72168
1 0.905273 0.665039 0.896484 0.664062 0.893555 0.666992 0.884766 0.661133 0.884766 0.644531 0.889648 0.638672 0.893555 0.631836 0.893555 0.631836 0.894531 0.624023 0.896484 0.616211 0.904297 0.614258 0.914062 0.613281 0.918945 0.614258 0.927734 0.618164 0.930664 0.62207 0.930664 0.62207 0.935547 0.629883 0.936523 0.636719 0.94043 0.643555 0.944336 0.649414 0.939453 0.655273 0.928711 0.658203 0.923828 0.65625 0.919922 0.660156 0.915039 0.662109
0 0.990234 0.754883 0.984375 0.751953 0.985352 0.746094 0.988281 0.742188 0.991211 0.742188 0.99707 0.744141 1 0.749023 0.999023 0.75293 0.993164 0.753906
0 0.987305 0.743164 0.980469 0.738281 0.978516 0.728516 0.984375 0.724609 0.991211 0.724609 0.99707 0.729492 0.998047 0.735352 0.996094 0.740234 0.996094 0.740234
0 0.983398 0.766602 0.976562 0.763672 0.976562 0.758789 0.980469 0.755859 0.983398 0.754883 0.988281 0.756836 0.990234 0.759766 0.991211 0.763672 0.988281 0.764648
0 0.955078 0.780273 0.949219 0.777344 0.948242 0.771484 0.951172 0.765625 0.956055 0.763672 0.956055 0.763672 0.960938 0.764648 0.964844 0.768555 0.966797 0.774414 0.964844 0.77832 0.959961 0.78125
0 0.933594 0.761719 0.929688 0.755859 0.928711 0.746094 0.928711 0.746094 0.930664 0.740234 0.939453 0.737305 0.944336 0.737305 0.950195 0.739258 0.956055 0.744141 0.956055 0.750977 0.957031 0.755859 0.953125 0.760742 0.947266 0.762695 0.941406 0.763672
0 0.923828 0.754883 0.916016 0.750977 0.917969 0.742188 0.918945 0.734375 0.921875 0.731445 0.928711 0.732422 0.9375 0.733398 0.938477 0.737305 0.930664 0.738281 0.929688 0.745117 0.925781 0.750977
0 0.910156 0.741211 0.901367 0.735352 0.901367 0.735352 0.902344 0.727539 0.908203 0.724609 0.913086 0.724609 0.917969 0.728516 0.917969 0.728516 0.917969 0.736328 0.916016 0.739258
0 0.96875 0.794922 0.963867 0.791016 0.963867 0.786133 0.96582 0.78418 0.967773 0.78125 0.97168 0.78125 0.975586 0.78418 0.977539 0.790039 0.975586 0.792969
1 0.973633 0.833008 0.966797 0.831055 0.966797 0.823242 0.967773 0.817383 0.973633 0.8125 0.981445 0.800781 0.981445 0.800781 0.985352 0.796875 0.990234 0.799805 0.99707 0.803711 0.999023 0.813477 1 0.823242 0.999023 0.830078 0.994141 0.834961 0.994141 0.834961 0.982422 0.835938
1 0.961914 0.81543 0.956055 0.80957 0.951172 0.801758 0.947266 0.793945 0.944336 0.788086 0.94043 0.78418 0.93457 0.77832 0.931641 0.771484 0.935547 0.768555 0.941406 0.766602 0.946289 0.770508 0.952148 0.78125 0.956055 0.785156 0.958008 0.790039 0.962891 0.797852 0.962891 0.797852 0.96582 0.802734 0.967773 0.80957 0.96582 0.814453
0 0.856445 0.825195 0.851562 0.823242 0.849609 0.817383 0.848633 0.8125 0.851562 0.807617 0.857422 0.805664 0.857422 0.805664 0.865234 0.808594 0.868164 0.8125 0.869141 0.818359 0.866211 0.823242 0.861328 0.826172
0 0.84375 0.808594 0.837891 0.804688 0.834961 0.798828 0.838867 0.793945 0.84375 0.792969 0.850586 0.791016 0.856445 0.791016 0.864258 0.796875 0.864258 0.801758 0.864258 0.801758 0.860352 0.805664 0.855469 0.806641 0.848633 0.808594
0 0.835938 0.793945 0.830078 0.786133 0.831055 0.779297 0.831055 0.770508 0.836914 0.765625 0.836914 0.765625 0.845703 0.767578 0.854492 0.772461 0.860352 0.779297 0.860352 0.786133 0.852539 0.790039 0.845703 0.791992
0 0.957031 0.897461 0.953125 0.888672 0.948242 0.879883 0.948242 0.879883 0.951172 0.870117 0.960938 0.865234 0.97168 0.866211 0.981445 0.87207 0.981445 0.87207 0.987305 0.876953 0.991211 0.881836 0.995117 0.892578 0.988281 0.898438 0.977539 0.90332 0.964844 0.901367 0.964844 0.901367
0 0.989258 0.925781 0.987305 0.920898 0.986328 0.911133 0.993164 0.910156 0.995117 0.918945 0.993164 0.924805
0 0.980469 0.923828 0.973633 0.920898 0.974609 0.911133 0.978516 0.910156 0.981445 0.910156 0.984375 0.913086 0.984375 0.917969 0.983398 0.922852
0 0.969727 0.938477 0.96582 0.933594 0.963867 0.926758 0.96875 0.921875 0.96875 0.921875 0.973633 0.921875 0.976562 0.930664 0.974609 0.935547
0 0.958008 0.924805 0.954102 0.919922 0.954102 0.919922 0.955078 0.910156 0.958008 0.905273 0.963867 0.90625 0.96582 0.911133 0.96582 0.911133 0.964844 0.917969 0.962891 0.922852
0 0.950195 0.910156 0.943359 0.905273 0.945312 0.900391 0.948242 0.899414 0.952148 0.900391 0.954102 0.902344 0.955078 0.905273
0 0.947266 0.921875 0.942383 0.918945 0.943359 0.913086 0.946289 0.911133 0.950195 0.912109 0.953125 0.914062 0.952148 0.918945
0 0.947266 0.932617 0.943359 0.929688 0.943359 0.929688 0.943359 0.923828 0.948242 0.921875 0.952148 0.921875 0.954102 0.924805 0.953125 0.929688
0 0.928711 0.888672 0.923828 0.884766 0.922852 0.87793 0.926758 0.874023 0.936523 0.875 0.938477 0.880859 0.9375 0.886719 0.933594 0.891602
0 0.916992 0.882812 0.913086 0.87793 0.915039 0.873047 0.919922 0.873047 0.922852 0.873047 0.923828 0.87793 0.920898 0.881836
0 0.90332 0.881836 0.899414 0.879883 0.899414 0.875 0.90332 0.873047 0.908203 0.875 0.908203 0.881836
0 0.900391 0.901367 0.897461 0.895508 0.898438 0.885742 0.900391 0.883789 0.90625 0.883789 0.90918 0.888672 0.908203 0.893555 0.90625 0.895508 0.904297 0.900391
0 0.914062 0.998047 0.913086 0.991211 0.915039 0.987305 0.918945 0.986328 0.924805 0.987305 0.929688 0.988281 0.930664 0.99707
0 0.935547 0.987305 0.930664 0.981445 0.932617 0.97168 0.9375 0.970703 0.9375 0.970703 0.943359 0.970703 0.947266 0.974609 0.948242 0.980469 0.946289 0.985352 0.941406 0.988281
0 0.874023 0.998047 0.867188 0.995117 0.867188 0.987305 0.87793 0.980469 0.883789 0.981445 0.888672 0.987305 0.885742 0.995117 0.883789 0.998047
0 0.847656 0.958008 0.84375 0.953125 0.844727 0.945312 0.844727 0.945312 0.84375 0.93457 0.847656 0.931641 0.855469 0.935547 0.861328 0.94043 0.861328 0.949219 0.858398 0.956055 0.854492 0.958984
0 0.847656 0.99707 0.845703 0.993164 0.848633 0.988281 0.853516 0.987305 0.856445 0.989258 0.857422 0.995117 0.853516 0.998047
0 0.835938 0.998047 0.829102 0.995117 0.830078 0.990234 0.835938 0.988281 0.841797 0.988281 0.842773 0.992188 0.841797 0.996094
0 0.824219 0.998047 0.818359 0.994141 0.821289 0.988281 0.826172 0.986328 0.828125 0.994141 0.827148 0.99707
0 0.801758 0.999023 0.798828 0.995117 0.800781 0.989258 0.805664 0.988281 0.80957 0.991211 0.808594 0.996094
0 0.826172 0.884766 0.820312 0.875977 0.821289 0.865234 0.827148 0.859375 0.831055 0.857422 0.836914 0.860352 0.842773 0.865234 0.845703 0.870117 0.845703 0.876953 0.84082 0.882812 0.84082 0.882812 0.833984 0.885742
0 0.785156 0.879883 0.782227 0.87793 0.783203 0.870117 0.78418 0.862305 0.791992 0.861328 0.799805 0.860352 0.799805 0.860352 0.801758 0.865234 0.800781 0.871094 0.797852 0.875977 0.791992 0.879883
0 0.774414 0.874023 0.771484 0.869141 0.771484 0.860352 0.773438 0.858398 0.777344 0.858398 0.780273 0.859375 0.782227 0.867188 0.78125 0.871094 0.777344 0.875
1 0.759766 0.87793 0.754883 0.87207 0.750977 0.869141 0.748047 0.865234 0.746094 0.859375 0.75 0.857422 0.757812 0.856445 0.762695 0.855469 0.768555 0.857422 0.770508 0.860352 0.771484 0.873047 0.771484 0.873047 0.766602 0.875
0 0.744141 0.896484 0.740234 0.892578 0.741211 0.884766 0.748047 0.883789 0.751953 0.883789 0.755859 0.888672 0.755859 0.888672 0.756836 0.892578 0.75293 0.895508
0 0.746094 0.931641 0.741211 0.927734 0.739258 0.918945 0.734375 0.913086 0.736328 0.904297 0.741211 0.898438 0.741211 0.898438 0.75293 0.896484 0.758789 0.894531 0.767578 0.894531 0.767578 0.894531 0.772461 0.899414 0.773438 0.905273 0.772461 0.912109 0.770508 0.919922 0.764648 0.924805 0.757812 0.927734 0.750977 0.929688
0 0.766602 0.950195 0.762695 0.947266 0.762695 0.941406 0.768555 0.94043 0.772461 0.94043 0.774414 0.945312 0.774414 0.948242
0 0.769531 0.964844 0.766602 0.957031 0.769531 0.953125 0.774414 0.950195 0.774414 0.950195 0.78125 0.952148 0.78125 0.952148 0.787109 0.955078 0.787109 0.955078 0.788086 0.959961 0.78418 0.966797 0.77832 0.96875
0 0.776367 0.981445 0.769531 0.974609 0.768555 0.969727 0.768555 0.969727 0.771484 0.96875 0.776367 0.96875 0.779297 0.97168 0.782227 0.976562 0.782227 0.976562 0.779297 0.980469
0 0.773438 0.998047 0.765625 0.994141 0.765625 0.987305 0.770508 0.985352 0.770508 0.985352 0.774414 0.981445 0.780273 0.982422 0.780273 0.982422 0.786133 0.984375 0.786133 0.984375 0.787109 0.990234 0.785156 0.995117 0.779297 0.996094
0 0.749023 0.998047 0.754883 0.991211 0.754883 0.991211 0.759766 0.990234 0.759766 0.990234 0.763672 0.993164 0.765625 0.99707 0.765625 1
0 0.749023 0.990234 0.742188 0.986328 0.739258 0.976562 0.742188 0.96875 0.745117 0.96582 0.75293 0.964844 0.759766 0.966797 0.763672 0.974609 0.763672 0.981445 0.758789 0.988281
0 0.720703 0.99707 0.722656 0.989258 0.727539 0.985352 0.734375 0.985352 0.738281 0.988281 0.739258 0.993164 0.736328 0.998047 0.733398 1 0.719727 1
0 0.706055 0.998047 0.708984 0.989258 0.708984 0.989258 0.713867 0.989258 0.717773 0.992188 0.717773 0.996094 0.716797 0.999023
0 0.69043 0.99707 0.683594 0.990234 0.682617 0.983398 0.688477 0.977539 0.693359 0.972656 0.697266 0.974609 0.701172 0.983398 0.700195 0.989258 0.696289 0.994141
0 0.670898 0.992188 0.666016 0.988281 0.665039 0.980469 0.670898 0.976562 0.670898 0.976562 0.678711 0.978516 0.678711 0.985352 0.675781 0.991211
0 0.634766 0.994141 0.632812 0.985352 0.631836 0.976562 0.641602 0.972656 0.649414 0.973633 0.654297 0.982422 0.65332 0.988281 0.643555 0.993164
0 0.736328 0.871094 0.730469 0.867188 0.730469 0.862305 0.734375 0.860352 0.740234 0.860352 0.744141 0.866211 0.741211 0.868164
0 0.706055 0.896484 0.697266 0.890625 0.697266 0.881836 0.699219 0.87793 0.703125 0.873047 0.703125 0.873047 0.708008 0.87207 0.71582 0.873047 0.720703 0.876953 0.723633 0.882812 0.723633 0.882812 0.723633 0.888672 0.723633 0.888672 0.71875 0.895508 0.712891 0.895508
0 0.698242 0.917969 0.693359 0.912109 0.693359 0.902344 0.695312 0.896484 0.698242 0.894531 0.703125 0.895508 0.703125 0.895508 0.706055 0.899414 0.706055 0.908203 0.705078 0.913086
0 0.705078 0.936523 0.699219 0.931641 0.699219 0.926758 0.703125 0.922852 0.706055 0.922852 0.710938 0.924805 0.711914 0.928711 0.710938 0.93457
0 0.701172 0.871094 0.696289 0.864258 0.697266 0.859375 0.706055 0.857422 0.712891 0.858398 0.719727 0.860352 0.719727 0.860352 0.724609 0.864258 0.725586 0.871094 0.725586 0.871094 0.72168 0.874023 0.72168 0.874023 0.708008 0.87207
0 0.663086 0.858398 0.662109 0.851562 0.666992 0.849609 0.671875 0.850586 0.676758 0.853516 0.677734 0.858398 0.673828 0.864258 0.666992 0.864258
0 0.623047 0.931641 0.618164 0.923828 0.621094 0.917969 0.621094 0.90918 0.623047 0.90332 0.623047 0.90332 0.628906 0.905273 0.635742 0.904297 0.641602 0.901367 0.641602 0.901367 0.645508 0.904297 0.645508 0.904297 0.647461 0.910156 0.645508 0.917969 0.643555 0.922852 0.639648 0.927734 0.635742 0.933594 0.62793 0.93457
0 0.602539 0.901367 0.598633 0.896484 0.598633 0.891602 0.598633 0.891602 0.604492 0.889648 0.609375 0.892578 0.610352 0.897461
0 0.608398 0.912109 0.604492 0.907227 0.605469 0.902344 0.611328 0.902344 0.611328 0.902344 0.615234 0.905273 0.613281 0.908203 0.610352 0.910156
0 0.613281 0.919922 0.611328 0.913086 0.613281 0.908203 0.618164 0.90625 0.621094 0.912109 0.621094 0.916992
0 0.608398 0.888672 0.605469 0.882812 0.606445 0.87793 0.610352 0.87793 0.615234 0.878906 0.615234 0.878906 0.617188 0.884766 0.613281 0.888672
0 0.621094 0.888672 0.618164 0.885742 0.619141 0.880859 0.625 0.880859 0.626953 0.884766 0.625 0.887695
1 0.604492 0.874023 0.601562 0.866211 0.603516 0.857422 0.611328 0.856445 0.619141 0.860352 0.624023 0.868164 0.624023 0.875 0.614258 0.879883
1 0.59082 0.879883 0.589844 0.866211 0.59082 0.857422 0.595703 0.854492 0.600586 0.856445 0.600586 0.865234 0.600586 0.865234 0.598633 0.87207 0.598633 0.87207 0.595703 0.87793
0 0.595703 0.983398 0.59082 0.973633 0.592773 0.967773 0.597656 0.961914 0.602539 0.959961 0.608398 0.963867 0.606445 0.970703 0.602539 0.975586 0.599609 0.982422
0 0.605469 0.985352 0.601562 0.981445 0.602539 0.974609 0.607422 0.969727 0.612305 0.972656 0.614258 0.977539 0.613281 0.983398 0.609375 0.986328
0 0.564453 0.976562 0.5625 0.962891 0.568359 0.959961 0.568359 0.959961 0.573242 0.958984 0.573242 0.958984 0.581055 0.962891 0.585938 0.96875 0.584961 0.976562 0.582031 0.979492 0.574219 0.975586 0.568359 0.976562
1 0.597656 0.957031 0.594727 0.947266 0.595703 0.93457 0.599609 0.929688 0.599609 0.929688 0.603516 0.928711 0.605469 0.93457 0.606445 0.94043 0.605469 0.949219 0.602539 0.954102
0 0.583984 0.920898 0.583008 0.913086 0.587891 0.913086 0.59082 0.916016 0.588867 0.919922
1 0.53418 0.996094 0.530273 0.990234 0.530273 0.981445 0.535156 0.974609 0.535156 0.974609 0.543945 0.969727 0.543945 0.969727 0.552734 0.969727 0.556641 0.975586 0.556641 0.983398 0.552734 0.989258 0.543945 0.992188
0 0.526367 0.974609 0.520508 0.966797 0.520508 0.966797 0.524414 0.958984 0.52832 0.956055 0.535156 0.956055 0.539062 0.959961 0.540039 0.966797 0.540039 0.966797 0.537109 0.972656
0 0.552734 0.933594 0.544922 0.926758 0.548828 0.919922 0.558594 0.919922 0.558594 0.919922 0.558594 0.926758
0 0.541992 0.916992 0.539062 0.910156 0.542969 0.90625 0.542969 0.90625 0.552734 0.907227 0.553711 0.911133 0.552734 0.916992 0.547852 0.916992
1 0.530273 0.933594 0.520508 0.926758 0.521484 0.917969 0.525391 0.912109 0.53125 0.910156 0.537109 0.912109 0.541016 0.915039 0.542969 0.920898 0.542969 0.927734 0.538086 0.932617
0 0.529297 0.899414 0.524414 0.895508 0.52832 0.888672 0.53418 0.884766 0.541016 0.884766 0.545898 0.888672 0.547852 0.897461 0.547852 0.897461 0.543945 0.901367 0.537109 0.902344
0 0.503906 0.925781 0.5 0.917969 0.50293 0.912109 0.50293 0.912109 0.505859 0.911133 0.511719 0.914062 0.515625 0.917969 0.515625 0.917969 0.512695 0.924805 0.507812 0.925781
0 0.446289 0.932617 0.441406 0.925781 0.443359 0.919922 0.451172 0.916992 0.453125 0.911133 0.459961 0.90918 0.46582 0.911133 0.469727 0.916016 0.467773 0.922852 0.46582 0.926758 0.460938 0.931641 0.455078 0.931641
0 0.415039 0.995117 0.413086 0.990234 0.413086 0.990234 0.416016 0.986328 0.416016 0.986328 0.421875 0.987305 0.424805 0.990234 0.425781 0.995117 0.419922 0.99707
0 0.427734 0.991211 0.422852 0.983398 0.422852 0.983398 0.425781 0.979492 0.430664 0.978516 0.435547 0.981445 0.435547 0.987305 0.435547 0.987305 0.432617 0.991211
0 0.429688 0.999023 0.428711 0.994141 0.432617 0.991211 0.436523 0.991211 0.439453 0.993164 0.439453 0.99707 0.438477 0.999023
0 0.4375 0.991211 0.43457 0.986328 0.436523 0.982422 0.441406 0.982422 0.445312 0.985352 0.445312 0.990234 0.442383 0.992188
0 0.379883 0.905273 0.375977 0.901367 0.37793 0.896484 0.382812 0.893555 0.388672 0.896484 0.388672 0.902344 0.383789 0.905273
0 0.37207 0.893555 0.369141 0.888672 0.369141 0.882812 0.373047 0.879883 0.37793 0.878906 0.383789 0.881836 0.384766 0.887695 0.383789 0.893555
0 0.353516 0.891602 0.348633 0.886719 0.345703 0.879883 0.349609 0.875977 0.354492 0.874023 0.359375 0.875 0.365234 0.880859 0.365234 0.880859 0.366211 0.884766 0.363281 0.890625 0.356445 0.892578
0 0.367188 0.880859 0.362305 0.875977 0.367188 0.87207 0.373047 0.870117 0.37793 0.87207 0.376953 0.878906 0.373047 0.879883
0 0.333008 0.904297 0.326172 0.898438 0.326172 0.890625 0.333984 0.886719 0.341797 0.886719 0.34668 0.889648 0.348633 0.894531 0.349609 0.899414 0.344727 0.902344 0.337891 0.90332
0 0.348633 0.928711 0.338867 0.922852 0.34082 0.916992 0.34082 0.916992 0.34668 0.914062 0.34668 0.914062 0.352539 0.915039 0.352539 0.915039 0.355469 0.920898 0.356445 0.925781 0.352539 0.928711
0 0.300781 0.938477 0.291992 0.928711 0.295898 0.920898 0.299805 0.920898 0.304688 0.921875 0.308594 0.925781 0.30957 0.932617 0.30957 0.9375 0.304688 0.94043
0 0.238281 0.960938 0.235352 0.958984 0.231445 0.957031 0.232422 0.949219 0.236328 0.943359 0.243164 0.939453 0.25293 0.941406 0.258789 0.948242 0.257812 0.954102 0.253906 0.958008 0.246094 0.960938
1 0.186523 0.979492 0.18457 0.972656 0.18457 0.967773 0.192383 0.967773 0.194336 0.963867 0.199219 0.960938 0.204102 0.957031 0.207031 0.953125 0.217773 0.953125 0.222656 0.958984 0.223633 0.96582 0.227539 0.969727 0.231445 0.973633 0.233398 0.978516 0.232422 0.983398 0.228516 0.987305 0.225586 0.995117 0.225586 0.998047 0.225586 1 0.204102 1 0.195312 0.988281 0.191406 0.984375
0 0.0292969 0.984375 0.0224609 0.974609 0.0195312 0.967773 0.0292969 0.964844 0.0292969 0.964844 0.0410156 0.964844 0.0458984 0.969727 0.0488281 0.976562 0.0458984 0.984375 0.0371094 0.986328
0 0.0322266 0.998047 0.0341797 0.993164 0.0361328 0.991211 0.0410156 0.990234 0.0439453 0.993164 0.0419922 0.999023 0.0419922 0.999023
0 0.0283203 0.994141 0.0244141 0.989258 0.0253906 0.986328 0.03125 0.989258 0.03125 0.989258 0.0332031 0.992188 0.03125 0.994141
0 0.00878906 0.998047 0.0117188 0.991211 0.0185547 0.988281 0.0185547 0.988281 0.0224609 0.993164 0.0224609 0.996094 0.0195312 1
0 0.0224609 0.96582 0.015625 0.960938 0.0166016 0.951172 0.0205078 0.946289 0.0263672 0.944336 0.0263672 0.944336 0.0332031 0.946289 0.0410156 0.952148 0.0410156 0.960938 0.0380859 0.964844
1 0 0.895508 0.00683594 0.902344 0.00683594 0.902344 0.00976562 0.90918 0.0126953 0.916992 0.0166016 0.922852 0.0205078 0.930664 0.0244141 0.936523 0.0224609 0.943359 0.0175781 0.946289 0.0126953 0.952148 0.0136719 0.958008 0.0136719 0.963867 0.0117188 0.969727 0.00878906 0.972656 0.00488281 0.972656 0 0.972656
0 0.0498047 0.912109 0.046875 0.90625 0.046875 0.900391 0.0488281 0.899414 0.0537109 0.900391 0.0537109 0.900391 0.0566406 0.904297 0.0556641 0.90918
0 0.0419922 0.915039 0.0390625 0.912109 0.0410156 0.90918 0.0458984 0.908203 0.0478516 0.911133 0.0488281 0.914062 0.0449219 0.915039
0 0.0341797 0.907227 0.0302734 0.900391 0.0302734 0.893555 0.0351562 0.888672 0.0458984 0.889648 0.0527344 0.892578 0.0537109 0.897461 0.0537109 0.897461 0.0458984 0.899414 0.0429688 0.905273 0.0410156 0.907227
0 0.0205078 0.889648 0.0146484 0.880859 0.0136719 0.873047 0.0214844 0.868164 0.0292969 0.867188 0.0332031 0.87207 0.0361328 0.878906 0.0361328 0.884766 0.03125 0.888672
1 0.0400391 0.887695 0.0488281 0.885742 0.0507812 0.882812 0.0507812 0.878906 0.0478516 0.875 0.0439453 0.869141 0.0390625 0.867188 0.0341797 0.865234 0.0341797 0.865234 0.0302734 0.867188 0.03125 0.868164 0.0361328 0.879883
0 0.111328 0.883789 0.104492 0.881836 0.0957031 0.879883 0.0917969 0.873047 0.0927734 0.866211 0.101562 0.858398 0.101562 0.858398 0.106445 0.857422 0.110352 0.858398 0.112305 0.864258 0.114258 0.869141 0.116211 0.875 0.115234 0.880859
0 0.12207 0.87207 0.116211 0.868164 0.113281 0.861328 0.114258 0.854492 0.119141 0.850586 0.119141 0.850586 0.130859 0.853516 0.132812 0.856445 0.133789 0.861328 0.133789 0.861328 0.133789 0.867188 0.12793 0.87207
0 0.0546875 0.847656 0.0498047 0.842773 0.0478516 0.836914 0.0507812 0.833008 0.0605469 0.832031 0.0654297 0.834961 0.0654297 0.841797 0.0566406 0.84668
0 0.0361328 0.860352 0.0332031 0.851562 0.0332031 0.851562 0.0351562 0.845703 0.0400391 0.842773 0.0439453 0.842773 0.0488281 0.842773 0.0507812 0.852539 0.046875 0.858398 0.0419922 0.860352
1 0.0117188 0.860352 0.00390625 0.861328 0 0.854492 0 0.829102 0.0078125 0.830078 0.0136719 0.828125 0.015625 0.825195 0.0195312 0.826172 0.0263672 0.833984 0.0302734 0.838867 0.0332031 0.84668 0.03125 0.853516 0.03125 0.853516 0.03125 0.859375 0.0224609 0.861328
0 0.00390625 0.829102 0.00585938 0.825195 0.00683594 0.822266 0.0117188 0.824219 0.0136719 0.827148 0.0117188 0.829102 0.00878906 0.830078
0 0.185547 0.875 0.177734 0.87207 0.172852 0.868164 0.167969 0.859375 0.166016 0.849609 0.172852 0.842773 0.181641 0.841797 0.181641 0.841797 0.1875 0.837891 0.194336 0.835938 0.202148 0.837891 0.207031 0.841797 0.208984 0.84668 0.209961 0.851562 0.209961 0.858398 0.209961 0.858398 0.208008 0.868164 0.199219 0.873047 0.195312 0.874023 0.19043 0.874023
1 0.182617 0.875977 0.183594 0.874023 0.186523 0.876953 0.195312 0.874023 0.208008 0.870117 0.211914 0.859375 0.212891 0.855469 0.220703 0.855469 0.226562 0.859375 0.231445 0.863281 0.232422 0.876953 0.232422 0.876953 0.230469 0.885742 0.227539 0.890625 0.224609 0.897461 0.224609 0.897461 0.21875 0.90332 0.211914 0.908203 0.207031 0.912109 0.207031 0.912109 0.201172 0.913086 0.201172 0.913086 0.194336 0.908203 0.185547 0.887695 0.185547 0.887695 0.182617 0.879883
0 0.227539 0.897461 0.224609 0.895508 0.224609 0.889648 0.229492 0.884766 0.229492 0.884766 0.234375 0.884766 0.236328 0.890625 0.236328 0.890625 0.233398 0.897461 0.233398 0.897461
0 0.238281 0.890625 0.233398 0.883789 0.233398 0.876953 0.239258 0.87207 0.245117 0.87207 0.248047 0.875 0.25 0.879883 0.246094 0.883789
0 0.25293 0.880859 0.25 0.875977 0.250977 0.870117 0.255859 0.868164 0.260742 0.870117 0.263672 0.873047 0.263672 0.87793 0.258789 0.881836
0 0.258789 0.868164 0.258789 0.865234 0.262695 0.863281 0.269531 0.865234 0.271484 0.870117 0.271484 0.876953 0.269531 0.879883 0.264648 0.879883 0.264648 0.874023
0 0.266602 0.862305 0.267578 0.859375 0.271484 0.859375 0.277344 0.861328 0.27832 0.867188 0.27832 0.867188 0.27832 0.87207 0.274414 0.875 0.271484 0.873047
0 0.28125 0.865234 0.276367 0.863281 0.273438 0.855469 0.280273 0.852539 0.285156 0.852539 0.291016 0.857422 0.286133 0.865234
1 0.240234 0.816406 0.243164 0.811523 0.251953 0.80957 0.258789 0.80957 0.258789 0.80957 0.265625 0.816406 0.268555 0.822266 0.271484 0.828125 0.276367 0.830078 0.277344 0.836914 0.279297 0.842773 0.28125 0.848633 0.28125 0.848633 0.275391 0.853516 0.265625 0.84668 0.265625 0.84668 0.260742 0.84082 0.255859 0.834961 0.250977 0.830078 0.25 0.826172 0.245117 0.821289
0 0.255859 0.800781 0.251953 0.796875 0.251953 0.796875 0.251953 0.789062 0.256836 0.787109 0.263672 0.791016 0.263672 0.796875 0.259766 0.801758
0 0.441406 0.885742 0.435547 0.879883 0.435547 0.879883 0.435547 0.870117 0.439453 0.866211 0.447266 0.866211 0.453125 0.869141 0.456055 0.875 0.454102 0.880859 0.449219 0.885742 0.449219 0.885742
0 0.508789 0.858398 0.501953 0.855469 0.498047 0.848633 0.503906 0.842773 0.503906 0.842773 0.511719 0.844727 0.511719 0.844727 0.517578 0.849609 0.517578 0.849609 0.517578 0.853516 0.514648 0.857422
0 0.530273 0.863281 0.52832 0.853516 0.532227 0.847656 0.538086 0.84668 0.543945 0.852539 0.546875 0.860352 0.544922 0.867188 0.540039 0.87207 0.540039 0.87207 0.53125 0.868164
0 0.78125 0.711914 0.773438 0.706055 0.768555 0.698242 0.774414 0.695312 0.782227 0.694336 0.787109 0.697266 0.792969 0.705078 0.792969 0.709961 0.787109 0.710938
0 0.782227 0.717773 0.785156 0.712891 0.791992 0.714844 0.791016 0.720703 0.785156 0.72168
1 0.59668 0.688477 0.591797 0.682617 0.598633 0.674805 0.598633 0.674805 0.604492 0.672852 0.607422 0.662109 0.614258 0.652344 0.620117 0.649414 0.631836 0.650391 0.631836 0.650391 0.640625 0.65332 0.640625 0.661133 0.634766 0.666992 0.625977 0.666992 0.62207 0.673828 0.62207 0.673828 0.62207 0.681641 0.609375 0.6875
0 0.575195 0.705078 0.568359 0.703125 0.569336 0.696289 0.581055 0.688477 0.588867 0.689453 0.591797 0.695312 0.585938 0.702148
0 0.552734 0.694336 0.543945 0.694336 0.541992 0.680664 0.547852 0.675781 0.555664 0.675781 0.563477 0.681641 0.564453 0.6875 0.558594 0.691406
0 0.523438 0.65625 0.514648 0.647461 0.513672 0.634766 0.517578 0.631836 0.526367 0.632812 0.533203 0.635742 0.539062 0.644531 0.532227 0.652344
0 0.510742 0.630859 0.505859 0.618164 0.506836 0.608398 0.512695 0.606445 0.521484 0.607422 0.52832 0.612305 0.530273 0.619141 0.527344 0.626953 0.518555 0.630859
0 0.53418 0.613281 0.527344 0.606445 0.52832 0.597656 0.535156 0.594727 0.541992 0.595703 0.546875 0.599609 0.546875 0.599609 0.546875 0.606445 0.546875 0.606445 0.543945 0.611328
0 0.546875 0.616211 0.547852 0.608398 0.553711 0.601562 0.553711 0.601562 0.558594 0.603516 0.561523 0.608398 0.556641 0.616211 0.552734 0.618164
0 0.564453 0.623047 0.55957 0.620117 0.561523 0.612305 0.566406 0.609375 0.575195 0.612305 0.578125 0.619141 0.572266 0.623047
0 0.564453 0.638672 0.55957 0.630859 0.560547 0.625 0.567383 0.624023 0.573242 0.625977 0.575195 0.633789 0.571289 0.638672 0.567383 0.639648
0 0.583984 0.641602 0.580078 0.636719 0.579102 0.626953 0.583008 0.623047 0.583008 0.623047 0.59082 0.623047 0.594727 0.62793 0.59375 0.636719
0 0.595703 0.636719 0.594727 0.632812 0.594727 0.62793 0.597656 0.62793 0.601562 0.628906 0.603516 0.633789 0.600586 0.636719
0 0.600586 0.654297 0.597656 0.650391 0.601562 0.648438 0.605469 0.650391 0.605469 0.655273
0 0.600586 0.648438 0.599609 0.642578 0.602539 0.639648 0.607422 0.641602 0.608398 0.645508 0.604492 0.648438
0 0.592773 0.644531 0.592773 0.640625 0.595703 0.638672 0.598633 0.638672 0.600586 0.639648 0.598633 0.644531 0.595703 0.644531
0 0.44043 0.598633 0.436523 0.588867 0.436523 0.588867 0.44043 0.583984 0.448242 0.582031 0.448242 0.582031 0.455078 0.584961 0.459961 0.59082 0.459961 0.598633 0.453125 0.604492 0.443359 0.603516
0 0.499023 0.611328 0.494141 0.606445 0.487305 0.597656 0.489258 0.59082 0.498047 0.587891 0.503906 0.588867 0.508789 0.59668 0.509766 0.603516 0.503906 0.610352
0 0.487305 0.588867 0.483398 0.580078 0.486328 0.577148 0.495117 0.575195 0.495117 0.575195 0.499023 0.578125 0.500977 0.585938
1 0.480469 0.577148 0.47168 0.564453 0.464844 0.547852 0.461914 0.536133 0.469727 0.533203 0.475586 0.540039 0.482422 0.554688 0.491211 0.567383 0.496094 0.574219 0.485352 0.576172
0 0.454102 0.530273 0.450195 0.523438 0.450195 0.523438 0.454102 0.516602 0.459961 0.518555 0.463867 0.523438 0.462891 0.52832
1 0.449219 0.514648 0.443359 0.510742 0.443359 0.510742 0.436523 0.5 0.43457 0.489258 0.435547 0.485352 0.441406 0.484375 0.447266 0.487305 0.452148 0.493164 0.457031 0.501953 0.458984 0.506836 0.456055 0.513672
0 0.423828 0.481445 0.423828 0.474609 0.427734 0.470703 0.436523 0.470703 0.442383 0.478516 0.44043 0.484375 0.428711 0.487305
1 0.421875 0.470703 0.416016 0.464844 0.410156 0.457031 0.40918 0.450195 0.414062 0.447266 0.419922 0.447266 0.424805 0.450195 0.424805 0.450195 0.428711 0.455078 0.433594 0.463867 0.433594 0.469727 0.427734 0.470703
1 0.40918 0.448242 0.404297 0.442383 0.398438 0.43457 0.393555 0.426758 0.387695 0.417969 0.381836 0.407227 0.382812 0.400391 0.387695 0.398438 0.395508 0.400391 0.400391 0.410156 0.40625 0.416992 0.411133 0.423828 0.413086 0.430664 0.416992 0.438477 0.416992 0.438477 0.421875 0.445312 0.417969 0.446289
1 0.401367 0.325195 0.40918 0.320312 0.416016 0.316406 0.418945 0.307617 0.413086 0.297852 0.404297 0.292969 0.396484 0.291992 0.391602 0.293945 0.384766 0.297852 0.380859 0.301758 0.373047 0.305664 0.365234 0.308594 0.360352 0.31543 0.352539 0.319336 0.34668 0.324219 0.34375 0.333008 0.34375 0.337891 0.34668 0.342773 0.351562 0.337891 0.356445 0.336914 0.374023 0.335938 0.374023 0.335938 0.382812 0.332031 0.390625 0.329102
1 0.360352 0.364258 0.359375 0.360352 0.361328 0.356445 0.364258 0.356445 0.371094 0.359375 0.374023 0.364258 0.37793 0.370117 0.379883 0.378906 0.385742 0.387695 0.386719 0.393555 0.380859 0.397461 0.375 0.393555 0.37207 0.384766 0.367188 0.378906
0 0.359375 0.354492 0.352539 0.354492 0.349609 0.347656 0.350586 0.341797 0.353516 0.338867 0.359375 0.338867 0.364258 0.342773 0.365234 0.351562
1 0.338867 0.304688 0.333984 0.297852 0.342773 0.288086 0.348633 0.283203 0.356445 0.27832 0.367188 0.272461 0.375 0.272461 0.382812 0.276367 0.382812 0.285156 0.37793 0.292969 0.37793 0.292969 0.363281 0.300781 0.348633 0.305664
0 0.388672 0.279297 0.37793 0.272461 0.373047 0.263672 0.375 0.25293 0.381836 0.242188 0.391602 0.243164 0.400391 0.246094 0.40625 0.254883 0.408203 0.264648 0.40332 0.273438 0.394531 0.277344
0 0.369141 0.250977 0.363281 0.245117 0.363281 0.245117 0.359375 0.230469 0.363281 0.225586 0.371094 0.225586 0.376953 0.229492 0.380859 0.237305 0.380859 0.237305 0.380859 0.244141
1 0.322266 0.211914 0.323242 0.199219 0.328125 0.193359 0.334961 0.186523 0.334961 0.186523 0.34375 0.177734 0.353516 0.172852 0.361328 0.176758 0.368164 0.185547 0.369141 0.196289 0.373047 0.203125 0.371094 0.212891 0.362305 0.219727 0.34668 0.220703 0.331055 0.217773
1 0.379883 0.198242 0.37207 0.194336 0.37207 0.194336 0.365234 0.180664 0.358398 0.172852 0.375 0.163086 0.382812 0.160156 0.387695 0.170898 0.388672 0.180664
1 0.396484 0.180664 0.390625 0.174805 0.386719 0.164062 0.386719 0.164062 0.386719 0.15625 0.396484 0.147461 0.396484 0.147461 0.405273 0.143555 0.405273 0.143555 0.412109 0.144531 0.418945 0.150391 0.419922 0.157227 0.419922 0.166992 0.416016 0.174805 0.40625 0.180664
0 0.0449219 0.477539 0.0380859 0.469727 0.0400391 0.462891 0.0400391 0.462891 0.0488281 0.459961 0.0566406 0.462891 0.0585938 0.469727 0.0566406 0.477539
0 0.0302734 0.485352 0.0224609 0.481445 0.0224609 0.481445 0.0175781 0.472656 0.0185547 0.46582 0.0185547 0.46582 0.0283203 0.464844 0.0283203 0.464844 0.0332031 0.46582 0.0361328 0.47168 0.0380859 0.478516 0.0351562 0.484375
0 0.0136719 0.494141 0.00878906 0.490234 0.00878906 0.480469 0.0136719 0.475586 0.0205078 0.478516 0.0263672 0.486328 0.0253906 0.492188
1 0.0292969 0.436523 0.0166016 0.429688 0.0078125 0.418945 0.00390625 0.40332 0.00585938 0.390625 0.0136719 0.386719 0.0244141 0.390625 0.0332031 0.398438 0.0400391 0.407227 0.0419922 0.416992 0.0410156 0.427734
1 0.0673828 0.444336 0.0585938 0.4375 0.0517578 0.426758 0.0458984 0.415039 0.0458984 0.415039 0.0410156 0.404297 0.0419922 0.393555 0.0488281 0.396484 0.0566406 0.40918 0.0625 0.420898 0.0703125 0.432617 0.0703125 0.432617 0.0722656 0.442383
1 0.00390625 0.383789 0 0.383789 0.000976562 0.374023 0.0078125 0.368164 0.0136719 0.363281 0.0214844 0.359375 0.0263672 0.361328 0.0302734 0.363281 0.0322266 0.370117 0.0322266 0.370117 0.0332031 0.375 0.0273438 0.379883 0.0214844 0.376953 0.0146484 0.379883
0 0 0.643555 0.00683594 0.644531 0.0126953 0.638672 0.0175781 0.634766 0.0107422 0.629883 0.00390625 0.628906 0.000976562 0.631836
