0 0.66448 0.6234 0.660485 0.622749 0.659277 0.618754 0.661321 0.613689 0.666153 0.613643 0.670428 0.614758 0.671486 0.619823 0.669081 0.622981
0 0.645707 0.627246 0.643572 0.626422 0.64282 0.623171 0.644009 0.62077 0.646848 0.620454 0.64869 0.621158 0.650219 0.623996 0.648981 0.62681
0 0.638017 0.626599 0.635472 0.624616 0.635975 0.62136 0.637365 0.619171 0.639171 0.618608 0.641124 0.620266 0.642308 0.621213 0.642248 0.624054 0.640562 0.627102
0 0.629146 0.611 0.62569 0.610109 0.624558 0.60741 0.625421 0.604818 0.628336 0.605115 0.632142 0.605521 0.63341 0.608922 0.631359 0.610676
0 0.624087 0.60492 0.621705 0.604946 0.62058 0.602591 0.621574 0.599556 0.624977 0.598927 0.626939 0.599765 0.628379 0.601309 0.627829 0.604239
0 0.617843 0.596549 0.615135 0.59602 0.613752 0.594224 0.614429 0.591663 0.617254 0.591517 0.619521 0.591693 0.620815 0.592341 0.621757 0.594931 0.620314 0.596226
0 0.611108 0.589392 0.609033 0.588781 0.608572 0.586476 0.610132 0.585581 0.612749 0.585893 0.614023 0.586326 0.614187 0.588238 0.612491 0.588944
0 0.635615 0.570288 0.629799 0.56826 0.628459 0.564547 0.630411 0.560759 0.633854 0.558615 0.637452 0.557506 0.640399 0.55873 0.641471 0.56248 0.641394 0.56692
0 0.645589 0.55915 0.642161 0.557717 0.642722 0.554415 0.644312 0.552265 0.647084 0.552576 0.648579 0.553324 0.649795 0.555225 0.649795 0.556782 0.648144 0.558496
0 0.653109 0.558519 0.650181 0.557837 0.648894 0.555287 0.649499 0.551903 0.651695 0.550187 0.6547 0.550894 0.657401 0.551702 0.658108 0.555438 0.657073 0.557862
0 0.673701 0.583166 0.671201 0.582325 0.669843 0.579997 0.67161 0.578488 0.673335 0.578401 0.675231 0.579026 0.676224 0.580212 0.675318 0.582411
0 0.565357 0.603955 0.562659 0.604019 0.561535 0.60039 0.563013 0.597884 0.565679 0.597756 0.567702 0.599169 0.568312 0.600774 0.567349 0.604051
0 0.569244 0.600196 0.566481 0.598912 0.56539 0.596374 0.567124 0.594062 0.568826 0.593772 0.57085 0.59509 0.571524 0.5966 0.570593 0.599394
0 0.573114 0.595744 0.570857 0.594481 0.570566 0.592808 0.572168 0.591182 0.574134 0.591594 0.57576 0.5922 0.575348 0.595307
0 0.577417 0.59203 0.574878 0.591302 0.574579 0.589453 0.575662 0.587772 0.577324 0.587734 0.579116 0.588146 0.579434 0.588594 0.579135 0.591265
0 0.324205 0.534126 0.317479 0.529901 0.315756 0.524787 0.317146 0.519896 0.323594 0.519229 0.327763 0.522119 0.330432 0.527289 0.32754 0.532848
1 0.331649 0.498166 0.325632 0.496969 0.322607 0.493017 0.325062 0.490741 0.327397 0.489574 0.32642 0.487854 0.32531 0.484547 0.326471 0.482072 0.328011 0.479573 0.330612 0.478841 0.334804 0.478866 0.337228 0.479548 0.33897 0.480911 0.340016 0.483399 0.338514 0.48849 0.337053 0.492955 0.335176 0.496753
1 0.29357 0.536742 0.287004 0.536936 0.283592 0.532558 0.28385 0.525798 0.288678 0.521678 0.299043 0.521355 0.300958 0.525551 0.298933 0.529782
1 0.312679 0.537019 0.306885 0.536327 0.30442 0.53196 0.305068 0.52876 0.308269 0.528198 0.310733 0.529062 0.312506 0.530619 0.314365 0.532565
1 0.331665 0.535973 0.32778 0.535061 0.326699 0.532898 0.328489 0.529082 0.328861 0.524622 0.327848 0.521616 0.332441 0.521042 0.336259 0.521751 0.337982 0.525771
1 0.330174 0.520938 0.324569 0.520012 0.320861 0.518452 0.319513 0.514112 0.320734 0.508845 0.323769 0.507032 0.326592 0.507032 0.329163 0.508592 0.332365 0.515882 0.332744 0.520012
1 0.346917 0.5334 0.344301 0.534148 0.341759 0.530635 0.341497 0.527158 0.344974 0.525663 0.348038 0.526261 0.351739 0.528018 0.354954 0.527756 0.357421 0.526971 0.361121 0.527794 0.363027 0.529551 0.366087 0.530735 0.365608 0.533736 0.365075 0.534713
1 0.284543 0.443834 0.279119 0.443883 0.275308 0.438997 0.27521 0.43411 0.275454 0.428833 0.278582 0.425315 0.281855 0.424533 0.284738 0.425462 0.287426 0.429566 0.288989 0.433035 0.289479 0.436603 0.286889 0.442808
0 0.286228 0.453453 0.283415 0.453008 0.282051 0.449973 0.281939 0.447105 0.284167 0.445824 0.286199 0.446158 0.287647 0.446187 0.28968 0.448358 0.28943 0.452145
0 0.343529 0.261153 0.338917 0.258638 0.337286 0.254863 0.338684 0.249599 0.342225 0.246803 0.346092 0.247409 0.348562 0.249226 0.350191 0.252813 0.348888 0.257426 0.346325 0.26106
0 0.247488 0.259716 0.242592 0.2581 0.240282 0.254219 0.238804 0.250478 0.241113 0.248029 0.245594 0.247706 0.248827 0.249185 0.251461 0.253388 0.249705 0.257776
1 0.244141 0.272461 0.240897 0.270324 0.239453 0.267284 0.238281 0.262695 0.240234 0.260742 0.244141 0.259766 0.249023 0.259766 0.250977 0.263672 0.250977 0.267578 0.249023 0.271484
1 0.238738 0.272134 0.233414 0.271753 0.229184 0.269377 0.228328 0.26391 0.228708 0.25987 0.230467 0.255021 0.232511 0.251884 0.235458 0.251456 0.238215 0.251171 0.242208 0.254688 0.243729 0.258872 0.238311 0.257969 0.238072 0.259822 0.23755 0.262294 0.239831 0.26643 0.241399 0.271421
0 0.0659121 0.313056 0.063751 0.312238 0.0631387 0.309961 0.06454 0.307684 0.0676348 0.306925 0.0686855 0.309641 0.068335 0.312093
1 0.0435947 0.308287 0.0400186 0.307511 0.0372861 0.30488 0.035498 0.301844 0.0370498 0.297762 0.0396816 0.296277 0.0440664 0.296446 0.0463945 0.296986 0.0482158 0.301642 0.0476768 0.306229
1 0.032 0.301312 0.0287178 0.30067 0.0263584 0.298873 0.0277627 0.2957 0.0274814 0.293369 0.0226523 0.293173 0.0206455 0.292614 0.0206455 0.287438 0.0234111 0.284829 0.0281934 0.28558 0.0308008 0.283999 0.0349502 0.281352 0.0313545 0.280443 0.0300107 0.277835 0.0311172 0.274634 0.0339629 0.273212 0.0377168 0.272777 0.0412158 0.27235 0.0439775 0.27161 0.0461934 0.273788 0.0475156 0.280166 0.0454785 0.284117 0.0436553 0.287362 0.0436182 0.290972 0.0405557 0.291445 0.0386348 0.293088 0.0393477 0.296775 0.0364443 0.299678
0 0.00291699 0.305552 0.0010918 0.305156 0 0.302145 0.000726562 0.299712 0.00391992 0.299377 0.00681055 0.300502 0.0077832 0.303483 0.00574512 0.305065
0 0.00431543 0.299803 0.00203418 0.299742 0.000939453 0.29819 0.000696289 0.295148 0.00176074 0.293658 0.00468066 0.29302 0.00656641 0.293536 0.00784473 0.296761 0.00757031 0.299955
0 0.00714355 0.288125 0.00538477 0.287539 0.00472852 0.286083 0.00540332 0.284627 0.00659277 0.28381 0.00879395 0.283935 0.00909668 0.285888 0.00886523 0.287308
0 0.0345898 0.474855 0.0313174 0.474829 0.029627 0.473165 0.0296807 0.47112 0.0317812 0.469456 0.0335537 0.46932 0.0354902 0.46992 0.0363896 0.471365 0.03579 0.474256
0 0.0291084 0.471256 0.0266816 0.469975 0.0261904 0.467793 0.0275811 0.466483 0.0292988 0.466456 0.0310176 0.466838 0.0318623 0.467656 0.031208 0.470629
0 0.0344258 0.46812 0.0318896 0.467356 0.0303896 0.46662 0.0299268 0.464521 0.0315898 0.462911 0.0332812 0.462966 0.035708 0.463075 0.0372627 0.464793 0.0372354 0.467629
0 0.0337832 0.511515 0.029208 0.510592 0.0286309 0.507631 0.0305537 0.504555 0.0328604 0.503747 0.0355518 0.505478 0.0369365 0.509554
0 0.391485 0.449796 0.388124 0.44884 0.386442 0.445742 0.388321 0.441721 0.391288 0.440634 0.394683 0.440798 0.397254 0.444424 0.395408 0.447885
0 0.319556 0.419086 0.313987 0.416793 0.312063 0.414664 0.312595 0.410814 0.316034 0.406597 0.321357 0.406516 0.323364 0.411634 0.323323 0.417039
0 0.43162 0.398762 0.427402 0.396883 0.42514 0.393854 0.426137 0.38956 0.429435 0.388179 0.43323 0.391208 0.4358 0.393125 0.435877 0.397382
0 0.510502 0.430017 0.506396 0.428564 0.505244 0.424409 0.507297 0.420854 0.511303 0.420153 0.514457 0.421104 0.51601 0.426512 0.514857 0.428966
0 0.512445 0.420215 0.507802 0.419441 0.504318 0.415743 0.504662 0.411271 0.506296 0.409164 0.511198 0.407616 0.513993 0.408562 0.515799 0.413335 0.515197 0.418538
1 0.0107422 0.317383 0.0107422 0.320312 0.00585938 0.322266 0.00292969 0.318359 0.00683594 0.314453 0.0078125 0.30957 0.0117188 0.305664 0.0146484 0.307617 0.015625 0.30957 0.015625 0.3125 0.0136719 0.316406
0 0.00585938 0.371094 0 0.366211 0 0.356445 0.00390625 0.356445 0.0078125 0.359375 0.0107422 0.361328 0.0126953 0.368164 0.0107422 0.371094
1 0.0117188 0.376953 0.0107422 0.375 0.00878906 0.375 0.00683594 0.37207 0.00683594 0.368164 0.0136719 0.368164 0.0185547 0.370117 0.0185547 0.375977 0.0214844 0.37793 0.0214844 0.381836 0.015625 0.385742 0.0146484 0.382812 0.0107422 0.382812 0.00878906 0.380859
1 0.0117188 0.37793 0.00976562 0.374023 0.00683594 0.374023 0.00585938 0.37207 0 0.37207 0 0.37793 0.000976562 0.380859 0.00390625 0.381836 0.00390625 0.386719 0.00683594 0.386719 0.00683594 0.394531 0.0107422 0.395508 0.0126953 0.398438 0.0175781 0.402344 0.0205078 0.401367 0.0214844 0.400391 0.0234375 0.397461 0.0214844 0.394531 0.0195312 0.393555 0.0205078 0.391602 0.0214844 0.386719 0.0166016 0.384766 0.0126953 0.384766 0.0136719 0.379883
0 0.0351562 0.514648 0.0332031 0.515625 0.0322266 0.518555 0.0361328 0.520508 0.0380859 0.517578 0.0390625 0.516602 0.0380859 0.514648
1 0.0439453 0.516602 0.0400391 0.514648 0.0390625 0.511719 0.0371094 0.508789 0.0351562 0.506836 0.0380859 0.505859 0.0390625 0.501953 0.0419922 0.503906 0.0449219 0.506836 0.0449219 0.511719 0.0449219 0.514648
0 0.338867 0.515625 0.336914 0.516602 0.333008 0.513672 0.332031 0.509766 0.333984 0.505859 0.336914 0.505859 0.339844 0.508789 0.34082 0.511719 0.34082 0.514648
1 0.295898 0.488281 0.291992 0.491211 0.287109 0.490234 0.285156 0.485352 0.28418 0.480469 0.289062 0.479492 0.291992 0.474609 0.295898 0.47168 0.298828 0.475586 0.297852 0.480469 0.299805 0.482422 0.299805 0.485352
1 0.298828 0.494141 0.297852 0.498047 0.293945 0.499023 0.289062 0.496094 0.290039 0.490234 0.295898 0.486328 0.298828 0.483398 0.300781 0.487305 0.303711 0.491211 0.303711 0.494141
0 0.293945 0.507812 0.290039 0.509766 0.286133 0.509766 0.28418 0.504883 0.283203 0.499023 0.286133 0.495117 0.289062 0.493164 0.293945 0.496094 0.296875 0.499023 0.296875 0.501953 0.296875 0.505859
1 0.31543 0.485352 0.3125 0.488281 0.308594 0.487305 0.305664 0.483398 0.303711 0.479492 0.304688 0.472656 0.30957 0.470703 0.314453 0.472656 0.318359 0.472656 0.323242 0.473633 0.324219 0.479492 0.325195 0.483398 0.323242 0.486328 0.320312 0.487305 0.317383 0.484375
0 0.357422 0.43457 0.355469 0.436523 0.349609 0.436523 0.34668 0.432617 0.349609 0.428711 0.352539 0.429688 0.355469 0.433594
0 0.359375 0.428711 0.358398 0.424805 0.361328 0.421875 0.364258 0.423828 0.365234 0.428711 0.363281 0.429688
0 0.369141 0.432617 0.366211 0.432617 0.363281 0.430664 0.365234 0.426758 0.367188 0.424805 0.371094 0.424805 0.37207 0.428711
0 0.375 0.4375 0.37207 0.438477 0.368164 0.436523 0.366211 0.433594 0.369141 0.430664 0.37207 0.429688 0.375 0.43457
0 0.37793 0.433594 0.374023 0.433594 0.371094 0.431641 0.373047 0.425781 0.376953 0.429688
0 0.336914 0.420898 0.334961 0.420898 0.333984 0.416016 0.335938 0.413086 0.338867 0.415039 0.338867 0.419922
0 0.31543 0.259766 0.314453 0.253906 0.317383 0.250977 0.322266 0.245117 0.326172 0.248047 0.326172 0.250977 0.322266 0.254883 0.320312 0.259766
0 0.31543 0.254883 0.311523 0.253906 0.307617 0.25 0.307617 0.243164 0.3125 0.243164 0.31543 0.240234 0.320312 0.240234 0.321289 0.243164 0.321289 0.246094 0.321289 0.25 0.318359 0.25293
0 0.307617 0.249023 0.306641 0.250977 0.297852 0.251953 0.296875 0.246094 0.299805 0.241211 0.299805 0.241211 0.303711 0.243164 0.307617 0.242188 0.30957 0.245117
0 0.286133 0.261719 0.282227 0.259766 0.280273 0.256836 0.282227 0.253906 0.285156 0.254883 0.287109 0.255859 0.290039 0.254883 0.292969 0.255859 0.292969 0.260742 0.291016 0.261719
0 0.291016 0.253906 0.286133 0.254883 0.282227 0.25293 0.279297 0.249023 0.280273 0.245117 0.28418 0.241211 0.290039 0.241211 0.293945 0.241211 0.295898 0.243164 0.297852 0.24707 0.297852 0.25 0.292969 0.253906
0 0.282227 0.25293 0.27832 0.255859 0.275391 0.256836 0.272461 0.256836 0.271484 0.253906 0.269531 0.253906 0.266602 0.251953 0.264648 0.248047 0.263672 0.245117 0.267578 0.243164 0.271484 0.242188 0.274414 0.243164 0.279297 0.243164 0.282227 0.245117 0.282227 0.248047
0 0.273438 0.256836 0.271484 0.260742 0.267578 0.261719 0.264648 0.260742 0.261719 0.260742 0.261719 0.256836 0.264648 0.25293 0.265625 0.25293 0.269531 0.250977 0.273438 0.25293
0 0.262695 0.258789 0.259766 0.259766 0.255859 0.259766 0.253906 0.260742 0.25 0.254883 0.25 0.25 0.248047 0.249023 0.248047 0.24707 0.251953 0.244141 0.256836 0.246094 0.257812 0.248047 0.259766 0.244141 0.263672 0.246094 0.267578 0.25 0.268555 0.253906 0.264648 0.254883
1 0.277344 0.275391 0.272461 0.276367 0.267578 0.276367 0.25293 0.273438 0.25 0.269531 0.251953 0.264648 0.256836 0.263672 0.260742 0.260742 0.260742 0.264648 0.262695 0.266602 0.263672 0.263672 0.266602 0.263672 0.267578 0.260742 0.271484 0.260742 0.274414 0.256836 0.277344 0.255859 0.28418 0.257812 0.288086 0.259766 0.289062 0.263672 0.290039 0.265625 0.294922 0.267578 0.298828 0.269531 0.297852 0.273438 0.291016 0.274414 0.285156 0.276367 0.28125 0.275391 0.279297 0.273438
1 0.308594 0.273438 0.304688 0.276367 0.299805 0.275391 0.294922 0.272461 0.295898 0.267578 0.291992 0.263672 0.291992 0.262695 0.294922 0.258789 0.300781 0.256836 0.305664 0.257812 0.306641 0.261719 0.30957 0.262695 0.307617 0.266602 0.310547 0.267578 0.308594 0.268555
1 0.318359 0.274414 0.3125 0.274414 0.307617 0.273438 0.307617 0.268555 0.310547 0.265625 0.314453 0.263672 0.31543 0.261719 0.317383 0.261719 0.320312 0.264648 0.324219 0.265625 0.327148 0.268555 0.324219 0.272461 0.321289 0.273438
0 0.451172 0.381836 0.448242 0.381836 0.442383 0.378906 0.441406 0.374023 0.442383 0.369141 0.448242 0.370117 0.458984 0.37207 0.455078 0.375 0.456055 0.379883
0 0.454102 0.379883 0.450195 0.382812 0.451172 0.384766 0.453125 0.387695 0.457031 0.387695 0.459961 0.384766 0.458984 0.383789 0.458008 0.381836
0 0.459961 0.380859 0.456055 0.378906 0.454102 0.374023 0.455078 0.374023 0.458008 0.37207 0.460938 0.373047 0.464844 0.375 0.466797 0.37793 0.467773 0.381836 0.463867 0.383789
0 0.450195 0.386719 0.445312 0.387695 0.442383 0.385742 0.442383 0.381836 0.446289 0.380859 0.450195 0.381836
1 0.503906 0.413086 0.503906 0.417969 0.500977 0.421875 0.499023 0.422852 0.5 0.426758 0.496094 0.429688 0.492188 0.432617 0.488281 0.430664 0.487305 0.426758 0.486328 0.423828 0.489258 0.419922 0.490234 0.416016 0.492188 0.412109 0.489258 0.40918 0.491211 0.405273 0.494141 0.405273 0.494141 0.40332 0.496094 0.402344 0.498047 0.40332 0.501953 0.40332 0.503906 0.401367 0.509766 0.402344 0.510742 0.405273 0.509766 0.40918 0.507812 0.412109
1 0.481445 0.442383 0.478516 0.444336 0.470703 0.442383 0.47168 0.439453 0.475586 0.4375 0.475586 0.435547 0.478516 0.433594 0.478516 0.430664 0.483398 0.431641 0.486328 0.429688 0.490234 0.431641 0.490234 0.435547 0.486328 0.4375 0.485352 0.44043
0 0.488281 0.445312 0.485352 0.444336 0.481445 0.443359 0.484375 0.439453 0.488281 0.438477 0.491211 0.4375 0.494141 0.4375 0.49707 0.439453 0.495117 0.443359
0 0.584961 0.595703 0.582031 0.597656 0.579102 0.594727 0.580078 0.591797 0.583008 0.59082
0 0.586914 0.59375 0.583008 0.592773 0.581055 0.591797 0.582031 0.588867 0.584961 0.587891 0.588867 0.589844 0.589844 0.592773
0 0.592773 0.587891 0.588867 0.588867 0.587891 0.586914 0.584961 0.586914 0.584961 0.583984 0.588867 0.583008 0.591797 0.581055 0.59668 0.583008 0.59668 0.585938
0 0.649414 0.537109 0.641602 0.537109 0.644531 0.533203 0.646484 0.533203 0.647461 0.529297 0.652344 0.52832 0.655273 0.53125 0.655273 0.533203
1 0.59668 0.583984 0.591797 0.582031 0.59082 0.580078 0.594727 0.579102 0.595703 0.576172 0.59668 0.575195 0.598633 0.571289 0.600586 0.570312 0.602539 0.566406 0.606445 0.56543 0.611328 0.564453 0.612305 0.561523 0.616211 0.557617 0.621094 0.553711 0.625 0.550781 0.628906 0.548828 0.630859 0.543945 0.634766 0.540039 0.636719 0.540039 0.638672 0.537109 0.644531 0.536133 0.646484 0.537109 0.646484 0.540039 0.644531 0.541992 0.642578 0.542969 0.640625 0.544922 0.636719 0.546875 0.633789 0.550781 0.630859 0.551758 0.630859 0.554688 0.625977 0.556641 0.623047 0.55957 0.620117 0.564453 0.618164 0.56543 0.612305 0.570312 0.610352 0.572266 0.607422 0.572266 0.606445 0.576172 0.604492 0.577148 0.601562 0.578125 0.600586 0.582031
0 0.583008 0.587891 0.579102 0.585938 0.579102 0.583984 0.582031 0.583008 0.583984 0.584961 0.584961 0.585938 0.584961 0.586914
1 0.586914 0.583008 0.583008 0.582031 0.580078 0.581055 0.577148 0.579102 0.578125 0.574219 0.581055 0.572266 0.583984 0.570312 0.583984 0.568359 0.585938 0.567383 0.585938 0.563477 0.587891 0.563477 0.587891 0.561523 0.59082 0.561523 0.591797 0.558594 0.595703 0.558594 0.59668 0.556641 0.598633 0.556641 0.598633 0.554688 0.601562 0.553711 0.601562 0.551758 0.602539 0.548828 0.605469 0.547852 0.605469 0.545898 0.603516 0.545898 0.606445 0.542969 0.609375 0.541992 0.611328 0.541016 0.612305 0.541016 0.615234 0.538086 0.615234 0.536133 0.618164 0.53125 0.623047 0.53125 0.624023 0.527344 0.628906 0.525391 0.628906 0.522461 0.633789 0.522461 0.632812 0.519531 0.634766 0.517578 0.640625 0.515625 0.645508 0.516602 0.650391 0.516602 0.65332 0.516602 0.65625 0.517578 0.65625 0.521484 0.655273 0.525391 0.652344 0.525391 0.650391 0.529297 0.647461 0.52832 0.647461 0.532227 0.644531 0.533203 0.641602 0.537109 0.639648 0.541992 0.634766 0.543945 0.630859 0.546875 0.62793 0.551758 0.623047 0.555664 0.618164 0.555664 0.616211 0.560547 0.612305 0.561523 0.612305 0.564453 0.610352 0.566406 0.609375 0.568359 0.606445 0.568359 0.602539 0.570312 0.601562 0.572266 0.597656 0.575195 0.59668 0.576172 0.594727 0.578125 0.594727 0.581055 0.591797 0.582031 0.588867 0.581055
0 0.756836 0.585938 0.753906 0.585938 0.750977 0.582031 0.751953 0.579102 0.754883 0.578125 0.758789 0.579102 0.759766 0.583008 0.759766 0.585938
0 0.751953 0.583984 0.749023 0.586914 0.744141 0.585938 0.741211 0.587891 0.736328 0.587891 0.734375 0.585938 0.737305 0.583008 0.736328 0.580078 0.739258 0.578125 0.741211 0.576172 0.741211 0.574219 0.746094 0.572266 0.75 0.574219 0.750977 0.576172 0.750977 0.579102 0.75293 0.580078
1 0.758789 0.576172 0.753906 0.575195 0.749023 0.576172 0.745117 0.573242 0.744141 0.568359 0.745117 0.563477 0.74707 0.55957 0.746094 0.554688 0.75 0.553711 0.751953 0.551758 0.750977 0.547852 0.754883 0.545898 0.759766 0.544922 0.764648 0.545898 0.770508 0.547852 0.772461 0.552734 0.768555 0.553711 0.764648 0.553711 0.767578 0.555664 0.769531 0.556641 0.771484 0.55957 0.768555 0.55957 0.773438 0.563477 0.770508 0.566406 0.763672 0.56543 0.764648 0.567383 0.768555 0.569336 0.765625 0.570312 0.767578 0.572266 0.766602 0.574219 0.762695 0.575195 0.760742 0.576172
0 0.838867 0.65918 0.84082 0.660156 0.84082 0.663086 0.835938 0.664062 0.835938 0.664062 0.829102 0.663086 0.828125 0.661133 0.830078 0.65625 0.832031 0.654297 0.836914 0.65332 0.839844 0.654297
1 0.84375 0.651367 0.839844 0.65332 0.835938 0.652344 0.833008 0.649414 0.835938 0.645508 0.838867 0.643555 0.84082 0.636719 0.84375 0.632812 0.847656 0.630859 0.845703 0.626953 0.848633 0.62207 0.853516 0.620117 0.853516 0.621094 0.857422 0.621094 0.860352 0.621094 0.866211 0.621094 0.871094 0.62207 0.873047 0.624023 0.87207 0.626953 0.870117 0.62793 0.874023 0.628906 0.876953 0.632812 0.875977 0.637695 0.874023 0.638672 0.87207 0.640625 0.871094 0.642578 0.866211 0.644531 0.864258 0.648438 0.867188 0.652344 0.866211 0.654297 0.861328 0.65332 0.858398 0.65332 0.854492 0.655273 0.84668 0.65332
1 0.861328 0.62207 0.857422 0.620117 0.853516 0.619141 0.851562 0.615234 0.853516 0.610352 0.859375 0.609375 0.862305 0.610352 0.865234 0.611328 0.867188 0.608398 0.875 0.608398 0.87793 0.609375 0.87793 0.613281 0.874023 0.613281 0.87207 0.616211 0.866211 0.619141 0.863281 0.619141
0 0.800781 0.605469 0.796875 0.605469 0.791992 0.603516 0.791016 0.601562 0.791992 0.598633 0.796875 0.598633 0.799805 0.599609 0.800781 0.602539
