0 0 0.0107422 0.0107422 0.0126953 0.00976562 0.0224609 0.0078125 0.0273438 0 0.0273438
0 0 0 0.00683594 0.00195312 0.00878906 0.00878906 0.00488281 0.00976562 0 0.00878906
0 0.0078125 0 0.0166016 0 0.0214844 0.00585938 0.0195312 0.0117188 0.0136719 0.0136719 0.0078125 0.00878906
0 0.0224609 0.000976562 0.0292969 0 0.03125 0.00585938 0.0283203 0.00878906 0.0224609 0.00878906
0 0.046875 0.00390625 0.0546875 0.000976562 0.0576172 0.00488281 0.0537109 0.00878906 0.0537109 0.00878906 0.046875 0.00683594
0 0.0771484 0 0.0839844 0 0.0839844 0.00683594 0.0771484 0.00878906 0.0742188 0.00390625
0 0.09375 0 0.0976562 0.000976562 0.0976562 0.00683594 0.0908203 0.00683594 0.0869141 0.000976562
0 0.105469 0 0.113281 0.00195312 0.112305 0.00878906 0.102539 0.0078125 0.102539 0.0078125 0.0996094 0.00292969
0 0.102539 0.0117188 0.105469 0.0136719 0.104492 0.0195312 0.0976562 0.0205078 0.09375 0.0136719
0 0.0712891 0.00976562 0.0771484 0.0117188 0.0771484 0.0185547 0.0712891 0.0195312 0.0673828 0.0146484
0 0.0488281 0.0117188 0.0517578 0.0136719 0.0517578 0.0175781 0.0449219 0.0214844 0.0400391 0.0175781 0.0410156 0.0136719
0 0.0292969 0.0117188 0.0361328 0.0117188 0.0361328 0.0185547 0.03125 0.0195312 0.0263672 0.0166016
0 0.0214844 0.0136719 0.0244141 0.0175781 0.0244141 0.0224609 0.0166016 0.0244141 0.0126953 0.0195312 0.0126953 0.0146484
0 0.0869141 0.015625 0.09375 0.0214844 0.09375 0.0302734 0.0878906 0.0292969 0.0849609 0.03125 0.0800781 0.0332031 0.0722656 0.0332031 0.0693359 0.0292969 0.0732422 0.0205078 0.078125 0.0214844 0.0810547 0.0166016
0 0.107422 0.0253906 0.118164 0.0351562 0.119141 0.0449219 0.114258 0.0488281 0.104492 0.0527344 0.0966797 0.0488281 0.0976562 0.0410156 0.102539 0.0390625 0.102539 0.0332031 0.103516 0.0292969
0 0.0898438 0.0419922 0.0947266 0.0449219 0.0927734 0.0517578 0.0888672 0.0517578 0.0849609 0.0478516
0 0.0986328 0.0498047 0.104492 0.0546875 0.104492 0.0605469 0.103516 0.0683594 0.102539 0.0742188 0.102539 0.0742188 0.09375 0.0761719 0.0878906 0.0693359 0.0917969 0.0625 0.0917969 0.0537109
0 0.0849609 0.0507812 0.0908203 0.0537109 0.0908203 0.0625 0.0849609 0.0664062 0.0751953 0.0673828 0.0732422 0.0595703 0.0791016 0.0556641
1 0.078125 0.0332031 0.0839844 0.0390625 0.0830078 0.0458984 0.0800781 0.0488281 0.0742188 0.0517578 0.0693359 0.0498047 0.0615234 0.0488281 0.0585938 0.0458984 0.0507812 0.0458984 0.0439453 0.0429688 0.0429688 0.0380859 0.0488281 0.0341797 0.0556641 0.0351562 0.0615234 0.0371094 0.0654297 0.0341797 0.0683594 0.0371094 0.0771484 0.0361328
0 0.0634766 0.0195312 0.0703125 0.0224609 0.0703125 0.0292969 0.0683594 0.0341797 0.0654297 0.0332031 0.0634766 0.0283203 0.0595703 0.0253906
1 0.0107422 0.0498047 0.0175781 0.0507812 0.0253906 0.0507812 0.03125 0.0537109 0.0341797 0.0488281 0.0292969 0.0439453 0.0341797 0.0400391 0.0390625 0.0439453 0.0449219 0.0439453 0.046875 0.0478516 0.0439453 0.0527344 0.0400391 0.0566406 0.0341797 0.0585938 0.0283203 0.0605469 0.0302734 0.0664062 0.0253906 0.0722656 0.0166016 0.0722656 0.00878906 0.0703125 0.00976562 0.0644531 0.00488281 0.0615234 0.000976562 0.0634766 0 0.0556641 0 0.046875 0.00488281 0.0439453
0 0.0537109 0.0546875 0.0556641 0.0605469 0.0488281 0.0664062 0.0439453 0.0634766 0.0439453 0.0576172
0 0.0625 0.0546875 0.0703125 0.0595703 0.0732422 0.0683594 0.0654297 0.0751953 0.0595703 0.078125 0.0498047 0.0751953 0.0517578 0.0654297 0.0576172 0.0595703
0 0.152344 0.00683594 0.160156 0.0117188 0.161133 0.0244141 0.15332 0.0332031 0.142578 0.0322266 0.135742 0.0292969 0.135742 0.0214844 0.138672 0.0136719
0 0.133789 0.0351562 0.141602 0.0361328 0.143555 0.0429688 0.137695 0.046875 0.12793 0.0449219 0.125977 0.0390625 0.125977 0.0390625 0.129883 0.0341797
0 0.129883 0.0517578 0.141602 0.0527344 0.146484 0.0507812 0.151367 0.0566406 0.151367 0.0644531 0.146484 0.0703125 0.139648 0.0712891 0.131836 0.0712891 0.126953 0.0664062 0.125977 0.0566406 0.125977 0.0566406
0 0.15918 0.0576172 0.164062 0.0605469 0.164062 0.0654297 0.15918 0.0673828 0.154297 0.0634766
0 0.171875 0.0390625 0.179688 0.0419922 0.179688 0.0507812 0.170898 0.0546875 0.157227 0.0507812 0.157227 0.0429688 0.163086 0.0390625
0 0.202148 0 0.204102 0.0078125 0.210938 0.0107422 0.216797 0.0107422 0.220703 0.00488281 0.21875 0
0 0.234375 0.0117188 0.240234 0.0175781 0.239258 0.0234375 0.229492 0.0263672 0.222656 0.0244141 0.222656 0.015625 0.229492 0.0117188
0 0.242188 0.0126953 0.25 0.0146484 0.256836 0.0205078 0.256836 0.0292969 0.249023 0.0292969 0.239258 0.0292969 0.235352 0.0253906
0 0.249023 0 0.248047 0.00488281 0.257812 0.0078125 0.258789 0
0 0.21582 0.0332031 0.226562 0.0332031 0.228516 0.0410156 0.223633 0.0478516 0.213867 0.0439453 0.211914 0.0380859
0 0.244141 0.0361328 0.250977 0.0410156 0.251953 0.0488281 0.25 0.0576172 0.244141 0.0585938 0.243164 0.0517578 0.233398 0.0507812 0.230469 0.0439453 0.230469 0.0439453 0.237305 0.0400391
0 0.260742 0.03125 0.264648 0.0351562 0.262695 0.0449219 0.255859 0.0419922 0.255859 0.0351562 0.255859 0.0351562
0 0.263672 0.0439453 0.268555 0.0449219 0.268555 0.0507812 0.263672 0.0537109 0.258789 0.0478516
0 0.297852 0.0117188 0.305664 0.0126953 0.307617 0.0185547 0.307617 0.0244141 0.300781 0.0273438 0.291016 0.0234375 0.290039 0.0146484
0 0.330078 0.00683594 0.337891 0.00878906 0.337891 0.0166016 0.331055 0.0205078 0.323242 0.0166016 0.323242 0.0117188
1 0.291016 0.0371094 0.300781 0.0400391 0.308594 0.0351562 0.318359 0.0361328 0.316406 0.0439453 0.324219 0.0429688 0.330078 0.0419922 0.331055 0.0371094 0.333984 0.0322266 0.337891 0.0322266 0.336914 0.0419922 0.339844 0.0498047 0.338867 0.0595703 0.326172 0.0566406 0.326172 0.0566406 0.31543 0.0576172 0.302734 0.0527344 0.293945 0.0546875 0.286133 0.0517578 0.28418 0.0449219 0.285156 0.0400391
1 0.34082 0.0537109 0.351562 0.0566406 0.357422 0.0664062 0.358398 0.0742188 0.359375 0.0800781 0.356445 0.0859375 0.350586 0.0878906 0.342773 0.0839844 0.337891 0.0791016 0.333008 0.0732422 0.334961 0.0654297 0.334961 0.0585938
0 0.217773 0.0761719 0.22168 0.078125 0.22168 0.0820312 0.21582 0.0849609 0.214844 0.078125
0 0.392578 0.00878906 0.393555 0.0146484 0.393555 0.0224609 0.384766 0.0234375 0.383789 0.0136719 0.385742 0.00976562
0 0.392578 0 0.394531 0.00292969 0.400391 0.00683594 0.40918 0.00585938 0.415039 0
0 0.392578 0.0292969 0.394531 0.0341797 0.392578 0.0380859 0.386719 0.0361328 0.386719 0.0322266
0 0.393555 0.0371094 0.394531 0.0439453 0.391602 0.046875 0.385742 0.0458984 0.385742 0.0380859 0.389648 0.0380859
0 0.405273 0.03125 0.407227 0.0361328 0.405273 0.0410156 0.398438 0.0400391 0.395508 0.0361328 0.397461 0.03125
0 0.415039 0.03125 0.422852 0.0351562 0.427734 0.0371094 0.427734 0.0419922 0.420898 0.0439453 0.419922 0.0507812 0.416992 0.0556641 0.410156 0.0576172 0.40332 0.0537109 0.398438 0.0507812 0.399414 0.0439453 0.40625 0.0410156 0.407227 0.0322266
0 0.435547 0.0742188 0.439453 0.0791016 0.4375 0.0859375 0.430664 0.0859375 0.426758 0.0810547 0.427734 0.0771484
0 0.448242 0.0849609 0.450195 0.0908203 0.445312 0.0947266 0.438477 0.09375 0.438477 0.0878906 0.442383 0.0849609
0 0.450195 0.0283203 0.456055 0.0283203 0.457031 0.0361328 0.451172 0.0361328 0.447266 0.0302734
0 0.450195 0.0361328 0.455078 0.0400391 0.460938 0.0458984 0.458984 0.0498047 0.451172 0.0507812 0.445312 0.0449219 0.448242 0.0390625
0 0.473633 0.0527344 0.476562 0.0537109 0.477539 0.0585938 0.474609 0.0605469 0.469727 0.0566406
0 0.495117 0.0419922 0.492188 0.0488281 0.487305 0.0488281 0.487305 0.0419922 0.491211 0.0390625
0 0.505859 0.0078125 0.50293 0.0117188 0.499023 0.0107422 0.49707 0.00488281 0.500977 0.00585938
0 0.540039 0.00390625 0.543945 0.00585938 0.541992 0.00976562 0.538086 0.0117188 0.533203 0.0107422 0.533203 0.00390625
0 0.563477 0.00195312 0.566406 0.00292969 0.56543 0.00976562 0.558594 0.0126953 0.555664 0.00683594
0 0.59082 0.0078125 0.586914 0.0117188 0.579102 0.0107422 0.580078 0.00390625 0.585938 0.00195312
0 0.515625 0.0732422 0.518555 0.078125 0.514648 0.0820312 0.508789 0.0810547 0.508789 0.0761719
1 0.5 0.0390625 0.505859 0.0400391 0.505859 0.0322266 0.510742 0.0283203 0.519531 0.0292969 0.521484 0.0351562 0.52832 0.0371094 0.530273 0.0322266 0.535156 0.0332031 0.540039 0.0371094 0.546875 0.0332031 0.551758 0.0351562 0.561523 0.0332031 0.567383 0.0332031 0.571289 0.0283203 0.578125 0.03125 0.578125 0.0380859 0.583008 0.0390625 0.585938 0.046875 0.579102 0.0458984 0.575195 0.0507812 0.573242 0.0546875 0.569336 0.0585938 0.566406 0.0546875 0.55957 0.0527344 0.558594 0.0498047 0.553711 0.0488281 0.549805 0.0458984 0.545898 0.0488281 0.540039 0.0498047 0.533203 0.0478516 0.526367 0.0517578 0.519531 0.0488281 0.514648 0.0498047 0.505859 0.0488281 0.498047 0.0458984
0 0.646484 0.00292969 0.648438 0.0078125 0.643555 0.0107422 0.639648 0.00683594
1 0.606445 0.0410156 0.612305 0.0449219 0.610352 0.0517578 0.608398 0.0556641 0.600586 0.0527344 0.595703 0.0507812 0.598633 0.0546875 0.598633 0.0595703 0.59082 0.0605469 0.59082 0.0537109 0.585938 0.0478516 0.588867 0.0429688 0.59668 0.0419922
0 0.641602 0.0527344 0.646484 0.0576172 0.642578 0.0625 0.634766 0.0615234 0.634766 0.0615234 0.634766 0.0537109
0 0.667969 0.0400391 0.677734 0.0419922 0.681641 0.0517578 0.679688 0.0566406 0.672852 0.0605469 0.663086 0.0615234 0.65625 0.0556641 0.660156 0.0439453
0 0.648438 0.0634766 0.65625 0.0664062 0.661133 0.0722656 0.658203 0.0820312 0.651367 0.0800781 0.641602 0.0800781 0.633789 0.078125 0.634766 0.0693359 0.641602 0.0644531
0 0.692383 0.00292969 0.697266 0.00683594 0.696289 0.0136719 0.691406 0.0136719 0.688477 0.00976562
0 0.706055 0.0078125 0.713867 0.0136719 0.713867 0.0214844 0.709961 0.0263672 0.703125 0.0292969 0.694336 0.0263672 0.693359 0.015625 0.699219 0.00683594
0 0.726562 0.00683594 0.734375 0.0117188 0.734375 0.0214844 0.728516 0.0273438 0.720703 0.0263672 0.714844 0.0214844 0.714844 0.0146484
0 0.75293 0.0595703 0.75293 0.0703125 0.74707 0.0761719 0.736328 0.0732422 0.736328 0.0644531 0.743164 0.0585938
0 0.702148 0.0742188 0.707031 0.0791016 0.707031 0.0859375 0.698242 0.0849609 0.695312 0.078125 0.697266 0.0732422
1 0.842773 0.0078125 0.849609 0.00976562 0.850586 0.0185547 0.855469 0.0205078 0.857422 0.0263672 0.857422 0.0263672 0.851562 0.0283203 0.851562 0.0361328 0.844727 0.0390625 0.838867 0.0361328 0.834961 0.0273438 0.835938 0.0195312 0.835938 0.0117188
0 0.78125 0.0478516 0.786133 0.0488281 0.78418 0.0546875 0.77832 0.0546875
0 0.979492 0.194336 0.986328 0.196289 0.986328 0.203125 0.975586 0.202148
0 0.71582 0.135742 0.719727 0.141602 0.714844 0.144531 0.707031 0.141602 0.708008 0.137695
0 0.708984 0.169922 0.713867 0.176758 0.709961 0.179688 0.704102 0.178711 0.703125 0.174805
0 0.720703 0.169922 0.723633 0.171875 0.723633 0.175781 0.71875 0.176758 0.71582 0.172852
0 0.712891 0.188477 0.713867 0.182617 0.708984 0.180664 0.703125 0.180664 0.701172 0.182617 0.701172 0.185547 0.706055 0.188477
0 0.666016 0.130859 0.670898 0.133789 0.670898 0.137695 0.666992 0.137695 0.661133 0.132812
0 0.607422 0.0898438 0.613281 0.0908203 0.614258 0.0966797 0.609375 0.0986328 0.606445 0.0947266
0 0.607422 0.107422 0.616211 0.115234 0.615234 0.124023 0.606445 0.124023 0.600586 0.115234
0 0.597656 0.157227 0.600586 0.162109 0.59668 0.165039 0.591797 0.15918
0 0.550781 0.15625 0.557617 0.15625 0.557617 0.164062 0.549805 0.167969 0.542969 0.162109 0.543945 0.155273
0 0.548828 0.121094 0.551758 0.123047 0.551758 0.126953 0.544922 0.12793 0.544922 0.124023
0 0.536133 0.0839844 0.539062 0.0859375 0.539062 0.0947266 0.53125 0.0957031 0.53125 0.0878906 0.53418 0.0869141
0 0.504883 0.15625 0.507812 0.160156 0.506836 0.166016 0.5 0.166992 0.49707 0.164062 0.5 0.158203
0 0.496094 0.15625 0.49707 0.165039 0.491211 0.166992 0.488281 0.161133 0.489258 0.157227
0 0.476562 0.0898438 0.479492 0.0927734 0.479492 0.0976562 0.476562 0.0986328 0.473633 0.0947266
0 0.476562 0.111328 0.478516 0.115234 0.483398 0.120117 0.477539 0.125 0.47168 0.124023 0.46875 0.120117 0.462891 0.118164 0.463867 0.112305 0.469727 0.109375 0.473633 0.106445
0 0.466797 0.124023 0.467773 0.131836 0.462891 0.138672 0.452148 0.136719 0.450195 0.12793 0.455078 0.121094 0.460938 0.120117
0 0.447266 0.160156 0.446289 0.166016 0.44043 0.166992 0.438477 0.160156 0.442383 0.160156
0 0.408203 0.158203 0.408203 0.164062 0.402344 0.163086 0.40332 0.157227
0 0.405273 0.105469 0.413086 0.107422 0.418945 0.112305 0.418945 0.12207 0.418945 0.128906 0.410156 0.133789 0.399414 0.131836 0.390625 0.125 0.393555 0.114258 0.398438 0.109375 0.402344 0.107422
0 0.338867 0.129883 0.34375 0.130859 0.34375 0.136719 0.339844 0.140625 0.339844 0.143555 0.338867 0.148438 0.335938 0.15332 0.333984 0.146484 0.331055 0.139648 0.334961 0.134766
0 0.31543 0.111328 0.321289 0.115234 0.320312 0.121094 0.31543 0.123047 0.308594 0.118164
0 0.285156 0.130859 0.288086 0.135742 0.287109 0.139648 0.280273 0.141602 0.275391 0.136719 0.279297 0.129883
0 0.270508 0.128906 0.275391 0.130859 0.275391 0.135742 0.269531 0.136719 0.265625 0.131836
0 0.260742 0.132812 0.265625 0.136719 0.265625 0.146484 0.260742 0.147461 0.257812 0.142578 0.256836 0.136719
0 0.259766 0.154297 0.264648 0.157227 0.263672 0.164062 0.258789 0.166992 0.253906 0.163086 0.253906 0.15625
0 0.248047 0.131836 0.251953 0.134766 0.250977 0.138672 0.246094 0.140625 0.242188 0.135742
0 0.234375 0.129883 0.239258 0.133789 0.236328 0.137695 0.231445 0.136719 0.229492 0.132812
0 0.188477 0.117188 0.200195 0.118164 0.199219 0.125 0.196289 0.130859 0.189453 0.126953 0.185547 0.121094
0 0.188477 0.102539 0.193359 0.103516 0.193359 0.112305 0.191406 0.115234 0.185547 0.117188 0.18457 0.109375
0 0.174805 0.0927734 0.180664 0.09375 0.181641 0.0986328 0.179688 0.102539 0.172852 0.101562 0.169922 0.0966797
0 0.186523 0.125977 0.192383 0.131836 0.191406 0.140625 0.183594 0.141602 0.177734 0.135742 0.181641 0.130859
0 0.170898 0.118164 0.178711 0.119141 0.183594 0.125977 0.179688 0.131836 0.175781 0.136719 0.166992 0.134766 0.166992 0.125977
0 0.149414 0.0947266 0.161133 0.0966797 0.164062 0.102539 0.15918 0.111328 0.149414 0.110352 0.143555 0.106445 0.140625 0.101562 0.144531 0.0957031
0 0.154297 0.116211 0.163086 0.120117 0.164062 0.128906 0.15918 0.130859 0.150391 0.129883 0.145508 0.124023 0.147461 0.117188
0 0.142578 0.119141 0.145508 0.125 0.144531 0.128906 0.138672 0.128906 0.134766 0.125 0.137695 0.118164
0 0.149414 0.134766 0.152344 0.138672 0.154297 0.143555 0.151367 0.146484 0.145508 0.143555 0.147461 0.136719
0 0.155273 0.165039 0.155273 0.170898 0.149414 0.170898 0.149414 0.166992
0 0.136719 0.147461 0.136719 0.154297 0.129883 0.15332 0.128906 0.146484
0 0.135742 0.15625 0.135742 0.163086 0.130859 0.162109 0.130859 0.157227
0 0.117188 0.116211 0.124023 0.12207 0.125 0.12793 0.123047 0.133789 0.114258 0.132812 0.111328 0.125977 0.115234 0.120117
0 0.0810547 0.0927734 0.0869141 0.09375 0.0888672 0.0996094 0.0869141 0.104492 0.0820312 0.107422 0.0761719 0.106445 0.0732422 0.0976562
0 0.0878906 0.128906 0.0878906 0.134766 0.0830078 0.134766 0.0820312 0.129883
0 0.0263672 0.124023 0.03125 0.126953 0.0361328 0.12793 0.0449219 0.131836 0.046875 0.138672 0.0410156 0.140625 0.0351562 0.143555 0.0322266 0.148438 0.0322266 0.148438 0.0234375 0.147461 0.0175781 0.141602 0.0175781 0.132812 0.0205078 0.12793
0 0 0.135742 0.0078125 0.136719 0.0117188 0.143555 0.0126953 0.150391 0.0107422 0.152344 0 0.158203
0 0.00585938 0.158203 0.0126953 0.162109 0.0126953 0.168945 0.0078125 0.172852 0.000976562 0.171875 0 0.162109 0 0.157227
0 0.00976562 0.176758 0.0146484 0.178711 0.015625 0.185547 0.00976562 0.1875 0.00585938 0.185547 0.00585938 0.179688
0 0.00878906 0.205078 0.015625 0.210938 0.0195312 0.219727 0.0175781 0.224609 0.0117188 0.222656 0.00683594 0.225586 0 0.223633 0 0.210938 0.00292969 0.208984
0 0.0625 0.188477 0.0615234 0.196289 0.0576172 0.199219 0.0546875 0.193359 0.0566406 0.186523
0 0.0839844 0.171875 0.0888672 0.174805 0.0927734 0.179688 0.0917969 0.18457 0.0839844 0.183594 0.0800781 0.177734
0 0.0664062 0.200195 0.0693359 0.208984 0.0742188 0.213867 0.0712891 0.219727 0.0654297 0.21875 0.0595703 0.220703 0.0537109 0.216797 0.0576172 0.211914 0.0605469 0.203125
0 0.0820312 0.210938 0.0839844 0.216797 0.0800781 0.219727 0.0761719 0.21582
0 0.124023 0.222656 0.123047 0.227539 0.117188 0.227539 0.115234 0.223633 0.119141 0.223633
0 0.0625 0.25 0.0615234 0.253906 0.0556641 0.25293 0.0556641 0.25
0 0.162109 0.246094 0.165039 0.253906 0.162109 0.260742 0.152344 0.259766 0.150391 0.25293 0.154297 0.248047
0 0.165039 0.21875 0.168945 0.222656 0.169922 0.228516 0.161133 0.233398 0.155273 0.229492 0.157227 0.220703
0 0.166992 0.200195 0.169922 0.207031 0.168945 0.213867 0.15918 0.21582 0.15625 0.207031 0.163086 0.199219
0 0.182617 0.211914 0.189453 0.216797 0.1875 0.224609 0.179688 0.227539 0.171875 0.220703 0.172852 0.214844 0.172852 0.214844
0 0.196289 0.211914 0.202148 0.214844 0.202148 0.214844 0.200195 0.21875 0.196289 0.22168 0.188477 0.216797 0.189453 0.212891
0 0.203125 0.220703 0.207031 0.225586 0.208984 0.231445 0.202148 0.230469 0.201172 0.233398 0.197266 0.234375 0.193359 0.229492 0.195312 0.227539 0.193359 0.22168 0.198242 0.21875
0 0.210938 0.213867 0.217773 0.217773 0.21875 0.223633 0.217773 0.228516 0.21582 0.230469 0.209961 0.231445 0.205078 0.226562 0.204102 0.219727
0 0.219727 0.210938 0.222656 0.212891 0.228516 0.216797 0.227539 0.222656 0.220703 0.222656 0.21582 0.220703 0.216797 0.211914 0.216797 0.211914
0 0.245117 0.208008 0.248047 0.214844 0.246094 0.22168 0.239258 0.22168 0.235352 0.216797 0.239258 0.208008
0 0.267578 0.210938 0.269531 0.21582 0.263672 0.21875 0.258789 0.217773 0.257812 0.211914
0 0.256836 0.24707 0.263672 0.248047 0.265625 0.254883 0.262695 0.258789 0.255859 0.259766 0.251953 0.25293
0 0.28125 0.182617 0.287109 0.18457 0.287109 0.188477 0.27832 0.188477
1 0.286133 0.213867 0.292969 0.208984 0.298828 0.210938 0.303711 0.210938 0.304688 0.203125 0.314453 0.206055 0.31543 0.212891 0.308594 0.217773 0.302734 0.217773 0.308594 0.220703 0.311523 0.224609 0.311523 0.233398 0.303711 0.233398 0.293945 0.236328 0.286133 0.235352 0.28125 0.230469 0.282227 0.224609 0.280273 0.216797
0 0.353516 0.241211 0.356445 0.24707 0.355469 0.25293 0.34668 0.256836 0.336914 0.253906 0.336914 0.244141 0.342773 0.240234
0 0.364258 0.178711 0.369141 0.172852 0.378906 0.171875 0.382812 0.174805 0.390625 0.173828 0.392578 0.180664 0.388672 0.186523 0.383789 0.191406 0.374023 0.191406 0.366211 0.189453 0.365234 0.183594
0 0.331055 0.200195 0.337891 0.199219 0.337891 0.205078 0.341797 0.202148 0.341797 0.202148 0.34375 0.195312 0.345703 0.193359 0.352539 0.196289 0.354492 0.201172 0.357422 0.201172 0.364258 0.202148 0.366211 0.207031 0.373047 0.208984 0.376953 0.210938 0.374023 0.216797 0.369141 0.21875 0.373047 0.220703 0.375977 0.222656 0.375 0.231445 0.369141 0.237305 0.359375 0.241211 0.349609 0.237305 0.34082 0.232422 0.333008 0.228516 0.332031 0.21875 0.326172 0.219727 0.323242 0.213867 0.317383 0.210938 0.317383 0.202148 0.323242 0.198242 0.323242 0.198242
0 0.400391 0.191406 0.40918 0.19043 0.408203 0.199219 0.412109 0.202148 0.412109 0.208008 0.404297 0.208984 0.398438 0.206055 0.394531 0.199219 0.395508 0.193359 0.395508 0.193359
0 0.408203 0.237305 0.412109 0.239258 0.412109 0.245117 0.40332 0.245117 0.398438 0.242188 0.400391 0.237305
0 0.417969 0.238281 0.422852 0.240234 0.420898 0.245117 0.415039 0.244141 0.413086 0.240234
1 0.388672 0.169922 0.395508 0.168945 0.401367 0.170898 0.40332 0.167969 0.407227 0.167969 0.410156 0.166992 0.414062 0.168945 0.420898 0.166992 0.421875 0.171875 0.417969 0.174805 0.410156 0.173828 0.40918 0.178711 0.40332 0.178711 0.400391 0.173828 0.396484 0.174805 0.395508 0.177734 0.390625 0.176758 0.389648 0.172852
0 0.428711 0.179688 0.427734 0.189453 0.421875 0.1875 0.422852 0.179688
0 0.421875 0.193359 0.425781 0.194336 0.424805 0.198242 0.419922 0.198242
0 0.426758 0.203125 0.422852 0.203125 0.422852 0.207031 0.426758 0.208008
0 0.439453 0.18457 0.443359 0.19043 0.44043 0.200195 0.436523 0.199219 0.436523 0.19043
0 0.453125 0.167969 0.458984 0.169922 0.462891 0.175781 0.459961 0.180664 0.450195 0.179688 0.448242 0.172852
0 0.443359 0.239258 0.446289 0.242188 0.444336 0.246094 0.4375 0.245117 0.4375 0.242188
0 0.492188 0.237305 0.496094 0.241211 0.493164 0.246094 0.487305 0.242188
0 0.52832 0.238281 0.53125 0.241211 0.52832 0.244141 0.522461 0.242188
0 0.476562 0.197266 0.482422 0.203125 0.479492 0.211914 0.474609 0.214844 0.467773 0.211914 0.467773 0.205078 0.472656 0.201172 0.472656 0.197266
0 0.487305 0.202148 0.490234 0.206055 0.489258 0.209961 0.485352 0.209961 0.483398 0.205078
0 0.500977 0.193359 0.504883 0.194336 0.503906 0.199219 0.5 0.202148 0.495117 0.197266
0 0.516602 0.169922 0.515625 0.175781 0.511719 0.175781 0.508789 0.171875 0.511719 0.168945
1 0.516602 0.195312 0.523438 0.194336 0.527344 0.199219 0.525391 0.206055 0.525391 0.213867 0.526367 0.22168 0.521484 0.223633 0.517578 0.220703 0.513672 0.216797 0.507812 0.214844 0.508789 0.207031 0.510742 0.204102 0.515625 0.201172
0 0.541016 0.200195 0.541016 0.205078 0.535156 0.208984 0.530273 0.206055 0.530273 0.200195 0.536133 0.197266
0 0.541992 0.207031 0.540039 0.213867 0.537109 0.217773 0.530273 0.21582 0.53125 0.211914 0.53418 0.208984
0 0.560547 0.19043 0.561523 0.201172 0.558594 0.205078 0.553711 0.200195 0.554688 0.188477
0 0.560547 0.172852 0.564453 0.175781 0.564453 0.180664 0.556641 0.179688 0.554688 0.176758
0 0.570312 0.166992 0.576172 0.169922 0.576172 0.173828 0.569336 0.172852 0.567383 0.168945
0 0.578125 0.193359 0.579102 0.200195 0.573242 0.203125 0.567383 0.200195 0.568359 0.193359 0.572266 0.191406
0 0.641602 0.192383 0.641602 0.198242 0.635742 0.200195 0.633789 0.196289 0.635742 0.191406
0 0.657227 0.188477 0.665039 0.189453 0.665039 0.195312 0.660156 0.198242 0.654297 0.193359
0 0.608398 0.202148 0.608398 0.212891 0.603516 0.212891 0.602539 0.208008 0.59668 0.206055 0.598633 0.201172
0 0.620117 0.200195 0.626953 0.205078 0.62793 0.210938 0.624023 0.211914 0.623047 0.219727 0.618164 0.222656 0.615234 0.217773 0.618164 0.207031
0 0.78418 0.211914 0.795898 0.212891 0.803711 0.21582 0.807617 0.222656 0.802734 0.227539 0.780273 0.227539 0.776367 0.217773
0 0.673828 0.256836 0.673828 0.261719 0.668945 0.260742 0.667969 0.257812
0 0.669922 0.277344 0.672852 0.279297 0.672852 0.28418 0.666992 0.285156 0.662109 0.28125 0.664062 0.276367
0 0.666016 0.289062 0.672852 0.289062 0.675781 0.295898 0.672852 0.300781 0.666992 0.303711 0.660156 0.300781 0.661133 0.291992
0 0.669922 0.308594 0.677734 0.310547 0.682617 0.319336 0.680664 0.325195 0.674805 0.328125 0.664062 0.326172 0.658203 0.323242 0.660156 0.313477
0 0.646484 0.270508 0.65332 0.274414 0.65332 0.280273 0.654297 0.286133 0.651367 0.290039 0.638672 0.289062 0.634766 0.280273 0.638672 0.274414
0 0.610352 0.276367 0.610352 0.282227 0.605469 0.282227 0.604492 0.277344 0.607422 0.275391
0 0.599609 0.293945 0.606445 0.293945 0.611328 0.297852 0.612305 0.303711 0.604492 0.306641 0.601562 0.308594 0.59375 0.305664 0.59375 0.297852
0 0.577148 0.320312 0.578125 0.323242 0.578125 0.327148 0.574219 0.328125 0.571289 0.323242
1 0.571289 0.273438 0.576172 0.275391 0.581055 0.275391 0.583984 0.28125 0.583008 0.291992 0.575195 0.292969 0.568359 0.291016 0.566406 0.280273
0 0.539062 0.289062 0.543945 0.292969 0.551758 0.295898 0.550781 0.303711 0.540039 0.306641 0.532227 0.301758 0.533203 0.292969
0 0.553711 0.25 0.551758 0.255859 0.546875 0.254883 0.545898 0.249023 0.549805 0.249023
0 0.539062 0.248047 0.542969 0.25 0.542969 0.255859 0.535156 0.258789 0.530273 0.250977 0.53418 0.24707
0 0.527344 0.271484 0.53125 0.274414 0.53125 0.274414 0.537109 0.280273 0.536133 0.287109 0.53125 0.289062 0.522461 0.287109 0.522461 0.279297 0.521484 0.273438 0.521484 0.273438
1 0.513672 0.282227 0.518555 0.287109 0.521484 0.291992 0.517578 0.294922 0.509766 0.293945 0.50293 0.297852 0.496094 0.298828 0.491211 0.301758 0.486328 0.303711 0.477539 0.303711 0.472656 0.301758 0.472656 0.293945 0.476562 0.289062 0.483398 0.290039 0.484375 0.285156 0.488281 0.285156 0.491211 0.289062 0.498047 0.289062 0.498047 0.28125 0.507812 0.282227
0 0.476562 0.273438 0.476562 0.279297 0.469727 0.285156 0.461914 0.28418 0.460938 0.276367 0.467773 0.275391
0 0.464844 0.307617 0.460938 0.313477 0.454102 0.311523 0.457031 0.306641
0 0.458984 0.251953 0.456055 0.256836 0.450195 0.255859 0.448242 0.250977 0.453125 0.249023
0 0.522461 0.250977 0.521484 0.255859 0.515625 0.254883 0.515625 0.249023
1 0.438477 0.277344 0.445312 0.27832 0.449219 0.274414 0.456055 0.273438 0.456055 0.280273 0.456055 0.280273 0.453125 0.282227 0.456055 0.289062 0.453125 0.292969 0.447266 0.291016 0.445312 0.293945 0.439453 0.291992 0.43457 0.294922 0.43457 0.289062 0.4375 0.287109
0 0.428711 0.289062 0.431641 0.293945 0.431641 0.293945 0.426758 0.297852 0.422852 0.291992
0 0.418945 0.24707 0.424805 0.250977 0.423828 0.255859 0.418945 0.259766 0.413086 0.255859 0.413086 0.25
0 0.397461 0.253906 0.40332 0.255859 0.404297 0.261719 0.397461 0.262695 0.392578 0.257812
0 0.353516 0.297852 0.353516 0.301758 0.350586 0.302734 0.347656 0.299805 0.347656 0.296875
0 0.324219 0.267578 0.323242 0.275391 0.318359 0.277344 0.311523 0.276367 0.310547 0.268555 0.31543 0.263672
0 0.319336 0.279297 0.321289 0.28418 0.318359 0.287109 0.3125 0.28418 0.313477 0.27832
0 0.306641 0.261719 0.3125 0.265625 0.3125 0.273438 0.307617 0.275391 0.299805 0.272461 0.299805 0.265625
0 0.290039 0.257812 0.298828 0.260742 0.298828 0.266602 0.292969 0.268555 0.286133 0.264648 0.287109 0.261719
0 0.275391 0.258789 0.283203 0.260742 0.285156 0.264648 0.280273 0.268555 0.270508 0.266602 0.270508 0.260742
0 0.294922 0.287109 0.297852 0.290039 0.296875 0.295898 0.292969 0.294922 0.291016 0.291016
0 0.291016 0.293945 0.294922 0.297852 0.294922 0.299805 0.286133 0.298828 0.286133 0.293945
0 0.255859 0.263672 0.254883 0.266602 0.248047 0.266602 0.248047 0.261719
0 0.240234 0.295898 0.243164 0.299805 0.242188 0.305664 0.236328 0.305664 0.227539 0.304688 0.225586 0.298828 0.232422 0.295898 0.233398 0.293945
0 0.217773 0.283203 0.224609 0.287109 0.227539 0.294922 0.223633 0.300781 0.214844 0.301758 0.206055 0.299805 0.206055 0.299805 0.204102 0.291016 0.209961 0.28418
0 0.197266 0.283203 0.200195 0.286133 0.200195 0.291992 0.195312 0.295898 0.192383 0.291992 0.192383 0.283203
1 0.191406 0.285156 0.193359 0.293945 0.189453 0.302734 0.174805 0.305664 0.166016 0.306641 0.160156 0.303711 0.15332 0.301758 0.151367 0.292969 0.155273 0.288086 0.162109 0.28418 0.166992 0.286133 0.169922 0.291016 0.174805 0.293945 0.180664 0.295898 0.185547 0.291016 0.181641 0.288086 0.180664 0.283203 0.180664 0.283203 0.183594 0.280273 0.1875 0.283203
0 0.151367 0.333984 0.155273 0.334961 0.155273 0.338867 0.149414 0.338867
0 0.12207 0.333984 0.125977 0.333984 0.125977 0.339844 0.119141 0.338867
0 0.109375 0.333984 0.112305 0.334961 0.113281 0.338867 0.107422 0.338867
0 0.0830078 0.335938 0.0878906 0.335938 0.0888672 0.337891 0.0830078 0.339844
1 0.121094 0.274414 0.126953 0.276367 0.133789 0.277344 0.138672 0.282227 0.138672 0.288086 0.132812 0.291992 0.139648 0.293945 0.145508 0.298828 0.143555 0.305664 0.139648 0.308594 0.133789 0.310547 0.123047 0.310547 0.115234 0.308594 0.109375 0.300781 0.114258 0.290039 0.116211 0.280273
0 0.0859375 0.260742 0.0947266 0.262695 0.0966797 0.266602 0.0898438 0.270508 0.0869141 0.272461 0.0820312 0.269531 0.0800781 0.265625
0 0.0869141 0.286133 0.0966797 0.289062 0.0976562 0.301758 0.09375 0.30957 0.0888672 0.314453 0.0849609 0.313477 0.0859375 0.308594 0.0820312 0.302734 0.0820312 0.302734 0.0810547 0.291016
0 0.0751953 0.290039 0.0771484 0.293945 0.0751953 0.300781 0.0703125 0.299805 0.0693359 0.291992
0 0.0585938 0.261719 0.0634766 0.264648 0.0625 0.267578 0.0556641 0.269531 0.0517578 0.265625
1 0.0126953 0.279297 0.0195312 0.283203 0.0224609 0.288086 0.0195312 0.293945 0.0244141 0.293945 0.0322266 0.293945 0.0283203 0.289062 0.0283203 0.283203 0.0351562 0.283203 0.0400391 0.286133 0.0380859 0.291992 0.0429688 0.295898 0.0478516 0.302734 0.0478516 0.302734 0.0458984 0.310547 0.0458984 0.310547 0.0410156 0.313477 0.0292969 0.318359 0.0185547 0.319336 0.00878906 0.316406 0.00878906 0.308594 0.00878906 0.299805 0.00683594 0.291992 0.00878906 0.287109 0.0117188 0.28125
0 0 0.295898 0.00683594 0.297852 0.0078125 0.304688 0.00292969 0.308594 0 0.308594
0 0.015625 0.334961 0.0185547 0.336914 0.0185547 0.34082 0.0146484 0.34082 0.0117188 0.337891
0 0.0322266 0.383789 0.0292969 0.390625 0.0234375 0.391602 0.0234375 0.395508 0.0195312 0.393555 0.0205078 0.387695 0.0253906 0.380859
0 0.0722656 0.40625 0.0820312 0.411133 0.0898438 0.411133 0.0888672 0.420898 0.0771484 0.421875 0.0693359 0.420898 0.0693359 0.411133
0 0.0664062 0.418945 0.0654297 0.423828 0.0615234 0.422852 0.0615234 0.417969
0 0.137695 0.342773 0.143555 0.344727 0.143555 0.350586 0.136719 0.349609
0 0.151367 0.344727 0.160156 0.344727 0.15918 0.350586 0.148438 0.350586 0.148438 0.345703
0 0.166016 0.34375 0.172852 0.342773 0.172852 0.347656 0.166016 0.351562
0 0.175781 0.34375 0.180664 0.34375 0.180664 0.348633 0.173828 0.349609
0 0.137695 0.388672 0.148438 0.386719 0.149414 0.393555 0.146484 0.398438 0.144531 0.402344 0.135742 0.401367 0.130859 0.394531
0 0.192383 0.383789 0.188477 0.391602 0.180664 0.389648 0.180664 0.383789 0.185547 0.380859
1 0.199219 0.383789 0.206055 0.385742 0.212891 0.381836 0.222656 0.382812 0.227539 0.384766 0.227539 0.390625 0.224609 0.391602 0.222656 0.397461 0.216797 0.398438 0.209961 0.40332 0.209961 0.40332 0.203125 0.398438 0.195312 0.399414 0.189453 0.393555 0.189453 0.387695 0.192383 0.383789
0 0.189453 0.416016 0.19043 0.419922 0.188477 0.421875 0.183594 0.418945
0 0.192383 0.407227 0.200195 0.407227 0.203125 0.410156 0.202148 0.417969 0.197266 0.420898 0.19043 0.416016
0 0.25293 0.344727 0.251953 0.349609 0.246094 0.349609 0.24707 0.34375
0 0.259766 0.342773 0.264648 0.344727 0.264648 0.350586 0.256836 0.349609
0 0.270508 0.34375 0.27832 0.345703 0.277344 0.348633 0.271484 0.348633
0 0.257812 0.382812 0.256836 0.388672 0.250977 0.386719 0.250977 0.381836
0 0.265625 0.388672 0.274414 0.380859 0.275391 0.383789 0.273438 0.389648 0.270508 0.394531 0.270508 0.394531 0.266602 0.393555
0 0.235352 0.413086 0.239258 0.416016 0.239258 0.423828 0.232422 0.421875 0.232422 0.416016
1 0.243164 0.414062 0.256836 0.407227 0.264648 0.407227 0.276367 0.411133 0.274414 0.425781 0.270508 0.428711 0.261719 0.431641 0.254883 0.433594 0.25293 0.4375 0.249023 0.43457 0.242188 0.429688 0.242188 0.423828
0 0.28418 0.414062 0.290039 0.416992 0.289062 0.421875 0.28418 0.419922
0 0.290039 0.366211 0.295898 0.366211 0.296875 0.37207 0.291016 0.374023 0.288086 0.369141
1 0.307617 0.382812 0.317383 0.383789 0.322266 0.380859 0.322266 0.380859 0.329102 0.37793 0.329102 0.382812 0.333008 0.387695 0.333008 0.397461 0.326172 0.400391 0.319336 0.398438 0.311523 0.399414 0.304688 0.392578
0 0.316406 0.414062 0.31543 0.420898 0.306641 0.420898 0.307617 0.414062
0 0.331055 0.349609 0.331055 0.355469 0.324219 0.355469 0.322266 0.349609 0.328125 0.345703
0 0.37207 0.344727 0.37207 0.349609 0.366211 0.350586 0.361328 0.34668 0.366211 0.339844
0 0.361328 0.375977 0.362305 0.381836 0.362305 0.381836 0.358398 0.381836 0.354492 0.378906 0.357422 0.375
0 0.370117 0.376953 0.373047 0.379883 0.373047 0.384766 0.367188 0.384766 0.365234 0.380859
0 0.371094 0.387695 0.378906 0.386719 0.383789 0.392578 0.380859 0.399414 0.374023 0.401367 0.368164 0.394531 0.368164 0.389648
0 0.370117 0.410156 0.37207 0.416992 0.367188 0.420898 0.360352 0.416992 0.360352 0.411133
0 0.400391 0.336914 0.399414 0.34082 0.393555 0.339844 0.391602 0.335938 0.396484 0.332031
0 0.418945 0.331055 0.421875 0.336914 0.416992 0.338867 0.410156 0.335938
0 0.453125 0.330078 0.456055 0.334961 0.455078 0.34082 0.447266 0.339844 0.445312 0.334961
0 0.482422 0.333008 0.482422 0.338867 0.477539 0.338867 0.475586 0.333984 0.479492 0.331055
0 0.486328 0.333008 0.492188 0.332031 0.496094 0.334961 0.493164 0.339844 0.484375 0.339844
0 0.40332 0.363281 0.415039 0.361328 0.423828 0.361328 0.427734 0.370117 0.422852 0.374023 0.416016 0.375 0.413086 0.37793 0.40918 0.375 0.401367 0.37207 0.402344 0.363281
0 0.439453 0.360352 0.448242 0.359375 0.454102 0.355469 0.462891 0.357422 0.467773 0.361328 0.472656 0.366211 0.469727 0.374023 0.457031 0.373047 0.453125 0.37793 0.444336 0.376953 0.438477 0.370117
0 0.427734 0.378906 0.435547 0.379883 0.441406 0.375977 0.443359 0.383789 0.444336 0.390625 0.435547 0.390625 0.430664 0.392578 0.422852 0.388672
0 0.470703 0.405273 0.472656 0.411133 0.467773 0.413086 0.463867 0.408203
0 0.478516 0.40332 0.484375 0.40918 0.482422 0.412109 0.474609 0.411133 0.473633 0.40625
0 0.50293 0.405273 0.504883 0.408203 0.503906 0.411133 0.49707 0.410156 0.498047 0.405273
1 0.505859 0.370117 0.511719 0.369141 0.516602 0.373047 0.524414 0.371094 0.530273 0.374023 0.53125 0.368164 0.536133 0.364258 0.540039 0.358398 0.546875 0.360352 0.548828 0.368164 0.548828 0.374023 0.540039 0.376953 0.536133 0.375977 0.536133 0.379883 0.532227 0.384766 0.532227 0.384766 0.524414 0.385742 0.520508 0.385742 0.515625 0.390625 0.515625 0.390625 0.506836 0.392578 0.501953 0.384766 0.50293 0.37793
0 0.535156 0.40332 0.540039 0.404297 0.540039 0.412109 0.53418 0.413086 0.53125 0.408203
0 0.577148 0.404297 0.581055 0.407227 0.581055 0.411133 0.576172 0.414062 0.571289 0.40918
0 0.522461 0.333984 0.529297 0.333984 0.53125 0.337891 0.525391 0.34082 0.520508 0.337891
0 0.564453 0.362305 0.570312 0.363281 0.577148 0.367188 0.577148 0.375 0.570312 0.374023 0.564453 0.378906 0.558594 0.371094
0 0.583984 0.363281 0.589844 0.366211 0.592773 0.371094 0.601562 0.37207 0.602539 0.378906 0.598633 0.382812 0.592773 0.387695 0.584961 0.390625 0.580078 0.389648 0.573242 0.384766 0.571289 0.37793 0.578125 0.375 0.576172 0.367188
0 0.583008 0.331055 0.587891 0.332031 0.588867 0.336914 0.583984 0.338867 0.579102 0.334961
0 0.624023 0.368164 0.624023 0.374023 0.618164 0.374023 0.615234 0.369141 0.618164 0.366211
0 0.630859 0.366211 0.635742 0.369141 0.635742 0.37793 0.638672 0.383789 0.632812 0.386719 0.625977 0.382812 0.625977 0.374023
0 0.644531 0.374023 0.643555 0.37793 0.638672 0.379883 0.634766 0.37793 0.635742 0.37207 0.640625 0.371094
0 0.636719 0.349609 0.639648 0.353516 0.639648 0.358398 0.632812 0.360352 0.625977 0.356445 0.629883 0.351562
0 0.666992 0.350586 0.672852 0.353516 0.674805 0.358398 0.669922 0.360352 0.669922 0.360352 0.664062 0.359375 0.661133 0.353516
0 0.795898 0.360352 0.798828 0.367188 0.797852 0.373047 0.785156 0.37207 0.785156 0.362305
0 0.84082 0.349609 0.847656 0.356445 0.847656 0.361328 0.838867 0.361328 0.835938 0.355469
0 0.641602 0.458008 0.645508 0.464844 0.643555 0.470703 0.635742 0.470703 0.631836 0.467773 0.631836 0.459961
0 0.612305 0.415039 0.615234 0.417969 0.615234 0.421875 0.609375 0.423828 0.605469 0.418945 0.607422 0.416016
0 0.600586 0.415039 0.602539 0.416992 0.602539 0.420898 0.597656 0.421875 0.594727 0.417969 0.597656 0.414062
0 0.595703 0.449219 0.598633 0.454102 0.59668 0.457031 0.592773 0.457031 0.59082 0.450195
0 0.584961 0.453125 0.587891 0.457031 0.587891 0.461914 0.583008 0.463867 0.580078 0.459961 0.581055 0.454102
0 0.571289 0.459961 0.575195 0.46582 0.574219 0.473633 0.564453 0.474609 0.564453 0.474609 0.556641 0.469727 0.557617 0.462891 0.564453 0.461914
0 0.556641 0.416992 0.555664 0.421875 0.549805 0.423828 0.547852 0.418945 0.549805 0.414062 0.554688 0.415039
0 0.557617 0.444336 0.5625 0.447266 0.56543 0.456055 0.564453 0.460938 0.556641 0.460938 0.553711 0.453125 0.556641 0.449219
0 0.546875 0.439453 0.550781 0.442383 0.550781 0.448242 0.550781 0.448242 0.544922 0.447266 0.543945 0.443359
0 0.550781 0.455078 0.552734 0.462891 0.548828 0.463867 0.545898 0.458984
0 0.535156 0.441406 0.541016 0.445312 0.541016 0.453125 0.535156 0.457031 0.527344 0.451172 0.52832 0.443359
0 0.537109 0.417969 0.53418 0.424805 0.529297 0.425781 0.526367 0.419922 0.529297 0.414062
0 0.510742 0.416992 0.513672 0.419922 0.510742 0.423828 0.505859 0.422852 0.504883 0.418945
0 0.492188 0.416992 0.496094 0.420898 0.496094 0.425781 0.491211 0.427734 0.488281 0.419922
0 0.509766 0.442383 0.509766 0.448242 0.515625 0.446289 0.520508 0.452148 0.516602 0.456055 0.513672 0.461914 0.504883 0.462891 0.49707 0.460938 0.498047 0.453125 0.501953 0.444336
0 0.538086 0.458984 0.541016 0.463867 0.540039 0.46582 0.541992 0.473633 0.541016 0.478516 0.535156 0.477539 0.535156 0.46582
0 0.483398 0.450195 0.490234 0.451172 0.492188 0.455078 0.488281 0.458008 0.482422 0.458008
0 0.451172 0.417969 0.450195 0.423828 0.450195 0.423828 0.443359 0.423828 0.443359 0.423828 0.439453 0.417969 0.446289 0.416016
0 0.472656 0.442383 0.476562 0.450195 0.475586 0.458008 0.470703 0.460938 0.46582 0.456055 0.466797 0.445312
0 0.467773 0.458008 0.467773 0.464844 0.470703 0.469727 0.467773 0.474609 0.459961 0.474609 0.459961 0.474609 0.459961 0.46875 0.461914 0.46582 0.462891 0.458984
0 0.456055 0.454102 0.460938 0.458984 0.460938 0.466797 0.458008 0.470703 0.450195 0.472656 0.446289 0.464844 0.449219 0.459961 0.450195 0.456055
0 0.445312 0.451172 0.449219 0.457031 0.449219 0.457031 0.446289 0.463867 0.44043 0.46582 0.435547 0.458984 0.438477 0.451172
0 0.444336 0.46875 0.451172 0.478516 0.450195 0.491211 0.445312 0.499023 0.432617 0.496094 0.426758 0.486328 0.431641 0.479492 0.433594 0.470703
0 0.453125 0.442383 0.451172 0.446289 0.447266 0.444336 0.448242 0.44043
0 0.432617 0.414062 0.4375 0.417969 0.4375 0.422852 0.430664 0.422852 0.428711 0.417969
0 0.420898 0.412109 0.425781 0.417969 0.425781 0.422852 0.419922 0.425781 0.415039 0.422852 0.415039 0.416992 0.415039 0.416992
0 0.408203 0.412109 0.414062 0.413086 0.415039 0.416992 0.415039 0.421875 0.40918 0.422852 0.405273 0.417969
0 0.405273 0.439453 0.40918 0.439453 0.418945 0.446289 0.418945 0.453125 0.416016 0.458984 0.412109 0.461914 0.404297 0.463867 0.401367 0.456055 0.397461 0.452148 0.398438 0.439453
0 0.37207 0.470703 0.375977 0.475586 0.373047 0.480469 0.368164 0.477539 0.367188 0.47168
0 0.357422 0.425781 0.356445 0.430664 0.352539 0.431641 0.349609 0.426758 0.352539 0.424805
1 0.313477 0.450195 0.318359 0.446289 0.322266 0.442383 0.325195 0.447266 0.325195 0.447266 0.330078 0.450195 0.332031 0.458008 0.337891 0.458984 0.341797 0.455078 0.345703 0.458008 0.350586 0.459961 0.351562 0.455078 0.351562 0.451172 0.357422 0.448242 0.357422 0.448242 0.362305 0.448242 0.367188 0.448242 0.369141 0.455078 0.369141 0.458984 0.363281 0.462891 0.363281 0.46582 0.359375 0.46875 0.351562 0.46582 0.345703 0.46582 0.344727 0.470703 0.34082 0.470703 0.338867 0.473633 0.336914 0.47168 0.335938 0.467773 0.332031 0.467773 0.329102 0.464844 0.321289 0.459961 0.319336 0.464844 0.314453 0.464844 0.31543 0.454102
0 0.286133 0.422852 0.292969 0.423828 0.293945 0.428711 0.288086 0.430664
0 0.276367 0.424805 0.280273 0.425781 0.28125 0.430664 0.276367 0.431641 0.272461 0.428711
0 0.291992 0.457031 0.296875 0.458008 0.305664 0.457031 0.305664 0.457031 0.30957 0.461914 0.306641 0.464844 0.298828 0.464844 0.297852 0.46875 0.290039 0.467773 0.289062 0.459961
0 0.273438 0.450195 0.28125 0.450195 0.282227 0.457031 0.271484 0.457031
0 0.277344 0.462891 0.28418 0.462891 0.286133 0.470703 0.286133 0.470703 0.287109 0.474609 0.289062 0.482422 0.282227 0.487305 0.273438 0.484375 0.274414 0.476562 0.275391 0.469727
0 0.272461 0.491211 0.277344 0.498047 0.280273 0.504883 0.274414 0.505859 0.269531 0.50293 0.269531 0.495117
0 0.260742 0.496094 0.262695 0.503906 0.259766 0.506836 0.255859 0.500977
0 0.253906 0.455078 0.260742 0.458984 0.259766 0.464844 0.255859 0.467773 0.248047 0.463867 0.249023 0.457031
0 0.236328 0.49707 0.241211 0.5 0.241211 0.507812 0.237305 0.509766 0.231445 0.505859 0.231445 0.505859 0.232422 0.5 0.232422 0.5
0 0.222656 0.464844 0.227539 0.46582 0.227539 0.473633 0.223633 0.477539 0.217773 0.476562 0.21582 0.46875
0 0.21582 0.500977 0.216797 0.504883 0.210938 0.505859 0.208984 0.500977 0.212891 0.498047
0 0.202148 0.500977 0.201172 0.506836 0.194336 0.507812 0.193359 0.500977 0.198242 0.498047
1 0.202148 0.458008 0.208008 0.458984 0.208008 0.466797 0.201172 0.46875 0.198242 0.47168 0.198242 0.476562 0.201172 0.480469 0.195312 0.483398 0.18457 0.482422 0.182617 0.477539 0.182617 0.472656 0.173828 0.477539 0.170898 0.47168 0.166016 0.472656 0.163086 0.478516 0.161133 0.486328 0.160156 0.492188 0.15625 0.49707 0.147461 0.500977 0.142578 0.494141 0.140625 0.481445 0.143555 0.474609 0.143555 0.474609 0.147461 0.469727 0.146484 0.464844 0.146484 0.464844 0.151367 0.463867 0.15625 0.458984 0.160156 0.458984 0.166016 0.456055 0.169922 0.450195 0.176758 0.450195 0.182617 0.458008 0.185547 0.463867 0.188477 0.459961 0.195312 0.458984 0.200195 0.460938
0 0.135742 0.431641 0.140625 0.43457 0.140625 0.439453 0.136719 0.443359 0.128906 0.442383 0.128906 0.442383 0.12793 0.43457
0 0.194336 0.433594 0.195312 0.4375 0.192383 0.439453 0.188477 0.436523 0.188477 0.436523 0.191406 0.432617
0 0.21582 0.43457 0.220703 0.435547 0.219727 0.438477 0.212891 0.439453
0 0.109375 0.427734 0.114258 0.429688 0.112305 0.432617 0.107422 0.432617
0 0.09375 0.425781 0.100586 0.426758 0.100586 0.432617 0.09375 0.430664
0 0.0527344 0.425781 0.0566406 0.426758 0.0595703 0.431641 0.0527344 0.433594 0.0478516 0.428711
0 0.100586 0.452148 0.109375 0.448242 0.117188 0.449219 0.12207 0.456055 0.119141 0.461914 0.113281 0.466797 0.109375 0.472656 0.101562 0.474609 0.0986328 0.46875 0.103516 0.459961 0.0966797 0.457031
0 0.0917969 0.455078 0.0976562 0.458984 0.0976562 0.466797 0.0908203 0.46875 0.0869141 0.463867
0 0.078125 0.461914 0.0820312 0.464844 0.0869141 0.46582 0.0859375 0.472656 0.0791016 0.476562 0.0751953 0.479492 0.0703125 0.475586 0.0703125 0.475586 0.0732422 0.46582
0 0.100586 0.499023 0.109375 0.501953 0.108398 0.510742 0.103516 0.513672 0.0966797 0.510742 0.0957031 0.503906
0 0.0273438 0.475586 0.0361328 0.478516 0.0361328 0.485352 0.0302734 0.486328 0.0224609 0.484375 0.0224609 0.478516
0 0.0439453 0.458008 0.0478516 0.459961 0.0478516 0.464844 0.0429688 0.46582 0.0400391 0.461914
0 0 0.447266 0.00585938 0.446289 0.0136719 0.449219 0.0195312 0.450195 0.0205078 0.460938 0.0166016 0.464844 0.0078125 0.46582 0.00390625 0.462891 0 0.461914
0 0 0.462891 0.00585938 0.469727 0.00488281 0.477539 0 0.482422 0 0.480469
0 0.0253906 0.49707 0.0283203 0.5 0.0283203 0.505859 0.0244141 0.505859 0.0205078 0.501953
0 0.0361328 0.498047 0.0419922 0.500977 0.0400391 0.507812 0.0332031 0.506836 0.0322266 0.500977
0 0.0175781 0.582031 0.0234375 0.583008 0.0244141 0.587891 0.0205078 0.589844 0.0166016 0.585938
0 0.0332031 0.582031 0.0410156 0.582031 0.0419922 0.588867 0.0371094 0.589844 0.0302734 0.588867
0 0.046875 0.583008 0.0537109 0.583008 0.0576172 0.586914 0.0546875 0.59082 0.046875 0.588867 0.046875 0.588867
0 0.0800781 0.581055 0.0869141 0.582031 0.0859375 0.588867 0.0771484 0.588867 0.0771484 0.582031
0 0.0966797 0.551758 0.101562 0.558594 0.101562 0.566406 0.0947266 0.56543 0.0878906 0.563477 0.0898438 0.554688
0 0.112305 0.582031 0.118164 0.584961 0.116211 0.589844 0.111328 0.586914
0 0.183594 0.558594 0.191406 0.5625 0.191406 0.570312 0.1875 0.573242 0.178711 0.569336 0.179688 0.5625
0 0.189453 0.578125 0.191406 0.582031 0.191406 0.585938 0.18457 0.585938 0.181641 0.580078
0 0.204102 0.549805 0.206055 0.554688 0.200195 0.558594 0.193359 0.553711 0.196289 0.548828
0 0.251953 0.541992 0.253906 0.542969 0.25293 0.548828 0.25 0.553711 0.24707 0.556641 0.244141 0.551758 0.25 0.543945
0 0.274414 0.53418 0.280273 0.538086 0.280273 0.543945 0.276367 0.545898 0.274414 0.548828 0.268555 0.546875 0.270508 0.539062
0 0.301758 0.508789 0.307617 0.511719 0.307617 0.516602 0.300781 0.515625 0.297852 0.511719
1 0.299805 0.523438 0.299805 0.533203 0.303711 0.533203 0.308594 0.530273 0.3125 0.53418 0.314453 0.539062 0.320312 0.540039 0.323242 0.537109 0.329102 0.539062 0.329102 0.539062 0.333984 0.538086 0.338867 0.538086 0.341797 0.541992 0.344727 0.542969 0.349609 0.541016 0.351562 0.546875 0.350586 0.552734 0.34668 0.560547 0.341797 0.561523 0.338867 0.567383 0.330078 0.566406 0.324219 0.567383 0.321289 0.5625 0.316406 0.560547 0.316406 0.560547 0.30957 0.564453 0.307617 0.555664 0.301758 0.553711 0.308594 0.549805 0.30957 0.543945 0.299805 0.543945 0.299805 0.550781 0.300781 0.556641 0.300781 0.560547 0.292969 0.561523 0.283203 0.557617 0.283203 0.557617 0.280273 0.551758 0.286133 0.550781 0.292969 0.550781 0.294922 0.542969 0.292969 0.533203 0.293945 0.524414
0 0.300781 0.581055 0.302734 0.585938 0.299805 0.587891 0.295898 0.583984
0 0.332031 0.583008 0.332031 0.586914 0.326172 0.586914 0.321289 0.582031 0.326172 0.582031
0 0.375977 0.515625 0.375977 0.524414 0.371094 0.525391 0.366211 0.519531 0.369141 0.514648
0 0.371094 0.532227 0.378906 0.535156 0.380859 0.543945 0.375977 0.546875 0.375977 0.546875 0.366211 0.547852 0.366211 0.547852 0.361328 0.543945 0.361328 0.535156 0.361328 0.535156
0 0.378906 0.561523 0.376953 0.566406 0.371094 0.564453 0.370117 0.558594
0 0.416016 0.584961 0.415039 0.59082 0.40918 0.59082 0.408203 0.585938
0 0.432617 0.59082 0.438477 0.592773 0.4375 0.59668 0.430664 0.59668
0 0.412109 0.551758 0.412109 0.555664 0.40332 0.555664 0.40332 0.549805
0 0.40625 0.561523 0.405273 0.567383 0.399414 0.56543 0.400391 0.560547
0 0.422852 0.541016 0.426758 0.546875 0.421875 0.550781 0.416992 0.545898
0 0.442383 0.542969 0.444336 0.547852 0.44043 0.553711 0.43457 0.554688 0.430664 0.546875 0.430664 0.546875 0.436523 0.542969
0 0.469727 0.579102 0.474609 0.585938 0.469727 0.59082 0.464844 0.59082 0.462891 0.582031
0 0.472656 0.532227 0.476562 0.535156 0.476562 0.538086 0.47168 0.538086 0.470703 0.53418
0 0.490234 0.52832 0.491211 0.538086 0.486328 0.540039 0.483398 0.535156 0.483398 0.529297 0.485352 0.529297
1 0.500977 0.542969 0.507812 0.543945 0.511719 0.546875 0.517578 0.547852 0.522461 0.554688 0.516602 0.55957 0.516602 0.566406 0.517578 0.574219 0.511719 0.576172 0.509766 0.555664 0.500977 0.555664 0.493164 0.554688 0.495117 0.564453 0.491211 0.572266 0.486328 0.566406 0.487305 0.552734 0.486328 0.547852 0.492188 0.543945
0 0.495117 0.52832 0.507812 0.52832 0.507812 0.53418 0.5 0.53418 0.499023 0.538086 0.494141 0.533203
0 0.52832 0.583008 0.533203 0.586914 0.53125 0.594727 0.525391 0.59668 0.521484 0.591797 0.522461 0.585938
0 0.538086 0.541016 0.546875 0.542969 0.548828 0.553711 0.545898 0.560547 0.541992 0.5625 0.540039 0.567383 0.535156 0.566406 0.536133 0.556641 0.532227 0.547852
0 0.581055 0.587891 0.583984 0.591797 0.583984 0.59668 0.578125 0.597656 0.575195 0.591797
0 0.573242 0.508789 0.583984 0.508789 0.585938 0.512695 0.583008 0.515625 0.578125 0.516602 0.571289 0.515625 0.570312 0.510742
0 0.620117 0.532227 0.625 0.535156 0.625 0.541992 0.621094 0.546875 0.621094 0.546875 0.616211 0.545898 0.615234 0.538086
0 0.616211 0.548828 0.616211 0.553711 0.612305 0.555664 0.609375 0.550781 0.613281 0.547852
0 0.648438 0.544922 0.652344 0.547852 0.650391 0.55957 0.640625 0.563477 0.632812 0.553711 0.637695 0.544922
0 0.623047 0.589844 0.629883 0.592773 0.635742 0.591797 0.637695 0.597656 0.633789 0.602539 0.625977 0.606445 0.620117 0.602539 0.623047 0.59375
0 0.674805 0.542969 0.669922 0.547852 0.664062 0.546875 0.664062 0.541992 0.671875 0.540039
0 0.669922 0.549805 0.677734 0.552734 0.674805 0.554688 0.667969 0.552734
0 0.667969 0.557617 0.676758 0.558594 0.676758 0.564453 0.667969 0.56543
0 0.709961 0.517578 0.71582 0.518555 0.71582 0.524414 0.711914 0.527344 0.707031 0.526367
0 0.701172 0.588867 0.701172 0.595703 0.697266 0.597656 0.694336 0.59082
0 0.703125 0.589844 0.708008 0.587891 0.710938 0.59082 0.710938 0.59668 0.705078 0.59668 0.701172 0.592773
0 0.716797 0.588867 0.720703 0.59082 0.720703 0.594727 0.714844 0.595703 0.710938 0.591797 0.710938 0.591797
0 0.729492 0.589844 0.729492 0.594727 0.724609 0.595703 0.72168 0.591797 0.723633 0.589844
0 0.710938 0.578125 0.709961 0.581055 0.705078 0.581055 0.702148 0.577148 0.706055 0.572266
0 0.717773 0.575195 0.722656 0.577148 0.72168 0.580078 0.71582 0.583008 0.711914 0.579102 0.712891 0.576172 0.714844 0.576172
0 0.740234 0.52832 0.739258 0.533203 0.736328 0.53418 0.733398 0.53125 0.734375 0.526367
0 0.745117 0.508789 0.75293 0.508789 0.755859 0.513672 0.753906 0.518555 0.74707 0.519531 0.742188 0.521484 0.736328 0.516602 0.740234 0.510742
1 0.739258 0.538086 0.749023 0.538086 0.754883 0.541992 0.758789 0.543945 0.764648 0.546875 0.765625 0.557617 0.765625 0.56543 0.763672 0.570312 0.758789 0.571289 0.75293 0.567383 0.744141 0.569336 0.737305 0.5625 0.740234 0.555664 0.740234 0.549805 0.731445 0.550781 0.727539 0.543945 0.727539 0.543945 0.729492 0.540039
0 0.754883 0.588867 0.755859 0.59375 0.750977 0.59375 0.74707 0.592773 0.746094 0.588867
0 0.78125 0.584961 0.782227 0.59082 0.782227 0.59082 0.777344 0.59375 0.772461 0.589844
0 0.775391 0.511719 0.774414 0.516602 0.768555 0.517578 0.768555 0.511719
1 0.777344 0.530273 0.788086 0.53125 0.797852 0.530273 0.804688 0.533203 0.813477 0.532227 0.822266 0.537109 0.831055 0.538086 0.836914 0.539062 0.84375 0.537109 0.853516 0.538086 0.856445 0.545898 0.854492 0.558594 0.845703 0.567383 0.836914 0.567383 0.836914 0.567383 0.828125 0.564453 0.820312 0.571289 0.808594 0.572266 0.799805 0.570312 0.792969 0.568359 0.788086 0.568359 0.788086 0.557617 0.777344 0.557617 0.768555 0.552734 0.769531 0.541016
0 0.826172 0.509766 0.833984 0.510742 0.833984 0.510742 0.833008 0.514648 0.827148 0.515625
0 0.806641 0.587891 0.80957 0.589844 0.80957 0.594727 0.802734 0.59082
0 0.825195 0.583008 0.838867 0.582031 0.845703 0.587891 0.841797 0.59375 0.834961 0.59668 0.824219 0.592773
0 0.864258 0.515625 0.870117 0.516602 0.875 0.521484 0.87207 0.527344 0.866211 0.529297 0.858398 0.524414 0.858398 0.518555
0 0.870117 0.550781 0.869141 0.55957 0.861328 0.5625 0.858398 0.561523 0.855469 0.554688 0.859375 0.549805
0 0.871094 0.564453 0.875977 0.570312 0.873047 0.576172 0.865234 0.576172 0.860352 0.569336 0.863281 0.563477
0 0.890625 0.564453 0.895508 0.571289 0.892578 0.578125 0.884766 0.579102 0.87793 0.575195 0.879883 0.56543
0 0.894531 0.542969 0.893555 0.550781 0.885742 0.550781 0.886719 0.543945 0.886719 0.543945 0.888672 0.543945
0 0.921875 0.561523 0.916992 0.569336 0.905273 0.566406 0.90332 0.556641 0.905273 0.551758 0.915039 0.546875
0 0.913086 0.577148 0.917969 0.583984 0.915039 0.59082 0.904297 0.589844 0.901367 0.583008 0.905273 0.577148
0 0.941406 0.541992 0.941406 0.550781 0.9375 0.552734 0.932617 0.551758 0.932617 0.543945 0.936523 0.541016
0 0.980469 0.557617 0.984375 0.560547 0.983398 0.566406 0.977539 0.566406 0.975586 0.561523
0 0.981445 0.585938 0.985352 0.586914 0.985352 0.591797 0.980469 0.591797 0.977539 0.587891
0 0.990234 0.547852 0.998047 0.548828 0.998047 0.553711 0.988281 0.554688 0.985352 0.549805
0 0.979492 0.533203 0.983398 0.530273 0.987305 0.532227 0.987305 0.537109 0.979492 0.537109
0 0.966797 0.538086 0.970703 0.539062 0.974609 0.541992 0.973633 0.545898 0.969727 0.545898 0.96582 0.542969
0 0.976562 0.506836 0.979492 0.508789 0.979492 0.512695 0.975586 0.513672 0.972656 0.509766
0 0.984375 0.521484 0.985352 0.524414 0.981445 0.525391 0.979492 0.520508
0 0.960938 0.585938 0.962891 0.589844 0.961914 0.591797 0.958984 0.591797 0.957031 0.587891
0 0.986328 0.59668 0.983398 0.603516 0.978516 0.603516 0.975586 0.600586 0.976562 0.59668 0.982422 0.59375
0 0.972656 0.59668 0.972656 0.602539 0.96875 0.604492 0.964844 0.603516 0.964844 0.599609 0.964844 0.594727
0 0.964844 0.597656 0.962891 0.603516 0.958984 0.603516 0.955078 0.600586 0.958008 0.595703
0 0.974609 0.620117 0.980469 0.623047 0.980469 0.630859 0.974609 0.636719 0.967773 0.632812 0.96875 0.625
0 0.984375 0.623047 0.988281 0.62793 0.988281 0.632812 0.981445 0.634766 0.981445 0.634766 0.979492 0.628906 0.981445 0.623047
1 0.955078 0.632812 0.956055 0.642578 0.961914 0.646484 0.960938 0.65332 0.957031 0.657227 0.952148 0.662109 0.947266 0.657227 0.947266 0.657227 0.939453 0.658203 0.933594 0.661133 0.929688 0.65625 0.924805 0.651367 0.917969 0.647461 0.912109 0.644531 0.914062 0.639648 0.914062 0.639648 0.921875 0.638672 0.929688 0.637695 0.933594 0.639648 0.936523 0.635742 0.943359 0.635742 0.945312 0.641602 0.949219 0.634766
0 0.957031 0.680664 0.960938 0.69043 0.955078 0.696289 0.945312 0.694336 0.942383 0.686523 0.947266 0.681641
0 0.917969 0.662109 0.920898 0.665039 0.925781 0.669922 0.923828 0.673828 0.916016 0.671875 0.913086 0.666992
0 0.90918 0.644531 0.916016 0.648438 0.917969 0.658203 0.917969 0.663086 0.908203 0.666016 0.899414 0.663086 0.893555 0.654297 0.897461 0.645508
0 0.893555 0.630859 0.901367 0.633789 0.90332 0.638672 0.90332 0.643555 0.895508 0.646484 0.890625 0.649414 0.883789 0.646484 0.881836 0.640625 0.885742 0.631836
0 0.899414 0.619141 0.90332 0.624023 0.900391 0.62793 0.896484 0.628906 0.894531 0.624023
0 0.886719 0.649414 0.893555 0.654297 0.892578 0.662109 0.882812 0.664062 0.882812 0.664062 0.875977 0.663086 0.87207 0.65625 0.875 0.650391
0 0.866211 0.685547 0.865234 0.692383 0.855469 0.69043 0.855469 0.682617 0.862305 0.677734 0.867188 0.679688
1 0.862305 0.623047 0.869141 0.625 0.871094 0.630859 0.867188 0.635742 0.873047 0.638672 0.87207 0.643555 0.865234 0.646484 0.868164 0.648438 0.871094 0.652344 0.869141 0.65625 0.869141 0.665039 0.863281 0.666992 0.859375 0.661133 0.860352 0.652344 0.860352 0.646484 0.861328 0.639648 0.856445 0.634766 0.857422 0.625
1 0.84082 0.621094 0.84668 0.62207 0.847656 0.624023 0.841797 0.628906 0.844727 0.632812 0.849609 0.633789 0.854492 0.639648 0.850586 0.647461 0.842773 0.645508 0.835938 0.647461 0.833008 0.648438 0.833984 0.661133 0.834961 0.666992 0.825195 0.668945 0.823242 0.672852 0.817383 0.673828 0.81543 0.677734 0.80957 0.675781 0.803711 0.667969 0.798828 0.665039 0.798828 0.665039 0.802734 0.65625 0.800781 0.646484 0.807617 0.642578 0.816406 0.642578 0.823242 0.638672 0.822266 0.631836 0.826172 0.62793 0.833008 0.62793 0.836914 0.624023
0 0.823242 0.59668 0.830078 0.598633 0.829102 0.603516 0.824219 0.604492 0.819336 0.601562
0 0.769531 0.602539 0.775391 0.606445 0.775391 0.610352 0.769531 0.612305 0.764648 0.606445
1 0.774414 0.62793 0.783203 0.629883 0.787109 0.634766 0.793945 0.638672 0.795898 0.645508 0.793945 0.652344 0.788086 0.652344 0.786133 0.666016 0.78418 0.669922 0.773438 0.669922 0.768555 0.674805 0.768555 0.674805 0.765625 0.668945 0.758789 0.661133 0.754883 0.662109 0.748047 0.666016 0.753906 0.669922 0.75293 0.675781 0.75 0.682617 0.743164 0.681641 0.741211 0.668945 0.743164 0.662109 0.740234 0.655273 0.746094 0.650391 0.743164 0.645508 0.75 0.641602 0.755859 0.640625 0.766602 0.638672 0.765625 0.632812 0.769531 0.62793
0 0.762695 0.68457 0.766602 0.689453 0.765625 0.692383 0.761719 0.693359 0.757812 0.688477
1 0.746094 0.625977 0.749023 0.630859 0.745117 0.634766 0.742188 0.635742 0.738281 0.637695 0.735352 0.634766 0.732422 0.635742 0.726562 0.633789 0.726562 0.62793 0.732422 0.629883 0.736328 0.625977 0.741211 0.625977 0.741211 0.618164 0.735352 0.613281 0.737305 0.606445 0.736328 0.601562 0.744141 0.599609 0.750977 0.601562 0.754883 0.604492 0.75293 0.609375 0.75 0.611328 0.749023 0.616211
0 0.730469 0.598633 0.735352 0.600586 0.735352 0.605469 0.730469 0.606445 0.725586 0.602539
0 0.701172 0.597656 0.707031 0.601562 0.708984 0.606445 0.703125 0.608398 0.699219 0.604492 0.693359 0.604492 0.689453 0.598633 0.689453 0.598633
0 0.670898 0.613281 0.670898 0.623047 0.666992 0.624023 0.665039 0.621094 0.666992 0.618164 0.663086 0.614258
0 0.631836 0.631836 0.640625 0.636719 0.638672 0.646484 0.628906 0.648438 0.623047 0.639648 0.623047 0.634766
0 0.644531 0.636719 0.650391 0.640625 0.649414 0.645508 0.644531 0.646484 0.636719 0.643555 0.637695 0.637695
0 0.636719 0.654297 0.643555 0.660156 0.643555 0.664062 0.636719 0.666992 0.62793 0.666016 0.625977 0.660156 0.630859 0.655273
0 0.644531 0.675781 0.651367 0.678711 0.651367 0.68457 0.643555 0.68457 0.635742 0.682617 0.635742 0.677734
0 0.630859 0.675781 0.628906 0.680664 0.628906 0.680664 0.62207 0.681641 0.62207 0.681641 0.618164 0.676758 0.623047 0.671875
0 0.591797 0.675781 0.595703 0.681641 0.59375 0.685547 0.585938 0.683594 0.584961 0.676758
0 0.581055 0.678711 0.584961 0.681641 0.583984 0.685547 0.579102 0.686523 0.576172 0.682617
0 0.585938 0.654297 0.587891 0.65918 0.584961 0.664062 0.578125 0.663086 0.578125 0.657227
0 0.570312 0.654297 0.577148 0.65918 0.575195 0.664062 0.569336 0.664062 0.564453 0.660156
0 0.587891 0.601562 0.586914 0.607422 0.580078 0.607422 0.577148 0.602539 0.582031 0.599609
0 0.574219 0.601562 0.575195 0.605469 0.570312 0.608398 0.56543 0.604492 0.570312 0.600586
0 0.546875 0.598633 0.551758 0.602539 0.551758 0.605469 0.547852 0.607422 0.542969 0.604492 0.542969 0.600586
1 0.538086 0.626953 0.543945 0.629883 0.552734 0.62793 0.552734 0.633789 0.556641 0.636719 0.557617 0.644531 0.555664 0.648438 0.552734 0.655273 0.552734 0.664062 0.547852 0.664062 0.548828 0.65332 0.546875 0.648438 0.541992 0.651367 0.543945 0.657227 0.542969 0.665039 0.537109 0.665039 0.536133 0.65625 0.536133 0.65625 0.536133 0.649414 0.530273 0.644531 0.530273 0.644531 0.525391 0.642578 0.520508 0.640625 0.518555 0.644531 0.518555 0.651367 0.516602 0.654297 0.519531 0.65918 0.513672 0.664062 0.506836 0.657227 0.50293 0.660156 0.498047 0.65918 0.492188 0.657227 0.487305 0.658203 0.486328 0.664062 0.476562 0.664062 0.472656 0.657227 0.479492 0.651367 0.483398 0.651367 0.484375 0.647461 0.493164 0.642578 0.5 0.642578 0.498047 0.635742 0.5 0.62793 0.505859 0.625977 0.511719 0.625977 0.518555 0.62793 0.524414 0.631836 0.529297 0.632812 0.532227 0.62793
0 0.546875 0.677734 0.553711 0.682617 0.551758 0.685547 0.545898 0.689453 0.539062 0.68457 0.540039 0.678711
0 0.511719 0.681641 0.511719 0.6875 0.506836 0.6875 0.501953 0.683594 0.505859 0.680664
0 0.508789 0.597656 0.516602 0.601562 0.518555 0.610352 0.510742 0.615234 0.50293 0.608398 0.50293 0.600586
0 0.5 0.600586 0.503906 0.604492 0.50293 0.607422 0.49707 0.607422 0.496094 0.603516
0 0.442383 0.602539 0.442383 0.608398 0.43457 0.608398 0.43457 0.601562
0 0.458008 0.625 0.459961 0.629883 0.456055 0.633789 0.450195 0.631836 0.449219 0.625977 0.455078 0.624023
0 0.461914 0.677734 0.460938 0.685547 0.453125 0.6875 0.449219 0.681641 0.453125 0.674805
0 0.448242 0.677734 0.452148 0.681641 0.451172 0.686523 0.446289 0.6875 0.442383 0.680664
0 0.4375 0.676758 0.443359 0.68457 0.44043 0.69043 0.433594 0.69043 0.429688 0.683594 0.432617 0.677734
0 0.439453 0.689453 0.441406 0.696289 0.44043 0.702148 0.43457 0.703125 0.43457 0.694336 0.43457 0.689453
0 0.430664 0.688477 0.432617 0.697266 0.424805 0.702148 0.414062 0.698242 0.419922 0.688477
0 0.514648 0.695312 0.517578 0.699219 0.514648 0.703125 0.509766 0.698242
0 0.40918 0.680664 0.413086 0.683594 0.412109 0.688477 0.40625 0.689453 0.404297 0.683594
0 0.391602 0.598633 0.395508 0.604492 0.401367 0.607422 0.399414 0.612305 0.393555 0.614258 0.386719 0.609375 0.386719 0.601562
1 0.421875 0.619141 0.426758 0.624023 0.432617 0.62207 0.438477 0.620117 0.445312 0.625 0.446289 0.630859 0.441406 0.633789 0.446289 0.636719 0.445312 0.642578 0.447266 0.647461 0.442383 0.649414 0.436523 0.649414 0.4375 0.654297 0.43457 0.657227 0.427734 0.657227 0.421875 0.651367 0.421875 0.651367 0.425781 0.647461 0.430664 0.642578 0.43457 0.640625 0.435547 0.631836 0.429688 0.633789 0.427734 0.641602 0.421875 0.646484 0.416992 0.647461 0.416992 0.651367 0.410156 0.651367 0.410156 0.651367 0.410156 0.65625 0.40918 0.661133 0.40332 0.661133 0.402344 0.655273 0.396484 0.654297 0.397461 0.649414 0.404297 0.647461 0.411133 0.641602 0.40625 0.637695 0.404297 0.631836 0.404297 0.625 0.412109 0.62207
0 0.34375 0.597656 0.344727 0.604492 0.338867 0.606445 0.334961 0.601562 0.335938 0.59668
0 0.339844 0.617188 0.345703 0.617188 0.34668 0.626953 0.34668 0.635742 0.341797 0.638672 0.335938 0.631836 0.335938 0.621094 0.335938 0.621094
0 0.322266 0.620117 0.323242 0.625977 0.318359 0.626953 0.314453 0.628906 0.30957 0.62793 0.310547 0.62207 0.316406 0.621094 0.320312 0.618164
0 0.30957 0.598633 0.3125 0.604492 0.308594 0.607422 0.302734 0.606445 0.302734 0.600586
0 0.291992 0.616211 0.298828 0.618164 0.297852 0.625977 0.291992 0.625 0.289062 0.631836 0.282227 0.629883 0.27832 0.629883 0.275391 0.632812 0.273438 0.628906 0.267578 0.628906 0.269531 0.624023 0.274414 0.62207 0.287109 0.621094 0.287109 0.616211
0 0.272461 0.599609 0.276367 0.603516 0.276367 0.607422 0.271484 0.608398 0.266602 0.605469 0.266602 0.605469 0.265625 0.599609
0 0.248047 0.626953 0.253906 0.628906 0.254883 0.633789 0.251953 0.635742 0.250977 0.640625 0.245117 0.638672 0.243164 0.633789 0.243164 0.62793
0 0.256836 0.648438 0.263672 0.652344 0.264648 0.65918 0.259766 0.662109 0.253906 0.65918 0.25293 0.65332
0 0.234375 0.613281 0.240234 0.617188 0.242188 0.62207 0.236328 0.62793 0.229492 0.623047 0.228516 0.617188
0 0.265625 0.589844 0.269531 0.592773 0.268555 0.59668 0.263672 0.598633 0.258789 0.594727
0 0.253906 0.59375 0.253906 0.597656 0.250977 0.598633 0.248047 0.594727 0.25 0.591797
0 0.203125 0.605469 0.204102 0.609375 0.201172 0.612305 0.195312 0.611328 0.194336 0.607422 0.197266 0.603516
0 0.212891 0.62207 0.214844 0.626953 0.211914 0.630859 0.207031 0.628906 0.202148 0.630859 0.199219 0.625977 0.201172 0.621094
0 0.203125 0.644531 0.205078 0.652344 0.208008 0.654297 0.207031 0.65918 0.203125 0.662109 0.194336 0.657227 0.195312 0.645508
0 0.1875 0.630859 0.192383 0.633789 0.189453 0.641602 0.181641 0.639648 0.180664 0.633789
0 0.178711 0.635742 0.181641 0.639648 0.186523 0.642578 0.186523 0.647461 0.181641 0.649414 0.179688 0.645508 0.173828 0.643555 0.172852 0.636719
0 0.15625 0.591797 0.15918 0.595703 0.157227 0.599609 0.15332 0.600586 0.151367 0.594727
0 0.144531 0.588867 0.148438 0.597656 0.144531 0.604492 0.137695 0.605469 0.131836 0.599609 0.131836 0.59082
0 0.111328 0.59375 0.111328 0.599609 0.106445 0.601562 0.103516 0.595703 0.107422 0.592773
1 0.110352 0.619141 0.111328 0.624023 0.115234 0.62793 0.113281 0.631836 0.108398 0.628906 0.102539 0.628906 0.0986328 0.631836 0.0957031 0.628906 0.0878906 0.628906 0.0878906 0.631836 0.0947266 0.631836 0.0917969 0.638672 0.0839844 0.640625 0.0820312 0.636719 0.078125 0.637695 0.0771484 0.640625 0.0722656 0.639648 0.0673828 0.636719 0.0712891 0.629883 0.0751953 0.628906 0.0751953 0.623047 0.0683594 0.62207 0.0712891 0.615234 0.0791016 0.614258 0.0859375 0.618164 0.0927734 0.618164 0.0986328 0.612305 0.104492 0.615234
0 0.0849609 0.592773 0.0839844 0.600586 0.0791016 0.600586 0.0771484 0.595703 0.0800781 0.592773
0 0.0683594 0.59375 0.0722656 0.595703 0.0703125 0.600586 0.0644531 0.600586 0.0634766 0.594727
0 0.0527344 0.591797 0.0576172 0.595703 0.0556641 0.600586 0.0498047 0.599609 0.046875 0.594727
0 0.0380859 0.59375 0.0400391 0.597656 0.0371094 0.601562 0.03125 0.600586 0.03125 0.595703
0 0.0224609 0.59375 0.0253906 0.59668 0.0253906 0.600586 0.0205078 0.601562 0.0166016 0.597656
0 0.0078125 0.59375 0.0107422 0.59668 0.00976562 0.600586 0.00390625 0.600586 0.00195312 0.595703
0 0.0234375 0.614258 0.0263672 0.619141 0.0263672 0.625 0.0185547 0.625977 0.0136719 0.621094 0.0175781 0.616211
0 0.0537109 0.62793 0.0556641 0.634766 0.0556641 0.641602 0.0507812 0.642578 0.046875 0.635742 0.0488281 0.629883
0 0 0.616211 0.00585938 0.619141 0.00683594 0.625977 0.00488281 0.632812 0 0.634766
0 0.0390625 0.670898 0.0458984 0.671875 0.0498047 0.676758 0.0478516 0.678711 0.0419922 0.677734 0.0400391 0.682617 0.0351562 0.680664 0.0332031 0.672852
0 0.0458984 0.692383 0.0498047 0.695312 0.0498047 0.700195 0.0419922 0.703125 0.0390625 0.696289 0.0390625 0.69043
1 0.0800781 0.699219 0.0859375 0.706055 0.09375 0.708008 0.0947266 0.712891 0.0957031 0.717773 0.0957031 0.725586 0.0859375 0.725586 0.0869141 0.716797 0.0791016 0.714844 0.0791016 0.714844 0.0722656 0.71582 0.0683594 0.709961 0.0683594 0.704102 0.0732422 0.698242
0 0.0742188 0.717773 0.0761719 0.720703 0.0751953 0.724609 0.0712891 0.724609 0.0683594 0.720703
0 0.112305 0.698242 0.115234 0.708008 0.108398 0.711914 0.102539 0.707031 0.102539 0.700195
0 0.139648 0.737305 0.142578 0.748047 0.136719 0.753906 0.128906 0.750977 0.12793 0.743164 0.133789 0.742188 0.134766 0.737305
1 0.155273 0.698242 0.160156 0.702148 0.164062 0.699219 0.171875 0.701172 0.180664 0.701172 0.180664 0.701172 0.189453 0.706055 0.193359 0.708008 0.194336 0.716797 0.198242 0.725586 0.191406 0.727539 0.182617 0.729492 0.177734 0.727539 0.182617 0.737305 0.180664 0.746094 0.170898 0.746094 0.169922 0.751953 0.162109 0.750977 0.157227 0.745117 0.157227 0.745117 0.160156 0.735352 0.15918 0.731445 0.155273 0.730469 0.155273 0.743164 0.148438 0.748047 0.139648 0.745117 0.136719 0.733398 0.140625 0.726562 0.136719 0.720703 0.140625 0.714844 0.144531 0.709961 0.149414 0.708984 0.148438 0.701172
0 0.160156 0.751953 0.166992 0.757812 0.165039 0.761719 0.15918 0.764648 0.152344 0.763672 0.151367 0.758789 0.154297 0.754883
0 0.181641 0.674805 0.18457 0.678711 0.182617 0.681641 0.176758 0.679688 0.174805 0.674805
0 0.227539 0.669922 0.233398 0.674805 0.230469 0.678711 0.223633 0.679688 0.21875 0.675781 0.21875 0.669922
0 0.256836 0.670898 0.259766 0.675781 0.257812 0.679688 0.25293 0.679688 0.25 0.673828
0 0.223633 0.719727 0.226562 0.726562 0.224609 0.731445 0.219727 0.733398 0.212891 0.731445 0.210938 0.725586 0.213867 0.719727
0 0.206055 0.737305 0.210938 0.739258 0.211914 0.743164 0.207031 0.74707 0.201172 0.743164 0.201172 0.743164 0.201172 0.738281
0 0.236328 0.704102 0.245117 0.709961 0.242188 0.719727 0.239258 0.723633 0.232422 0.723633 0.226562 0.716797 0.229492 0.708984
0 0.241211 0.731445 0.236328 0.738281 0.231445 0.737305 0.228516 0.731445 0.233398 0.728516
0 0.249023 0.739258 0.253906 0.740234 0.253906 0.744141 0.249023 0.748047 0.242188 0.746094 0.233398 0.744141 0.233398 0.740234 0.240234 0.737305
0 0.27832 0.734375 0.282227 0.737305 0.279297 0.746094 0.272461 0.746094 0.266602 0.740234 0.268555 0.736328
0 0.294922 0.736328 0.293945 0.741211 0.290039 0.744141 0.282227 0.742188 0.282227 0.735352 0.289062 0.736328
0 0.316406 0.735352 0.321289 0.737305 0.322266 0.743164 0.318359 0.745117 0.3125 0.744141 0.310547 0.738281
0 0.298828 0.692383 0.299805 0.697266 0.294922 0.698242 0.292969 0.694336 0.295898 0.691406
0 0.303711 0.673828 0.307617 0.674805 0.304688 0.678711 0.299805 0.677734 0.298828 0.673828
0 0.328125 0.666992 0.332031 0.671875 0.332031 0.678711 0.327148 0.679688 0.321289 0.675781 0.322266 0.669922
0 0.355469 0.671875 0.360352 0.674805 0.359375 0.679688 0.353516 0.678711 0.349609 0.675781 0.349609 0.671875
0 0.368164 0.685547 0.369141 0.689453 0.365234 0.691406 0.361328 0.686523 0.366211 0.683594
0 0.361328 0.695312 0.362305 0.700195 0.360352 0.706055 0.356445 0.702148 0.356445 0.702148 0.356445 0.695312
0 0.34668 0.707031 0.349609 0.71582 0.34668 0.71875 0.341797 0.71582 0.341797 0.710938
0 0.316406 0.708008 0.319336 0.711914 0.317383 0.716797 0.311523 0.713867 0.311523 0.709961
0 0.345703 0.734375 0.347656 0.738281 0.341797 0.742188 0.337891 0.737305 0.34082 0.733398
0 0.362305 0.723633 0.368164 0.729492 0.365234 0.735352 0.357422 0.736328 0.353516 0.730469 0.355469 0.725586 0.355469 0.725586
0 0.383789 0.71875 0.386719 0.722656 0.382812 0.726562 0.375 0.723633 0.375977 0.719727
0 0.426758 0.717773 0.430664 0.719727 0.428711 0.724609 0.423828 0.723633 0.422852 0.720703
0 0.448242 0.72168 0.457031 0.723633 0.464844 0.727539 0.464844 0.734375 0.464844 0.734375 0.458008 0.737305 0.456055 0.739258 0.447266 0.737305 0.447266 0.737305 0.443359 0.727539
0 0.49707 0.735352 0.500977 0.745117 0.49707 0.754883 0.484375 0.753906 0.476562 0.75293 0.474609 0.745117 0.481445 0.742188 0.487305 0.734375
1 0.512695 0.724609 0.520508 0.729492 0.523438 0.732422 0.530273 0.729492 0.533203 0.724609 0.541016 0.728516 0.542969 0.731445 0.546875 0.727539 0.548828 0.71875 0.551758 0.731445 0.556641 0.734375 0.560547 0.739258 0.566406 0.741211 0.566406 0.741211 0.569336 0.744141 0.577148 0.743164 0.580078 0.739258 0.586914 0.741211 0.591797 0.745117 0.584961 0.748047 0.567383 0.748047 0.560547 0.751953 0.554688 0.753906 0.554688 0.753906 0.554688 0.761719 0.55957 0.765625 0.55957 0.771484 0.546875 0.773438 0.547852 0.77832 0.539062 0.78125 0.529297 0.782227 0.524414 0.786133 0.520508 0.795898 0.515625 0.799805 0.505859 0.797852 0.49707 0.800781 0.500977 0.804688 0.499023 0.81543 0.486328 0.81543 0.486328 0.81543 0.475586 0.817383 0.461914 0.818359 0.447266 0.816406 0.438477 0.817383 0.4375 0.820312 0.427734 0.819336 0.415039 0.818359 0.408203 0.819336 0.400391 0.817383 0.395508 0.8125 0.389648 0.808594 0.393555 0.823242 0.392578 0.838867 0.387695 0.84082 0.392578 0.850586 0.390625 0.855469 0.394531 0.859375 0.393555 0.869141 0.401367 0.869141 0.401367 0.881836 0.393555 0.887695 0.395508 0.896484 0.391602 0.902344 0.380859 0.90332 0.373047 0.897461 0.363281 0.898438 0.363281 0.898438 0.364258 0.886719 0.361328 0.87793 0.364258 0.870117 0.356445 0.865234 0.356445 0.865234 0.351562 0.857422 0.352539 0.848633 0.358398 0.848633 0.363281 0.838867 0.362305 0.827148 0.358398 0.818359 0.359375 0.810547 0.351562 0.816406 0.34375 0.822266 0.336914 0.817383 0.337891 0.802734 0.348633 0.797852 0.358398 0.796875 0.364258 0.789062 0.364258 0.789062 0.365234 0.78125 0.361328 0.775391 0.361328 0.775391 0.362305 0.765625 0.362305 0.765625 0.367188 0.758789 0.37793 0.758789 0.387695 0.763672 0.394531 0.767578 0.40332 0.764648 0.411133 0.761719 0.415039 0.756836 0.424805 0.758789 0.424805 0.766602 0.433594 0.762695 0.44043 0.756836 0.452148 0.751953 0.458008 0.757812 0.456055 0.761719 0.464844 0.762695 0.47168 0.770508 0.469727 0.77832 0.469727 0.787109 0.479492 0.787109 0.485352 0.78125 0.488281 0.775391 0.489258 0.768555 0.5 0.764648 0.498047 0.757812 0.500977 0.746094 0.49707 0.734375 0.49707 0.734375 0.500977 0.723633 0.507812 0.724609
0 0.481445 0.768555 0.487305 0.776367 0.485352 0.782227 0.480469 0.787109 0.473633 0.787109 0.467773 0.780273 0.472656 0.771484
0 0.360352 0.818359 0.365234 0.827148 0.356445 0.834961 0.348633 0.834961 0.344727 0.825195 0.352539 0.817383
0 0.571289 0.691406 0.575195 0.698242 0.573242 0.703125 0.566406 0.702148 0.563477 0.696289
0 0.59668 0.713867 0.597656 0.723633 0.588867 0.726562 0.582031 0.722656 0.583984 0.714844 0.591797 0.710938
0 0.609375 0.742188 0.611328 0.746094 0.608398 0.748047 0.601562 0.748047 0.600586 0.744141
0 0.548828 0.787109 0.551758 0.793945 0.551758 0.798828 0.541992 0.799805 0.532227 0.798828 0.532227 0.792969 0.532227 0.792969 0.539062 0.788086
1 0.557617 0.774414 0.571289 0.774414 0.582031 0.770508 0.595703 0.771484 0.609375 0.775391 0.616211 0.782227 0.616211 0.791992 0.609375 0.794922 0.602539 0.789062 0.599609 0.782227 0.592773 0.786133 0.584961 0.785156 0.585938 0.794922 0.580078 0.798828 0.569336 0.796875 0.55957 0.800781 0.553711 0.797852 0.550781 0.789062 0.550781 0.789062 0.546875 0.78418 0.550781 0.776367
0 0.630859 0.773438 0.640625 0.775391 0.637695 0.782227 0.629883 0.783203 0.624023 0.77832
0 0.650391 0.776367 0.655273 0.78125 0.654297 0.786133 0.647461 0.787109 0.639648 0.782227 0.641602 0.775391
0 0.666016 0.776367 0.671875 0.780273 0.671875 0.788086 0.665039 0.790039 0.65625 0.787109 0.657227 0.780273 0.661133 0.775391
0 0.663086 0.805664 0.667969 0.810547 0.666016 0.816406 0.660156 0.814453 0.657227 0.80957
0 0.696289 0.722656 0.700195 0.728516 0.698242 0.731445 0.692383 0.730469 0.691406 0.726562
1 0.75 0.711914 0.74707 0.720703 0.756836 0.726562 0.759766 0.735352 0.756836 0.740234 0.755859 0.746094 0.75 0.751953 0.741211 0.750977 0.731445 0.75 0.730469 0.741211 0.731445 0.733398 0.736328 0.727539 0.740234 0.724609 0.737305 0.71875 0.737305 0.71875 0.742188 0.711914 0.742188 0.711914
0 0.765625 0.731445 0.772461 0.736328 0.770508 0.742188 0.763672 0.745117 0.756836 0.741211 0.756836 0.733398
0 0.761719 0.748047 0.766602 0.754883 0.765625 0.759766 0.756836 0.762695 0.75 0.757812 0.748047 0.751953 0.754883 0.75
0 0.792969 0.740234 0.804688 0.742188 0.805664 0.751953 0.800781 0.758789 0.790039 0.758789 0.783203 0.75293 0.783203 0.744141
0 0.791992 0.770508 0.801758 0.776367 0.798828 0.785156 0.791016 0.786133 0.78125 0.783203 0.782227 0.774414
0 0.838867 0.744141 0.838867 0.75 0.833984 0.75293 0.828125 0.751953 0.827148 0.745117 0.827148 0.745117
0 0.844727 0.741211 0.854492 0.739258 0.858398 0.745117 0.855469 0.75 0.844727 0.75 0.839844 0.750977 0.836914 0.746094 0.838867 0.740234
0 0.852539 0.77832 0.854492 0.785156 0.848633 0.785156 0.84375 0.78125 0.84668 0.776367
0 0.818359 0.77832 0.820312 0.785156 0.81543 0.786133 0.810547 0.783203 0.810547 0.77832
0 0.895508 0.741211 0.899414 0.745117 0.898438 0.75 0.892578 0.750977 0.888672 0.74707 0.890625 0.742188
0 0.905273 0.743164 0.90918 0.746094 0.90918 0.75 0.901367 0.751953 0.897461 0.75 0.897461 0.744141
0 0.907227 0.719727 0.910156 0.723633 0.910156 0.728516 0.904297 0.729492 0.899414 0.726562 0.899414 0.722656
1 0.935547 0.728516 0.947266 0.735352 0.955078 0.736328 0.955078 0.736328 0.962891 0.738281 0.962891 0.74707 0.955078 0.751953 0.955078 0.751953 0.951172 0.754883 0.958008 0.755859 0.958008 0.763672 0.952148 0.763672 0.949219 0.767578 0.944336 0.763672 0.94043 0.765625 0.935547 0.760742 0.939453 0.756836 0.946289 0.756836 0.946289 0.754883 0.9375 0.754883 0.928711 0.751953 0.926758 0.745117 0.929688 0.741211 0.929688 0.734375
0 0.988281 0.709961 0.991211 0.712891 0.991211 0.71582 0.985352 0.714844 0.983398 0.710938
0 0.984375 0.728516 0.989258 0.731445 0.987305 0.735352 0.980469 0.736328 0.976562 0.732422 0.978516 0.729492
0 0.980469 0.749023 0.984375 0.753906 0.980469 0.755859 0.976562 0.755859 0.975586 0.750977
0 0.972656 0.75293 0.978516 0.756836 0.982422 0.756836 0.984375 0.761719 0.977539 0.762695 0.972656 0.765625 0.972656 0.765625 0.967773 0.762695 0.96582 0.756836
0 0.955078 0.766602 0.961914 0.774414 0.960938 0.782227 0.954102 0.786133 0.946289 0.78418 0.943359 0.773438 0.950195 0.769531
0 0.982422 0.737305 0.982422 0.743164 0.982422 0.743164 0.97168 0.745117 0.97168 0.745117 0.969727 0.740234 0.976562 0.737305
0 0.99707 0.850586 0.995117 0.858398 0.990234 0.857422 0.989258 0.852539 0.986328 0.851562 0.989258 0.84668 0.994141 0.847656
0 0.974609 0.866211 0.977539 0.869141 0.977539 0.875 0.97168 0.876953 0.96875 0.870117 0.96875 0.866211
0 0.961914 0.864258 0.964844 0.870117 0.961914 0.874023 0.955078 0.870117 0.955078 0.864258
0 0.952148 0.862305 0.955078 0.866211 0.953125 0.873047 0.946289 0.873047 0.943359 0.866211 0.945312 0.862305
1 0.953125 0.822266 0.958008 0.824219 0.958984 0.831055 0.953125 0.833008 0.944336 0.834961 0.939453 0.838867 0.939453 0.838867 0.931641 0.834961 0.932617 0.830078 0.935547 0.826172 0.945312 0.826172 0.944336 0.817383 0.9375 0.816406 0.9375 0.808594 0.94043 0.805664 0.944336 0.806641 0.945312 0.810547 0.949219 0.8125 0.953125 0.814453
0 0.936523 0.790039 0.939453 0.798828 0.9375 0.802734 0.929688 0.802734 0.928711 0.791992
0 0.926758 0.789062 0.929688 0.792969 0.924805 0.796875 0.919922 0.794922 0.920898 0.790039
0 0.904297 0.791016 0.90332 0.796875 0.899414 0.799805 0.894531 0.798828 0.892578 0.791992 0.892578 0.791992 0.895508 0.788086
0 0.922852 0.8125 0.928711 0.818359 0.924805 0.827148 0.915039 0.827148 0.915039 0.827148 0.908203 0.822266 0.90918 0.813477
0 0.920898 0.828125 0.923828 0.832031 0.920898 0.834961 0.915039 0.833984 0.915039 0.831055
0 0.912109 0.829102 0.912109 0.834961 0.90625 0.835938 0.90625 0.835938 0.902344 0.830078 0.902344 0.830078 0.905273 0.828125
0 0.915039 0.841797 0.916992 0.847656 0.911133 0.849609 0.907227 0.844727
0 0.923828 0.868164 0.927734 0.871094 0.924805 0.873047 0.917969 0.87207 0.919922 0.868164
0 0.893555 0.80957 0.898438 0.8125 0.900391 0.822266 0.896484 0.823242 0.894531 0.833984 0.883789 0.833984 0.881836 0.825195 0.880859 0.817383 0.885742 0.811523
1 0.856445 0.813477 0.859375 0.818359 0.856445 0.824219 0.855469 0.827148 0.861328 0.827148 0.871094 0.828125 0.874023 0.832031 0.869141 0.834961 0.868164 0.839844 0.866211 0.848633 0.862305 0.854492 0.854492 0.851562 0.850586 0.854492 0.84375 0.854492 0.839844 0.849609 0.845703 0.84375 0.841797 0.838867 0.833984 0.844727 0.831055 0.84375 0.829102 0.838867 0.820312 0.842773 0.814453 0.838867 0.814453 0.830078 0.827148 0.829102 0.832031 0.821289 0.836914 0.819336 0.84082 0.828125 0.847656 0.828125 0.851562 0.822266 0.849609 0.816406
0 0.849609 0.857422 0.853516 0.860352 0.851562 0.866211 0.841797 0.867188 0.841797 0.860352
0 0.841797 0.791992 0.841797 0.798828 0.835938 0.800781 0.833984 0.795898 0.833984 0.791016
0 0.818359 0.813477 0.821289 0.818359 0.817383 0.823242 0.810547 0.823242 0.808594 0.814453
0 0.808594 0.791016 0.806641 0.796875 0.801758 0.797852 0.795898 0.795898 0.796875 0.788086 0.802734 0.789062
0 0.80957 0.829102 0.811523 0.835938 0.808594 0.838867 0.804688 0.833984
0 0.800781 0.831055 0.800781 0.834961 0.794922 0.834961 0.793945 0.830078
1 0.780273 0.813477 0.782227 0.823242 0.782227 0.829102 0.774414 0.834961 0.770508 0.834961 0.763672 0.838867 0.758789 0.844727 0.749023 0.84375 0.739258 0.845703 0.736328 0.837891 0.729492 0.837891 0.723633 0.837891 0.719727 0.833984 0.722656 0.828125 0.720703 0.822266 0.722656 0.8125 0.731445 0.810547 0.735352 0.814453 0.745117 0.811523 0.749023 0.81543 0.761719 0.814453 0.768555 0.810547 0.773438 0.811523
0 0.751953 0.792969 0.753906 0.797852 0.750977 0.800781 0.746094 0.801758 0.743164 0.794922 0.74707 0.791016
0 0.724609 0.84375 0.730469 0.849609 0.724609 0.853516 0.71582 0.850586 0.71582 0.84375
0 0.732422 0.802734 0.726562 0.807617 0.722656 0.807617 0.722656 0.802734
0 0.995117 0.884766 1 0.887695 1 0.897461 0.993164 0.898438 0.990234 0.889648
0 1 0.901367 1 0.911133 0.991211 0.911133 0.989258 0.907227 0.993164 0.902344
1 1 0.926758 1 0.951172 0.992188 0.952148 0.993164 0.962891 0.982422 0.966797 0.982422 0.966797 0.977539 0.960938 0.970703 0.961914 0.966797 0.955078 0.967773 0.947266 0.976562 0.943359 0.975586 0.938477 0.969727 0.94043 0.969727 0.94043 0.967773 0.936523 0.963867 0.93457 0.962891 0.943359 0.962891 0.943359 0.959961 0.949219 0.959961 0.949219 0.956055 0.951172 0.956055 0.955078 0.951172 0.954102 0.947266 0.949219 0.943359 0.942383 0.945312 0.932617 0.941406 0.926758 0.948242 0.917969 0.956055 0.913086 0.962891 0.915039 0.966797 0.922852 0.966797 0.922852 0.972656 0.923828 0.986328 0.923828 0.987305 0.916992 0.993164 0.919922 0.989258 0.923828 0.990234 0.928711
0 0.985352 0.895508 0.988281 0.899414 0.987305 0.904297 0.982422 0.905273 0.979492 0.898438
0 0.963867 0.958984 0.962891 0.963867 0.957031 0.964844 0.953125 0.960938 0.958984 0.957031
0 0.957031 0.967773 0.956055 0.976562 0.949219 0.981445 0.945312 0.979492 0.945312 0.969727 0.949219 0.964844
0 0.957031 0.979492 0.958984 0.984375 0.957031 0.988281 0.949219 0.987305 0.948242 0.982422 0.953125 0.978516
0 0.946289 0.983398 0.949219 0.989258 0.943359 0.994141 0.943359 1 0.927734 1 0.928711 0.986328 0.936523 0.985352 0.943359 0.981445
0 0.945312 0.947266 0.947266 0.953125 0.946289 0.957031 0.94043 0.959961 0.933594 0.955078 0.933594 0.947266 0.942383 0.944336
0 0.955078 0.882812 0.954102 0.889648 0.951172 0.891602 0.948242 0.888672 0.949219 0.882812 0.953125 0.880859
0 0.870117 0.902344 0.873047 0.907227 0.869141 0.911133 0.865234 0.907227 0.865234 0.90332
0 0.869141 0.911133 0.87207 0.914062 0.871094 0.918945 0.866211 0.917969 0.862305 0.914062 0.862305 0.914062 0.864258 0.913086
0 0.90332 0.947266 0.911133 0.955078 0.907227 0.960938 0.904297 0.962891 0.896484 0.960938 0.894531 0.952148
0 0.891602 0.952148 0.891602 0.959961 0.887695 0.963867 0.883789 0.961914 0.882812 0.952148 0.882812 0.952148 0.888672 0.950195
1 0.905273 0.961914 0.912109 0.973633 0.920898 0.981445 0.918945 0.986328 0.915039 0.991211 0.920898 1 0.888672 1 0.889648 0.991211 0.897461 0.982422 0.893555 0.973633 0.894531 0.964844 0.894531 0.964844 0.898438 0.963867
0 0.916992 0.960938 0.921875 0.963867 0.920898 0.972656 0.916016 0.972656 0.910156 0.96875 0.910156 0.96875 0.911133 0.961914
0 0.873047 0.956055 0.878906 0.959961 0.883789 0.967773 0.87793 0.973633 0.871094 0.975586 0.866211 0.97168 0.865234 0.961914
0 0.87207 0.9375 0.874023 0.941406 0.871094 0.946289 0.867188 0.944336 0.867188 0.939453 0.867188 0.939453
0 0.904297 0.905273 0.908203 0.908203 0.908203 0.914062 0.900391 0.913086 0.898438 0.907227
0 0.902344 0.891602 0.907227 0.894531 0.907227 0.898438 0.895508 0.898438 0.897461 0.893555
0 0.892578 0.884766 0.891602 0.889648 0.887695 0.889648 0.885742 0.885742 0.890625 0.882812
0 0.867188 0.926758 0.870117 0.929688 0.869141 0.933594 0.865234 0.935547 0.862305 0.929688
0 0.853516 0.936523 0.856445 0.939453 0.856445 0.945312 0.848633 0.948242 0.845703 0.941406 0.847656 0.94043
0 0.856445 0.946289 0.860352 0.954102 0.857422 0.959961 0.848633 0.960938 0.848633 0.960938 0.845703 0.955078 0.848633 0.949219
0 0.854492 0.961914 0.854492 0.967773 0.849609 0.969727 0.845703 0.96582 0.84668 0.961914
0 0.823242 0.916016 0.826172 0.918945 0.824219 0.922852 0.81543 0.922852 0.81543 0.916992 0.819336 0.916016
0 0.81543 0.90625 0.816406 0.916016 0.8125 0.917969 0.808594 0.914062 0.808594 0.90625 0.813477 0.904297
0 0.802734 0.885742 0.804688 0.891602 0.800781 0.895508 0.795898 0.891602 0.795898 0.887695
0 0.786133 0.882812 0.790039 0.888672 0.790039 0.895508 0.785156 0.901367 0.775391 0.901367 0.771484 0.892578 0.775391 0.882812
0 0.802734 0.928711 0.800781 0.935547 0.792969 0.935547 0.792969 0.927734 0.798828 0.924805
1 0.805664 0.943359 0.80957 0.946289 0.814453 0.948242 0.814453 0.958984 0.808594 0.960938 0.801758 0.962891 0.793945 0.960938 0.793945 0.954102 0.799805 0.951172 0.794922 0.949219 0.794922 0.942383 0.800781 0.941406
0 0.789062 0.947266 0.791992 0.952148 0.791016 0.958984 0.780273 0.960938 0.774414 0.956055 0.776367 0.947266 0.782227 0.945312
0 0.789062 0.973633 0.788086 0.982422 0.783203 0.983398 0.776367 0.980469 0.776367 0.980469 0.777344 0.974609 0.783203 0.974609
0 0.768555 0.966797 0.768555 0.973633 0.763672 0.975586 0.758789 0.97168 0.760742 0.967773
0 0.767578 0.946289 0.768555 0.955078 0.766602 0.958008 0.760742 0.957031 0.757812 0.951172 0.760742 0.946289
1 0.739258 0.961914 0.741211 0.970703 0.738281 0.974609 0.741211 0.976562 0.741211 0.980469 0.740234 0.986328 0.733398 0.988281 0.734375 0.993164 0.742188 0.995117 0.745117 0.99707 0.744141 1 0.723633 1 0.723633 0.990234 0.720703 0.984375 0.723633 0.980469 0.729492 0.977539 0.726562 0.96875 0.730469 0.961914
1 0.729492 0.936523 0.731445 0.94043 0.727539 0.945312 0.723633 0.9375 0.717773 0.933594 0.720703 0.925781 0.727539 0.925781 0.732422 0.930664
0 0.727539 0.908203 0.728516 0.912109 0.726562 0.913086 0.722656 0.912109 0.722656 0.908203
0 0.727539 0.914062 0.729492 0.916992 0.728516 0.919922 0.72168 0.917969 0.72168 0.914062
0 0.732422 0.880859 0.730469 0.887695 0.724609 0.889648 0.722656 0.884766 0.727539 0.880859
0 0.71582 0.878906 0.719727 0.885742 0.717773 0.889648 0.709961 0.889648 0.705078 0.886719 0.706055 0.878906
0 0.719727 0.894531 0.72168 0.901367 0.71582 0.905273 0.709961 0.90332 0.709961 0.90332 0.710938 0.895508
1 0.696289 0.879883 0.699219 0.885742 0.704102 0.894531 0.704102 0.894531 0.707031 0.898438 0.708984 0.905273 0.707031 0.908203 0.700195 0.911133 0.692383 0.90918 0.689453 0.90332 0.691406 0.896484 0.691406 0.886719 0.686523 0.884766 0.686523 0.884766 0.686523 0.878906
0 0.673828 0.915039 0.676758 0.918945 0.674805 0.924805 0.666992 0.923828 0.664062 0.917969 0.664062 0.917969 0.668945 0.915039
0 0.665039 0.880859 0.670898 0.880859 0.673828 0.883789 0.672852 0.888672 0.667969 0.891602 0.663086 0.886719
0 0.663086 0.891602 0.666016 0.895508 0.666016 0.901367 0.657227 0.901367 0.655273 0.893555
0 0.669922 0.863281 0.669922 0.868164 0.666016 0.868164 0.666016 0.861328
0 0.666016 0.854492 0.669922 0.855469 0.668945 0.858398 0.666016 0.857422
1 0.625977 0.901367 0.632812 0.901367 0.638672 0.908203 0.636719 0.916016 0.632812 0.922852 0.626953 0.922852 0.626953 0.924805 0.619141 0.925781 0.619141 0.925781 0.617188 0.918945 0.611328 0.916992 0.611328 0.90918 0.617188 0.90918 0.618164 0.90332 0.618164 0.90332
1 0.626953 0.952148 0.633789 0.949219 0.636719 0.954102 0.645508 0.955078 0.644531 0.958984 0.635742 0.959961 0.638672 0.969727 0.635742 0.972656 0.628906 0.972656 0.62793 0.978516 0.62207 0.980469 0.619141 0.977539 0.619141 0.974609 0.612305 0.974609 0.610352 0.966797 0.615234 0.961914 0.616211 0.955078 0.612305 0.959961 0.604492 0.960938 0.602539 0.964844 0.597656 0.963867 0.59375 0.958984 0.592773 0.953125 0.59668 0.951172 0.600586 0.948242 0.606445 0.947266 0.610352 0.943359 0.611328 0.946289 0.609375 0.950195 0.616211 0.951172 0.62207 0.948242
0 0.583008 0.915039 0.585938 0.919922 0.585938 0.927734 0.580078 0.928711 0.575195 0.926758 0.574219 0.917969 0.577148 0.914062 0.577148 0.914062
0 0.545898 0.922852 0.545898 0.927734 0.541992 0.928711 0.538086 0.925781 0.541016 0.922852
1 0.542969 0.96875 0.548828 0.973633 0.548828 0.980469 0.543945 0.985352 0.543945 0.991211 0.540039 0.994141 0.533203 0.993164 0.532227 0.987305 0.530273 0.981445 0.532227 0.975586 0.538086 0.97168 0.539062 0.96875
0 0.508789 0.96582 0.513672 0.97168 0.514648 0.978516 0.509766 0.983398 0.50293 0.981445 0.50293 0.96875
0 0.490234 0.904297 0.494141 0.907227 0.494141 0.912109 0.489258 0.915039 0.485352 0.911133 0.485352 0.905273
0 0.467773 0.918945 0.469727 0.924805 0.47168 0.928711 0.466797 0.931641 0.461914 0.933594 0.457031 0.936523 0.452148 0.929688 0.455078 0.920898 0.460938 0.921875
0 0.458984 0.939453 0.460938 0.950195 0.459961 0.957031 0.453125 0.958984 0.447266 0.956055 0.447266 0.949219 0.449219 0.941406 0.449219 0.941406
0 0.458984 0.957031 0.464844 0.960938 0.458984 0.96582 0.449219 0.966797 0.444336 0.961914 0.445312 0.956055 0.452148 0.956055
0 0.457031 0.980469 0.458984 0.987305 0.454102 0.989258 0.449219 0.986328 0.449219 0.986328 0.450195 0.980469 0.455078 0.977539
1 0.363281 0.901367 0.368164 0.90332 0.367188 0.910156 0.37207 0.914062 0.371094 0.918945 0.363281 0.921875 0.362305 0.927734 0.365234 0.931641 0.37207 0.935547 0.374023 0.938477 0.366211 0.94043 0.359375 0.94043 0.357422 0.945312 0.34668 0.946289 0.349609 0.939453 0.355469 0.93457 0.355469 0.920898 0.354492 0.912109 0.356445 0.90332
0 0.401367 0.946289 0.40332 0.949219 0.401367 0.952148 0.404297 0.957031 0.398438 0.958984 0.398438 0.958984 0.394531 0.955078 0.392578 0.950195
0 0.37793 0.950195 0.386719 0.953125 0.387695 0.957031 0.380859 0.958984 0.375977 0.962891 0.369141 0.964844 0.369141 0.958008 0.374023 0.953125
0 0.347656 0.982422 0.359375 0.985352 0.361328 0.994141 0.360352 1 0.342773 1 0.341797 0.988281
0 0.366211 0.964844 0.368164 0.969727 0.366211 0.973633 0.362305 0.97168 0.362305 0.96582
0 0.327148 0.959961 0.331055 0.967773 0.333008 0.977539 0.329102 0.979492 0.322266 0.983398 0.3125 0.979492 0.311523 0.96875 0.316406 0.959961
0 0.3125 0.957031 0.302734 0.957031 0.297852 0.961914 0.296875 0.970703 0.300781 0.975586 0.306641 0.977539 0.3125 0.975586 0.316406 0.964844
0 0.304688 0.990234 0.30957 0.995117 0.30957 1 0.301758 1 0.300781 0.994141
0 0.298828 0.920898 0.306641 0.925781 0.306641 0.930664 0.304688 0.930664 0.305664 0.938477 0.301758 0.943359 0.296875 0.941406 0.296875 0.941406 0.295898 0.932617 0.291992 0.927734
0 0.275391 0.953125 0.27832 0.956055 0.275391 0.958984 0.272461 0.961914 0.267578 0.960938 0.266602 0.955078
0 0.352539 0.865234 0.356445 0.869141 0.357422 0.875 0.349609 0.873047 0.345703 0.867188
0 0.356445 0.876953 0.360352 0.879883 0.358398 0.886719 0.350586 0.887695 0.348633 0.879883
0 0.336914 0.866211 0.34375 0.866211 0.345703 0.870117 0.344727 0.87793 0.337891 0.87793 0.334961 0.87207
0 0.327148 0.867188 0.332031 0.873047 0.328125 0.875 0.327148 0.879883 0.318359 0.881836 0.316406 0.875977 0.316406 0.871094 0.323242 0.87207 0.323242 0.867188
0 0.25 0.894531 0.255859 0.897461 0.254883 0.904297 0.249023 0.90625 0.245117 0.900391 0.248047 0.900391
1 0.230469 0.771484 0.237305 0.773438 0.237305 0.782227 0.231445 0.790039 0.220703 0.789062 0.220703 0.775391 0.226562 0.767578
0 0.226562 0.798828 0.229492 0.802734 0.228516 0.806641 0.223633 0.807617 0.21875 0.802734 0.219727 0.798828
0 0.210938 0.795898 0.212891 0.804688 0.207031 0.808594 0.204102 0.811523 0.197266 0.807617 0.203125 0.798828
1 0.18457 0.789062 0.196289 0.789062 0.201172 0.797852 0.194336 0.807617 0.186523 0.81543 0.174805 0.816406 0.166992 0.810547 0.164062 0.805664 0.158203 0.805664 0.152344 0.800781 0.158203 0.795898 0.169922 0.798828 0.169922 0.789062 0.175781 0.786133
1 0.149414 0.772461 0.15625 0.770508 0.160156 0.775391 0.154297 0.782227 0.162109 0.78418 0.163086 0.790039 0.157227 0.797852 0.152344 0.801758 0.145508 0.798828 0.145508 0.791992 0.148438 0.787109 0.145508 0.779297
0 0.133789 0.800781 0.135742 0.803711 0.134766 0.808594 0.128906 0.805664 0.128906 0.800781
0 0.125 0.786133 0.130859 0.787109 0.132812 0.790039 0.131836 0.792969 0.125977 0.792969 0.12207 0.789062
0 0.125977 0.768555 0.131836 0.769531 0.131836 0.775391 0.125 0.776367 0.123047 0.771484
0 0.09375 0.788086 0.100586 0.796875 0.100586 0.806641 0.0966797 0.808594 0.0888672 0.80957 0.0830078 0.805664 0.0830078 0.793945
0 0.0742188 0.751953 0.0791016 0.756836 0.0771484 0.760742 0.0732422 0.761719 0.0683594 0.756836
0 0.118164 0.757812 0.121094 0.759766 0.121094 0.764648 0.115234 0.765625 0.112305 0.760742
0 0.163086 0.882812 0.162109 0.890625 0.157227 0.891602 0.155273 0.886719
0 0.157227 0.874023 0.162109 0.876953 0.161133 0.879883 0.157227 0.881836 0.15332 0.876953
0 0.110352 0.852539 0.113281 0.855469 0.112305 0.859375 0.106445 0.857422
1 0.0888672 0.869141 0.0947266 0.874023 0.102539 0.874023 0.108398 0.870117 0.114258 0.87207 0.115234 0.878906 0.117188 0.883789 0.117188 0.890625 0.113281 0.891602 0.113281 0.894531 0.107422 0.894531 0.108398 0.885742 0.0996094 0.885742 0.0966797 0.890625 0.0947266 0.898438 0.0976562 0.904297 0.0986328 0.912109 0.0898438 0.914062 0.0869141 0.90625 0.0820312 0.90332 0.0898438 0.897461 0.0800781 0.893555 0.0800781 0.887695 0.0878906 0.886719 0.0927734 0.887695 0.0927734 0.882812 0.0849609 0.883789 0.0849609 0.876953
0 0.250977 0.943359 0.256836 0.946289 0.256836 0.949219 0.251953 0.952148 0.248047 0.948242
0 0.249023 0.958984 0.249023 0.962891 0.245117 0.962891 0.243164 0.958984
0 0.250977 0.97168 0.254883 0.976562 0.253906 0.981445 0.245117 0.980469 0.243164 0.973633
0 0.185547 0.987305 0.19043 0.992188 0.189453 0.99707 0.185547 1 0.180664 0.998047 0.180664 0.991211
0 0.174805 0.991211 0.177734 0.995117 0.178711 1 0.166016 1 0.166016 0.994141
0 0.162109 0.952148 0.168945 0.955078 0.169922 0.963867 0.165039 0.960938 0.160156 0.963867 0.157227 0.958984
0 0.169922 0.962891 0.170898 0.97168 0.164062 0.974609 0.15625 0.97168 0.15625 0.963867 0.163086 0.960938
0 0.211914 0.924805 0.213867 0.929688 0.211914 0.932617 0.206055 0.932617 0.203125 0.927734 0.208008 0.923828
0 0.108398 0.954102 0.111328 0.958008 0.107422 0.959961 0.101562 0.959961 0.102539 0.955078
0 0 0.952148 0.00878906 0.955078 0.0117188 0.958984 0.0117188 0.962891 0.00488281 0.96582 0 0.964844
0 0.0351562 0.938477 0.0449219 0.945312 0.0439453 0.956055 0.0322266 0.957031 0.0253906 0.949219 0.0273438 0.943359 0.0273438 0.943359
0 0.0380859 0.956055 0.0419922 0.961914 0.0390625 0.96582 0.0361328 0.969727 0.0292969 0.970703 0.0263672 0.966797 0.0292969 0.957031
1 0.0761719 0.942383 0.0849609 0.944336 0.0839844 0.952148 0.0878906 0.957031 0.0878906 0.959961 0.0947266 0.960938 0.0957031 0.969727 0.0908203 0.975586 0.0908203 0.975586 0.0859375 0.975586 0.0859375 0.984375 0.0810547 0.984375 0.0791016 0.988281 0.0761719 0.987305 0.0751953 0.973633 0.0712891 0.97168 0.0712891 0.966797 0.0644531 0.966797 0.0576172 0.958008 0.0605469 0.946289 0.0605469 0.946289 0.0703125 0.946289 0.0673828 0.938477 0.0722656 0.9375
0 0.251953 0.992188 0.255859 0.994141 0.255859 0.999023 0.25293 1 0.24707 0.996094 0.248047 0.992188
0 0.0947266 0.923828 0.0966797 0.927734 0.0966797 0.931641 0.0917969 0.931641 0.0917969 0.926758
0 0.0517578 0.916992 0.0644531 0.917969 0.0664062 0.925781 0.0693359 0.931641 0.0683594 0.936523 0.0654297 0.9375 0.0634766 0.941406 0.0537109 0.941406 0.0517578 0.929688 0.0449219 0.926758
0 0.0703125 0.916992 0.0771484 0.918945 0.0849609 0.925781 0.0849609 0.931641 0.0800781 0.933594 0.0751953 0.936523 0.0693359 0.93457 0.0673828 0.925781 0.0673828 0.925781
0 0.0380859 0.914062 0.0449219 0.919922 0.0449219 0.924805 0.0400391 0.929688 0.0332031 0.927734 0.0302734 0.918945
0 0.0195312 0.921875 0.0302734 0.921875 0.0341797 0.926758 0.03125 0.93457 0.0214844 0.935547 0.0136719 0.929688 0.0146484 0.923828
0 0.0419922 0.902344 0.0419922 0.908203 0.0371094 0.910156 0.0341797 0.905273
0 0 0.868164 0.00585938 0.871094 0.00878906 0.878906 0.00488281 0.882812 0.00488281 0.882812 0 0.883789 0 0.883789
0 0.0146484 0.862305 0.0205078 0.866211 0.0214844 0.87207 0.0175781 0.876953 0.0078125 0.87793 0.00585938 0.870117 0.0117188 0.867188
0 0.0732422 0.852539 0.0712891 0.863281 0.0605469 0.864258 0.0566406 0.855469 0.0625 0.849609
0 0.0615234 0.860352 0.0654297 0.865234 0.0625 0.87207 0.0527344 0.87207 0.0507812 0.864258
0 0.0341797 0.824219 0.0400391 0.827148 0.0400391 0.832031 0.0332031 0.832031 0.0302734 0.827148
1 0.0751953 0.799805 0.0800781 0.803711 0.0830078 0.807617 0.0830078 0.807617 0.0800781 0.80957 0.0751953 0.81543 0.0761719 0.832031 0.0839844 0.833984 0.0839844 0.838867 0.078125 0.841797 0.0771484 0.84668 0.0654297 0.84668 0.0595703 0.838867 0.0605469 0.828125 0.0644531 0.827148 0.0644531 0.822266 0.0576172 0.817383 0.0595703 0.811523 0.0644531 0.8125 0.0634766 0.803711 0.0712891 0.798828
0 0.0800781 0.780273 0.0830078 0.78418 0.0810547 0.791016 0.0732422 0.790039 0.0712891 0.78125
1 0.0615234 0.758789 0.0703125 0.766602 0.0712891 0.780273 0.0615234 0.782227 0.0615234 0.782227 0.0585938 0.785156 0.0625 0.790039 0.0654297 0.797852 0.0634766 0.803711 0.0634766 0.803711 0.0615234 0.810547 0.0566406 0.81543 0.0458984 0.817383 0.0429688 0.810547 0.0478516 0.805664 0.0390625 0.804688 0.0371094 0.795898 0.0400391 0.791016 0.0419922 0.777344 0.0488281 0.775391 0.0498047 0.765625 0.046875 0.757812 0.0527344 0.755859
