0 0.199219 0.0351562 0.203125 0.0400391 0.203125 0.0507812 0.196289 0.0498047
0 0.129883 0.104492 0.136719 0.105469 0.136719 0.117188 0.126953 0.114258
0 0.0839844 0.135742 0.0908203 0.137695 0.0966797 0.146484 0.0888672 0.154297 0.0820312 0.148438
1 0.149414 0.157227 0.15918 0.152344 0.169922 0.158203 0.181641 0.158203 0.193359 0.15918 0.207031 0.15625 0.210938 0.164062 0.22168 0.15918 0.228516 0.166016 0.217773 0.173828 0.21582 0.179688 0.203125 0.175781 0.193359 0.176758 0.188477 0.167969 0.183594 0.174805 0.170898 0.177734 0.163086 0.169922 0.157227 0.164062 0.147461 0.164062
0 0.299805 0.0810547 0.298828 0.0888672 0.291016 0.0869141 0.291992 0.0810547
1 0.245117 0.133789 0.249023 0.139648 0.25 0.151367 0.249023 0.163086 0.239258 0.166016 0.237305 0.157227 0.240234 0.139648
0 0.103516 0.185547 0.112305 0.1875 0.111328 0.196289 0.112305 0.196289 0.106445 0.199219 0.101562 0.192383
0 0.223633 0.212891 0.230469 0.21582 0.229492 0.224609 0.22168 0.223633
0 0.22168 0.229492 0.227539 0.227539 0.229492 0.236328 0.222656 0.235352
0 0.267578 0.223633 0.275391 0.225586 0.272461 0.233398 0.267578 0.231445
0 0.0634766 0.245117 0.0615234 0.256836 0.0517578 0.254883 0.0527344 0.245117
0 0.0195312 0.294922 0.0195312 0.303711 0.0195312 0.304688 0.0117188 0.303711 0.0117188 0.293945
0 0.0537109 0.273438 0.0527344 0.28125 0.0439453 0.280273 0.0439453 0.274414
0 0.210938 0.364258 0.208984 0.368164 0.203125 0.365234 0.203125 0.360352
0 0.202148 0.385742 0.195312 0.387695 0.195312 0.379883 0.200195 0.378906
0 0.192383 0.40625 0.192383 0.414062 0.185547 0.415039 0.179688 0.40918 0.185547 0.40332
0 0.217773 0.398438 0.216797 0.404297 0.211914 0.404297 0.211914 0.399414
0 0.137695 0.444336 0.136719 0.449219 0.129883 0.448242 0.130859 0.442383
0 0.151367 0.438477 0.150391 0.445312 0.143555 0.446289 0.143555 0.439453
0 0.158203 0.435547 0.167969 0.43457 0.168945 0.441406 0.160156 0.444336
0 0.139648 0.450195 0.144531 0.451172 0.144531 0.458008 0.139648 0.457031
0 0.140625 0.463867 0.146484 0.464844 0.146484 0.47168 0.141602 0.47168
0 0.0380859 0.549805 0.0400391 0.5625 0.0341797 0.566406 0.0302734 0.55957 0.0292969 0.549805
0 0.112305 0.635742 0.120117 0.637695 0.123047 0.647461 0.114258 0.650391 0.109375 0.644531
0 0.129883 0.650391 0.138672 0.651367 0.140625 0.661133 0.132812 0.665039 0.12793 0.658203
0 0.246094 0.624023 0.255859 0.626953 0.254883 0.637695 0.242188 0.636719
0 0.258789 0.625977 0.264648 0.628906 0.267578 0.635742 0.260742 0.637695
0 0.262695 0.643555 0.270508 0.644531 0.274414 0.65332 0.265625 0.660156 0.261719 0.65332
0 0.265625 0.658203 0.273438 0.655273 0.27832 0.65918 0.274414 0.667969 0.266602 0.666992
0 0.03125 0.785156 0.0341797 0.785156 0.0332031 0.789062 0.0292969 0.789062
0 0.182617 0.873047 0.191406 0.87793 0.191406 0.885742 0.186523 0.887695 0.178711 0.883789
1 0.0117188 0.894531 0.0185547 0.894531 0.0185547 0.90332 0.0253906 0.912109 0.0234375 0.916016 0.0273438 0.923828 0.0273438 0.930664 0.0380859 0.931641 0.0419922 0.938477 0.046875 0.943359 0.0537109 0.947266 0.0537109 0.947266 0.0507812 0.951172 0.0400391 0.952148 0.0361328 0.958008 0.0351562 0.96875 0.0429688 0.969727 0.046875 0.975586 0.0517578 0.978516 0.0585938 0.977539 0.0644531 0.970703 0.0654297 0.962891 0.0625 0.954102 0.0585938 0.948242 0.0566406 0.939453 0.0654297 0.938477 0.0625 0.930664 0.0654297 0.923828 0.0742188 0.920898 0.0849609 0.922852 0.0917969 0.929688 0.0878906 0.943359 0.0751953 0.947266 0.0673828 0.946289 0.0742188 0.954102 0.0791016 0.962891 0.0751953 0.97168 0.0849609 0.976562 0.0878906 0.984375 0.0742188 0.988281 0.0751953 0.99707 0.0722656 1 0.0576172 1 0.0556641 0.995117 0.0498047 0.995117 0.0439453 0.988281 0.0380859 0.986328 0.0380859 0.987305 0.0371094 0.993164 0.0292969 0.992188 0.0263672 0.983398 0.0322266 0.977539 0.0234375 0.973633 0.0224609 0.96582 0.0185547 0.972656 0.0107422 0.970703 0.0126953 0.961914 0.00976562 0.955078 0.0126953 0.946289 0.0126953 0.933594 0.00585938 0.923828 0.00976562 0.915039 0.0117188 0.90332
0 0.0849609 0.893555 0.0869141 0.904297 0.0791016 0.90332 0.0761719 0.895508
1 0.0322266 0.914062 0.0410156 0.911133 0.0498047 0.908203 0.0576172 0.90625 0.0673828 0.90918 0.0722656 0.907227 0.0830078 0.908203 0.0927734 0.910156 0.0986328 0.914062 0.103516 0.916016 0.109375 0.916016 0.121094 0.918945 0.123047 0.928711 0.123047 0.939453 0.12207 0.945312 0.130859 0.952148 0.129883 0.958008 0.124023 0.959961 0.123047 0.969727 0.115234 0.973633 0.102539 0.976562 0.0908203 0.972656 0.0878906 0.960938 0.0878906 0.954102 0.09375 0.949219 0.0957031 0.94043 0.0898438 0.935547 0.0917969 0.926758 0.0830078 0.919922 0.0761719 0.918945 0.0644531 0.922852 0.0537109 0.916016 0.0449219 0.918945 0.0380859 0.924805 0.03125 0.920898
0 0.0175781 0.978516 0.0195312 0.983398 0.0175781 0.987305 0.0107422 0.987305 0.00878906 0.980469 0.0136719 0.979492
1 0.106445 1 0.111328 0.992188 0.111328 0.993164 0.120117 0.993164 0.130859 0.991211 0.132812 0.982422 0.138672 0.983398 0.141602 0.986328 0.146484 0.988281 0.151367 0.994141 0.150391 1
0 0.207031 0.978516 0.21582 0.981445 0.21582 0.989258 0.206055 0.989258 0.207031 0.990234 0.202148 0.984375
0 0.200195 0.987305 0.205078 0.990234 0.204102 0.998047 0.203125 1 0.192383 1 0.192383 0.992188
0 0.411133 0.985352 0.417969 0.985352 0.416992 0.991211 0.410156 0.991211
0 0.258789 0.962891 0.260742 0.969727 0.253906 0.97168 0.250977 0.966797
0 0.285156 0.874023 0.28418 0.880859 0.279297 0.879883 0.280273 0.873047
0 0.241211 0.851562 0.246094 0.849609 0.245117 0.854492 0.242188 0.854492
0 0.242188 0.838867 0.246094 0.84082 0.245117 0.844727 0.241211 0.84375
0 0.262695 0.842773 0.268555 0.844727 0.266602 0.849609 0.258789 0.849609 0.257812 0.845703
0 0.261719 0.851562 0.266602 0.853516 0.266602 0.858398 0.263672 0.859375 0.258789 0.855469
0 0.337891 0.805664 0.342773 0.805664 0.34375 0.811523 0.335938 0.811523
0 0.352539 0.765625 0.357422 0.765625 0.356445 0.771484 0.352539 0.771484
0 0.381836 0.783203 0.386719 0.786133 0.387695 0.791016 0.387695 0.796875 0.382812 0.795898 0.382812 0.791992 0.37793 0.790039
0 0.395508 0.753906 0.400391 0.754883 0.400391 0.760742 0.394531 0.760742
0 0.400391 0.743164 0.399414 0.748047 0.394531 0.748047 0.394531 0.743164
1 0.384766 0.712891 0.391602 0.716797 0.395508 0.722656 0.392578 0.730469 0.387695 0.734375 0.37793 0.728516 0.374023 0.72168 0.375 0.712891
0 0.432617 0.741211 0.4375 0.741211 0.438477 0.74707 0.43457 0.748047
0 0.376953 0.650391 0.381836 0.652344 0.383789 0.65625 0.378906 0.661133 0.378906 0.661133 0.375977 0.658203
0 0.392578 0.648438 0.400391 0.649414 0.405273 0.652344 0.400391 0.660156 0.392578 0.661133 0.391602 0.654297
0 0.430664 0.65332 0.433594 0.655273 0.429688 0.661133 0.426758 0.658203
0 0.422852 0.661133 0.427734 0.662109 0.426758 0.666016 0.421875 0.666992
0 0.287109 0.643555 0.290039 0.643555 0.290039 0.648438 0.28418 0.648438
0 0.228516 0.642578 0.235352 0.644531 0.236328 0.651367 0.228516 0.654297 0.223633 0.648438
0 0.292969 0.647461 0.298828 0.647461 0.298828 0.652344 0.295898 0.652344
0 0.302734 0.646484 0.307617 0.647461 0.306641 0.65332 0.300781 0.652344
0 0.307617 0.65918 0.313477 0.661133 0.3125 0.666992 0.306641 0.666016
0 0.325195 0.658203 0.328125 0.663086 0.322266 0.666016 0.321289 0.662109
0 0.335938 0.660156 0.337891 0.665039 0.333008 0.666992 0.332031 0.663086
0 0.34668 0.660156 0.348633 0.664062 0.34082 0.665039
0 0.365234 0.650391 0.367188 0.654297 0.366211 0.658203 0.361328 0.65625
0 0.283203 0.616211 0.287109 0.616211 0.287109 0.621094 0.28418 0.621094
0 0.297852 0.613281 0.300781 0.615234 0.300781 0.619141 0.296875 0.619141
0 0.306641 0.611328 0.310547 0.612305 0.30957 0.617188 0.305664 0.616211
0 0.322266 0.608398 0.331055 0.608398 0.333008 0.613281 0.329102 0.617188 0.323242 0.616211
0 0.327148 0.617188 0.332031 0.617188 0.333984 0.624023 0.331055 0.628906 0.324219 0.628906 0.322266 0.621094
0 0.366211 0.603516 0.371094 0.603516 0.37207 0.610352 0.370117 0.612305 0.37207 0.618164 0.37207 0.623047 0.37207 0.633789 0.369141 0.635742 0.365234 0.634766 0.365234 0.624023 0.368164 0.623047 0.367188 0.617188 0.365234 0.616211
0 0.380859 0.620117 0.384766 0.619141 0.384766 0.623047 0.380859 0.623047
0 0.398438 0.628906 0.401367 0.630859 0.399414 0.633789 0.396484 0.631836
0 0.421875 0.609375 0.425781 0.610352 0.425781 0.615234 0.421875 0.613281
0 0.428711 0.633789 0.433594 0.634766 0.431641 0.638672 0.428711 0.637695
0 0.438477 0.619141 0.444336 0.621094 0.442383 0.628906 0.435547 0.625977
0 0.202148 0.550781 0.207031 0.549805 0.208984 0.553711 0.208984 0.561523 0.202148 0.561523
0 0.320312 0.551758 0.325195 0.551758 0.326172 0.557617 0.321289 0.55957
0 0.354492 0.557617 0.358398 0.556641 0.360352 0.55957 0.357422 0.5625 0.352539 0.561523
0 0.370117 0.564453 0.374023 0.56543 0.373047 0.570312 0.368164 0.569336
0 0.369141 0.572266 0.373047 0.576172 0.370117 0.583008 0.365234 0.582031 0.365234 0.574219
0 0.380859 0.589844 0.383789 0.59082 0.383789 0.595703 0.378906 0.595703
0 0.416992 0.569336 0.423828 0.569336 0.422852 0.575195 0.416992 0.575195
0 0.382812 0.572266 0.390625 0.571289 0.391602 0.576172 0.392578 0.576172 0.386719 0.582031 0.381836 0.578125
0 0.385742 0.55957 0.392578 0.561523 0.391602 0.568359 0.384766 0.568359 0.382812 0.563477 0.382812 0.563477
0 0.411133 0.540039 0.415039 0.540039 0.417969 0.543945 0.411133 0.548828
0 0.380859 0.524414 0.386719 0.522461 0.389648 0.526367 0.389648 0.532227 0.382812 0.532227
0 0.198242 0.466797 0.204102 0.467773 0.206055 0.472656 0.202148 0.475586 0.197266 0.472656
0 0.201172 0.449219 0.206055 0.451172 0.208984 0.458008 0.202148 0.461914 0.198242 0.455078
0 0.232422 0.486328 0.237305 0.484375 0.236328 0.492188 0.232422 0.491211
0 0.245117 0.474609 0.250977 0.475586 0.250977 0.480469 0.246094 0.483398 0.242188 0.479492
1 0.329102 0.443359 0.323242 0.441406 0.317383 0.444336 0.316406 0.451172 0.316406 0.451172 0.3125 0.458984 0.3125 0.462891 0.31543 0.46875 0.310547 0.47168 0.307617 0.475586 0.299805 0.477539 0.294922 0.484375 0.292969 0.491211 0.299805 0.492188 0.307617 0.489258 0.317383 0.489258 0.319336 0.495117 0.331055 0.494141 0.34082 0.49707 0.349609 0.494141 0.353516 0.486328 0.359375 0.484375 0.360352 0.473633 0.357422 0.46582 0.351562 0.461914 0.342773 0.462891 0.34082 0.467773 0.34375 0.472656 0.339844 0.476562 0.333984 0.476562 0.336914 0.472656 0.337891 0.46582 0.330078 0.464844 0.327148 0.458984
0 0.364258 0.458008 0.375977 0.456055 0.384766 0.458008 0.386719 0.463867 0.376953 0.467773 0.370117 0.467773 0.367188 0.47168 0.363281 0.467773
0 0.282227 0.454102 0.286133 0.455078 0.286133 0.458984 0.28125 0.458984
0 0.291016 0.421875 0.299805 0.420898 0.299805 0.425781 0.292969 0.425781
0 0.279297 0.424805 0.286133 0.425781 0.285156 0.430664 0.280273 0.429688
0 0.28418 0.411133 0.288086 0.416992 0.286133 0.421875 0.279297 0.419922 0.277344 0.414062
0 0.285156 0.397461 0.288086 0.401367 0.294922 0.40332 0.293945 0.408203 0.293945 0.408203 0.287109 0.411133 0.280273 0.408203 0.280273 0.401367
0 0.299805 0.352539 0.306641 0.353516 0.305664 0.359375 0.299805 0.357422 0.299805 0.357422
0 0.304688 0.335938 0.30957 0.337891 0.30957 0.341797 0.304688 0.34082
0 0.241211 0.334961 0.242188 0.342773 0.236328 0.34375 0.233398 0.337891 0.235352 0.333984
0 0.334961 0.321289 0.341797 0.323242 0.347656 0.326172 0.349609 0.333008 0.341797 0.334961 0.333984 0.333984 0.329102 0.329102
0 0.354492 0.291992 0.357422 0.297852 0.354492 0.303711 0.347656 0.302734 0.347656 0.293945
0 0.373047 0.291992 0.37793 0.294922 0.376953 0.300781 0.371094 0.298828
0 0.370117 0.304688 0.374023 0.311523 0.370117 0.317383 0.364258 0.31543 0.360352 0.308594 0.362305 0.303711
0 0.385742 0.308594 0.388672 0.311523 0.384766 0.31543 0.380859 0.311523
0 0.382812 0.324219 0.384766 0.329102 0.380859 0.333008 0.376953 0.328125
0 0.367188 0.338867 0.370117 0.345703 0.370117 0.345703 0.367188 0.351562 0.358398 0.347656 0.363281 0.339844
0 0.374023 0.360352 0.37793 0.368164 0.37207 0.371094 0.368164 0.366211
0 0.397461 0.357422 0.398438 0.366211 0.394531 0.371094 0.386719 0.366211 0.386719 0.357422
0 0.397461 0.292969 0.404297 0.293945 0.40332 0.299805 0.397461 0.299805
1 0.286133 0.239258 0.291992 0.240234 0.291992 0.240234 0.300781 0.245117 0.305664 0.246094 0.308594 0.248047 0.316406 0.25 0.322266 0.257812 0.328125 0.266602 0.327148 0.276367 0.323242 0.287109 0.310547 0.287109 0.298828 0.285156 0.291992 0.290039 0.283203 0.280273 0.288086 0.268555 0.280273 0.260742 0.28125 0.25 0.282227 0.25
0 0.260742 0.233398 0.259766 0.240234 0.254883 0.241211 0.251953 0.234375
0 0.348633 0.233398 0.356445 0.234375 0.356445 0.243164 0.349609 0.244141 0.345703 0.238281
0 0.380859 0.183594 0.393555 0.1875 0.397461 0.200195 0.390625 0.206055 0.375977 0.203125 0.375977 0.19043 0.376953 0.186523
1 0.40625 0.191406 0.417969 0.191406 0.428711 0.191406 0.433594 0.198242 0.428711 0.203125 0.421875 0.202148 0.419922 0.208008 0.411133 0.209961 0.410156 0.206055 0.413086 0.201172 0.40625 0.199219
1 0.44043 0.194336 0.451172 0.19043 0.460938 0.193359 0.47168 0.188477 0.486328 0.192383 0.493164 0.193359 0.50293 0.196289 0.505859 0.203125 0.503906 0.208984 0.490234 0.208984 0.486328 0.211914 0.482422 0.208008 0.473633 0.208008 0.458984 0.206055 0.455078 0.210938 0.448242 0.214844 0.439453 0.211914 0.439453 0.205078
0 0.514648 0.204102 0.521484 0.204102 0.525391 0.209961 0.525391 0.210938 0.525391 0.217773 0.515625 0.21875 0.510742 0.211914 0.510742 0.211914
0 0.386719 0.208984 0.394531 0.208984 0.395508 0.214844 0.388672 0.21582
0 0.408203 0.208984 0.408203 0.21582 0.40332 0.217773 0.400391 0.209961 0.400391 0.209961 0.402344 0.206055
0 0.410156 0.217773 0.414062 0.223633 0.412109 0.228516 0.405273 0.224609
0 0.382812 0.233398 0.389648 0.231445 0.391602 0.235352 0.386719 0.238281
0 0.416016 0.231445 0.422852 0.231445 0.424805 0.237305 0.420898 0.243164 0.412109 0.239258
0 0.429688 0.238281 0.431641 0.243164 0.427734 0.246094 0.424805 0.242188
0 0.439453 0.237305 0.444336 0.237305 0.444336 0.242188 0.4375 0.242188
0 0.460938 0.229492 0.466797 0.229492 0.466797 0.237305 0.460938 0.241211 0.456055 0.236328
1 0.37207 0.249023 0.379883 0.246094 0.386719 0.249023 0.396484 0.25 0.395508 0.255859 0.387695 0.257812 0.385742 0.253906 0.375 0.254883
0 0.411133 0.25 0.416992 0.250977 0.416016 0.257812 0.411133 0.256836
0 0.427734 0.250977 0.432617 0.25293 0.432617 0.259766 0.423828 0.257812
0 0.448242 0.25293 0.456055 0.253906 0.454102 0.259766 0.448242 0.259766
0 0.459961 0.25293 0.463867 0.25293 0.463867 0.258789 0.457031 0.257812 0.457031 0.253906
0 0.469727 0.253906 0.474609 0.25293 0.474609 0.257812 0.470703 0.257812
0 0.481445 0.262695 0.488281 0.262695 0.487305 0.272461 0.479492 0.271484 0.479492 0.271484 0.478516 0.267578
0 0.487305 0.274414 0.488281 0.283203 0.486328 0.291992 0.480469 0.293945 0.476562 0.288086 0.476562 0.288086 0.479492 0.27832
0 0.463867 0.311523 0.46875 0.3125 0.467773 0.318359 0.463867 0.317383
0 0.413086 0.375977 0.421875 0.37793 0.421875 0.383789 0.415039 0.381836
0 0.444336 0.391602 0.450195 0.390625 0.452148 0.396484 0.449219 0.401367 0.443359 0.399414
0 0.405273 0.391602 0.411133 0.394531 0.410156 0.399414 0.40625 0.400391 0.402344 0.395508
0 0.401367 0.404297 0.40332 0.410156 0.398438 0.411133 0.396484 0.407227
0 0.411133 0.401367 0.414062 0.40625 0.412109 0.40918 0.40625 0.405273
0 0.441406 0.425781 0.448242 0.427734 0.446289 0.433594 0.439453 0.430664
0 0.43457 0.4375 0.4375 0.439453 0.433594 0.444336 0.428711 0.44043
0 0.442383 0.459961 0.443359 0.461914 0.441406 0.464844 0.438477 0.461914
0 0.453125 0.510742 0.457031 0.509766 0.459961 0.513672 0.454102 0.515625
0 0.469727 0.533203 0.475586 0.53418 0.475586 0.53418 0.475586 0.538086 0.470703 0.537109
0 0.461914 0.583984 0.461914 0.588867 0.456055 0.589844 0.455078 0.584961
0 0.463867 0.591797 0.467773 0.59375 0.467773 0.598633 0.463867 0.604492 0.459961 0.598633
0 0.461914 0.608398 0.467773 0.608398 0.46875 0.612305 0.463867 0.613281
0 0.474609 0.733398 0.469727 0.734375 0.469727 0.739258 0.474609 0.739258
0 0.46875 0.762695 0.46875 0.767578 0.464844 0.767578 0.462891 0.762695 0.46582 0.760742
1 0.46875 0.956055 0.47168 0.964844 0.46875 0.970703 0.47168 0.976562 0.46875 0.984375 0.46875 0.988281 0.459961 0.989258 0.459961 0.983398 0.464844 0.977539 0.460938 0.973633 0.458984 0.967773 0.464844 0.956055
0 0.491211 0.985352 0.49707 0.984375 0.5 0.991211 0.496094 0.995117 0.489258 0.992188
0 0.485352 0.96875 0.490234 0.97168 0.490234 0.977539 0.484375 0.977539 0.484375 0.978516 0.481445 0.972656
0 0.5 0.970703 0.50293 0.976562 0.50293 0.976562 0.5 0.981445 0.496094 0.973633
0 0.490234 0.953125 0.492188 0.958984 0.490234 0.962891 0.486328 0.961914 0.485352 0.956055
0 0.551758 0.96582 0.558594 0.96582 0.561523 0.970703 0.560547 0.975586 0.551758 0.975586 0.547852 0.969727
0 0.570312 0.946289 0.579102 0.947266 0.580078 0.953125 0.580078 0.953125 0.574219 0.955078 0.568359 0.952148
0 0.554688 0.944336 0.558594 0.946289 0.55957 0.952148 0.554688 0.955078 0.551758 0.950195
0 0.532227 0.941406 0.53418 0.947266 0.532227 0.950195 0.527344 0.946289
0 0.514648 0.93457 0.523438 0.930664 0.526367 0.93457 0.525391 0.938477 0.515625 0.941406 0.512695 0.939453
0 0.542969 0.916016 0.541992 0.90918 0.536133 0.907227 0.53418 0.911133 0.537109 0.915039
0 0.621094 0.924805 0.628906 0.928711 0.629883 0.938477 0.624023 0.943359 0.616211 0.949219 0.610352 0.947266 0.610352 0.9375 0.616211 0.930664
0 0.613281 0.916016 0.621094 0.917969 0.621094 0.925781 0.616211 0.928711 0.609375 0.925781
0 0.545898 0.885742 0.552734 0.886719 0.554688 0.892578 0.554688 0.892578 0.553711 0.896484 0.542969 0.896484 0.542969 0.888672
0 0.537109 0.918945 0.541992 0.916992 0.542969 0.920898 0.541992 0.923828
0 0.55957 0.887695 0.56543 0.886719 0.566406 0.892578 0.560547 0.896484 0.557617 0.892578
0 0.572266 0.897461 0.577148 0.899414 0.576172 0.90332 0.573242 0.905273 0.570312 0.900391
0 0.578125 0.871094 0.583984 0.871094 0.585938 0.876953 0.581055 0.881836 0.576172 0.881836 0.575195 0.875
0 0.588867 0.862305 0.597656 0.857422 0.602539 0.864258 0.604492 0.87207 0.59375 0.875977 0.588867 0.873047 0.584961 0.867188
0 0.523438 0.833984 0.527344 0.837891 0.526367 0.844727 0.521484 0.844727 0.518555 0.837891
0 0.537109 0.831055 0.532227 0.831055 0.529297 0.834961 0.532227 0.839844 0.537109 0.839844
0 0.523438 0.821289 0.527344 0.820312 0.529297 0.825195 0.524414 0.825195
0 0.53125 0.753906 0.538086 0.753906 0.539062 0.761719 0.533203 0.762695 0.52832 0.758789
0 0.519531 0.720703 0.523438 0.72168 0.523438 0.726562 0.519531 0.726562
0 0.547852 0.72168 0.553711 0.722656 0.552734 0.727539 0.548828 0.727539
0 0.602539 0.704102 0.606445 0.705078 0.607422 0.709961 0.602539 0.709961
0 0.616211 0.706055 0.620117 0.708008 0.620117 0.710938 0.613281 0.710938 0.613281 0.710938
0 0.634766 0.701172 0.639648 0.700195 0.639648 0.703125 0.635742 0.704102
0 0.636719 0.708008 0.642578 0.705078 0.641602 0.710938 0.635742 0.710938
0 0.567383 0.696289 0.572266 0.698242 0.572266 0.702148 0.568359 0.701172
0 0.601562 0.670898 0.607422 0.671875 0.606445 0.676758 0.600586 0.674805
0 0.620117 0.686523 0.625977 0.689453 0.623047 0.694336 0.619141 0.697266 0.616211 0.693359
0 0.626953 0.677734 0.631836 0.676758 0.631836 0.683594 0.625977 0.68457
0 0.544922 0.694336 0.547852 0.695312 0.547852 0.699219 0.544922 0.699219
0 0.550781 0.65625 0.555664 0.658203 0.555664 0.663086 0.549805 0.662109
0 0.533203 0.655273 0.538086 0.65625 0.537109 0.660156 0.532227 0.662109 0.52832 0.65918
0 0.52832 0.672852 0.53125 0.673828 0.53125 0.679688 0.52832 0.677734
0 0.513672 0.666992 0.519531 0.665039 0.519531 0.669922 0.516602 0.671875
0 0.501953 0.6875 0.505859 0.689453 0.506836 0.695312 0.5 0.697266
0 0.511719 0.686523 0.515625 0.688477 0.515625 0.692383 0.511719 0.691406
0 0.516602 0.697266 0.523438 0.700195 0.523438 0.704102 0.517578 0.703125
0 0.530273 0.692383 0.535156 0.694336 0.535156 0.697266 0.530273 0.697266
0 0.537109 0.699219 0.541992 0.700195 0.541992 0.704102 0.538086 0.704102
0 0.53418 0.706055 0.538086 0.707031 0.536133 0.709961 0.533203 0.708984
0 0.506836 0.704102 0.513672 0.704102 0.513672 0.708008 0.510742 0.708984
0 0.53418 0.625977 0.541016 0.625 0.541992 0.629883 0.540039 0.634766 0.540039 0.634766 0.535156 0.632812
0 0.538086 0.577148 0.548828 0.577148 0.553711 0.583008 0.553711 0.588867 0.541016 0.592773 0.538086 0.597656 0.527344 0.601562 0.524414 0.59082 0.529297 0.583984 0.529297 0.583984
0 0.548828 0.594727 0.556641 0.59375 0.558594 0.600586 0.552734 0.604492 0.548828 0.604492 0.547852 0.598633
0 0.595703 0.605469 0.601562 0.606445 0.602539 0.614258 0.59668 0.615234 0.591797 0.613281
0 0.547852 0.540039 0.549805 0.543945 0.545898 0.549805 0.543945 0.545898
0 0.529297 0.535156 0.53418 0.539062 0.532227 0.542969 0.52832 0.541016
0 0.521484 0.542969 0.525391 0.544922 0.523438 0.547852 0.519531 0.546875
0 0.516602 0.539062 0.519531 0.537109 0.519531 0.543945 0.515625 0.546875 0.513672 0.543945
0 0.510742 0.526367 0.516602 0.526367 0.520508 0.530273 0.519531 0.53418 0.514648 0.535156 0.510742 0.532227
0 0.521484 0.515625 0.526367 0.514648 0.527344 0.518555 0.526367 0.522461 0.521484 0.520508
0 0.555664 0.513672 0.55957 0.514648 0.557617 0.520508 0.553711 0.520508 0.551758 0.515625
0 0.583008 0.515625 0.589844 0.514648 0.59082 0.520508 0.585938 0.524414 0.583984 0.518555
0 0.50293 0.476562 0.505859 0.477539 0.505859 0.480469 0.503906 0.480469
0 0.508789 0.470703 0.511719 0.47168 0.511719 0.476562 0.507812 0.475586
0 0.504883 0.487305 0.508789 0.487305 0.508789 0.492188 0.504883 0.492188
0 0.519531 0.487305 0.523438 0.487305 0.523438 0.490234 0.518555 0.490234
0 0.539062 0.496094 0.543945 0.496094 0.543945 0.500977 0.540039 0.5
0 0.553711 0.495117 0.556641 0.499023 0.554688 0.501953 0.551758 0.499023
0 0.546875 0.484375 0.549805 0.484375 0.549805 0.490234 0.544922 0.490234
0 0.551758 0.478516 0.555664 0.480469 0.555664 0.483398 0.552734 0.483398
0 0.518555 0.441406 0.518555 0.451172 0.517578 0.456055 0.510742 0.455078 0.509766 0.448242 0.510742 0.448242 0.513672 0.438477
0 0.521484 0.44043 0.525391 0.442383 0.524414 0.449219 0.521484 0.447266
0 0.53125 0.449219 0.536133 0.449219 0.540039 0.454102 0.540039 0.454102 0.53418 0.456055 0.529297 0.453125
0 0.527344 0.457031 0.532227 0.457031 0.529297 0.460938 0.527344 0.459961
0 0.542969 0.457031 0.547852 0.458984 0.545898 0.461914 0.542969 0.459961
0 0.546875 0.461914 0.551758 0.464844 0.550781 0.46875 0.546875 0.46875 0.546875 0.46582
0 0.543945 0.428711 0.546875 0.433594 0.545898 0.438477 0.541016 0.4375 0.538086 0.430664
0 0.554688 0.426758 0.556641 0.431641 0.550781 0.43457 0.549805 0.430664
0 0.561523 0.43457 0.563477 0.438477 0.55957 0.441406 0.556641 0.436523
1 0.569336 0.452148 0.578125 0.456055 0.583008 0.460938 0.586914 0.455078 0.586914 0.455078 0.589844 0.449219 0.59668 0.451172 0.59668 0.451172 0.598633 0.458008 0.601562 0.467773 0.601562 0.475586 0.609375 0.481445 0.607422 0.491211 0.607422 0.5 0.599609 0.505859 0.586914 0.505859 0.578125 0.503906 0.577148 0.496094 0.575195 0.487305 0.575195 0.479492 0.56543 0.472656 0.56543 0.460938 0.564453 0.455078
0 0.586914 0.44043 0.59082 0.442383 0.587891 0.449219 0.584961 0.447266
0 0.561523 0.441406 0.566406 0.44043 0.568359 0.445312 0.5625 0.449219 0.558594 0.451172 0.557617 0.446289
1 0.611328 0.462891 0.620117 0.461914 0.62793 0.46875 0.628906 0.478516 0.631836 0.479492 0.637695 0.481445 0.644531 0.487305 0.644531 0.492188 0.634766 0.5 0.62207 0.50293 0.614258 0.499023 0.616211 0.491211 0.612305 0.485352 0.615234 0.478516 0.611328 0.467773
0 0.651367 0.490234 0.654297 0.493164 0.655273 0.49707 0.652344 0.5 0.647461 0.49707
0 0.642578 0.476562 0.648438 0.475586 0.648438 0.480469 0.643555 0.480469
0 0.641602 0.466797 0.646484 0.46582 0.647461 0.470703 0.641602 0.469727
0 0.638672 0.444336 0.642578 0.447266 0.642578 0.452148 0.634766 0.451172
0 0.646484 0.444336 0.652344 0.442383 0.652344 0.449219 0.646484 0.450195
0 0.644531 0.417969 0.643555 0.426758 0.638672 0.426758 0.639648 0.416992
0 0.632812 0.404297 0.632812 0.410156 0.626953 0.411133 0.626953 0.40625
0 0.598633 0.425781 0.603516 0.428711 0.601562 0.43457 0.59668 0.438477 0.59375 0.435547
0 0.515625 0.420898 0.519531 0.420898 0.520508 0.424805 0.516602 0.424805
0 0.508789 0.402344 0.512695 0.40332 0.512695 0.407227 0.508789 0.407227
0 0.532227 0.414062 0.538086 0.415039 0.538086 0.420898 0.535156 0.420898 0.532227 0.417969
0 0.547852 0.416016 0.553711 0.416992 0.553711 0.421875 0.549805 0.420898
0 0.583984 0.416016 0.591797 0.415039 0.59082 0.420898 0.59082 0.421875 0.584961 0.422852
0 0.619141 0.418945 0.624023 0.421875 0.620117 0.426758 0.617188 0.423828
1 0.610352 0.397461 0.613281 0.402344 0.610352 0.408203 0.609375 0.412109 0.604492 0.414062 0.602539 0.405273
0 0.581055 0.396484 0.583984 0.40332 0.580078 0.40332 0.578125 0.399414
0 0.588867 0.391602 0.59082 0.396484 0.589844 0.400391 0.584961 0.395508
0 0.570312 0.402344 0.572266 0.40625 0.567383 0.40918 0.56543 0.405273
0 0.567383 0.417969 0.568359 0.423828 0.563477 0.426758 0.55957 0.422852 0.561523 0.417969
0 0.555664 0.391602 0.560547 0.393555 0.558594 0.398438 0.554688 0.398438 0.550781 0.394531
0 0.575195 0.381836 0.581055 0.383789 0.581055 0.388672 0.576172 0.389648
0 0.567383 0.383789 0.572266 0.385742 0.571289 0.389648 0.566406 0.388672
0 0.539062 0.381836 0.544922 0.379883 0.548828 0.384766 0.546875 0.390625 0.540039 0.389648 0.541016 0.389648
0 0.522461 0.379883 0.529297 0.37793 0.532227 0.384766 0.527344 0.387695 0.520508 0.385742
0 0.601562 0.358398 0.610352 0.356445 0.612305 0.361328 0.614258 0.364258 0.610352 0.367188 0.602539 0.366211 0.602539 0.366211 0.599609 0.361328
0 0.62793 0.361328 0.631836 0.362305 0.630859 0.366211 0.625977 0.365234
0 0.650391 0.34082 0.660156 0.34082 0.660156 0.347656 0.655273 0.353516 0.647461 0.352539 0.647461 0.347656
1 0.529297 0.34375 0.536133 0.345703 0.536133 0.354492 0.536133 0.358398 0.540039 0.357422 0.549805 0.360352 0.549805 0.360352 0.557617 0.360352 0.566406 0.360352 0.572266 0.364258 0.575195 0.369141 0.575195 0.37207 0.568359 0.375977 0.566406 0.371094 0.553711 0.370117 0.547852 0.373047 0.539062 0.37207 0.53125 0.370117 0.530273 0.362305 0.529297 0.356445 0.526367 0.350586
0 0.507812 0.362305 0.512695 0.362305 0.512695 0.366211 0.509766 0.366211
0 0.505859 0.373047 0.509766 0.375977 0.506836 0.380859 0.503906 0.378906
0 0.614258 0.341797 0.619141 0.342773 0.619141 0.348633 0.612305 0.348633
0 0.59668 0.314453 0.600586 0.323242 0.603516 0.327148 0.598633 0.331055 0.59082 0.333008 0.589844 0.322266 0.592773 0.314453
0 0.599609 0.297852 0.603516 0.299805 0.603516 0.304688 0.597656 0.304688
0 0.625 0.30957 0.628906 0.3125 0.624023 0.317383 0.616211 0.31543 0.616211 0.30957
1 0.625 0.28418 0.631836 0.285156 0.636719 0.27832 0.643555 0.274414 0.643555 0.274414 0.652344 0.274414 0.657227 0.27832 0.65918 0.285156 0.647461 0.285156 0.643555 0.291992 0.637695 0.295898 0.628906 0.298828 0.624023 0.304688 0.618164 0.303711 0.614258 0.294922 0.618164 0.287109
1 0.508789 0.290039 0.517578 0.289062 0.526367 0.286133 0.538086 0.286133 0.544922 0.291016 0.544922 0.291016 0.544922 0.298828 0.540039 0.301758 0.529297 0.302734 0.512695 0.303711 0.511719 0.313477 0.507812 0.316406 0.499023 0.31543 0.499023 0.305664 0.499023 0.295898 0.505859 0.291992
1 0.558594 0.3125 0.564453 0.311523 0.568359 0.317383 0.566406 0.322266 0.564453 0.327148 0.566406 0.335938 0.563477 0.344727 0.560547 0.349609 0.554688 0.348633 0.551758 0.338867 0.554688 0.332031 0.552734 0.327148 0.555664 0.321289
0 0.55957 0.261719 0.569336 0.265625 0.569336 0.273438 0.561523 0.273438 0.556641 0.267578
0 0.619141 0.257812 0.625977 0.258789 0.628906 0.264648 0.62207 0.268555 0.617188 0.264648
0 0.649414 0.243164 0.65625 0.245117 0.65625 0.250977 0.650391 0.254883 0.644531 0.248047
0 0.639648 0.246094 0.642578 0.251953 0.636719 0.254883 0.632812 0.25
1 0.509766 0.24707 0.518555 0.246094 0.520508 0.254883 0.513672 0.256836 0.508789 0.264648 0.508789 0.264648 0.501953 0.268555 0.498047 0.261719 0.5 0.25293 0.5 0.25293 0.500977 0.246094
1 0.526367 0.212891 0.53125 0.204102 0.541016 0.202148 0.555664 0.203125 0.563477 0.207031 0.563477 0.207031 0.575195 0.205078 0.583008 0.211914 0.583984 0.211914 0.581055 0.22168 0.571289 0.222656 0.56543 0.229492 0.556641 0.234375 0.561523 0.245117 0.553711 0.248047 0.537109 0.24707 0.522461 0.249023 0.515625 0.243164 0.516602 0.239258 0.509766 0.231445 0.514648 0.22168
0 0.614258 0.241211 0.618164 0.245117 0.618164 0.245117 0.615234 0.25 0.611328 0.246094 0.613281 0.243164
1 0.624023 0.207031 0.634766 0.204102 0.645508 0.208008 0.645508 0.208008 0.650391 0.199219 0.658203 0.201172 0.660156 0.210938 0.670898 0.209961 0.674805 0.217773 0.68457 0.216797 0.6875 0.225586 0.681641 0.231445 0.672852 0.230469 0.667969 0.227539 0.657227 0.234375 0.650391 0.236328 0.645508 0.232422 0.633789 0.234375 0.619141 0.231445 0.613281 0.225586 0.611328 0.214844 0.611328 0.214844 0.615234 0.209961
1 0.655273 0.000976562 0.658203 0.00878906 0.669922 0.00976562 0.680664 0.00976562 0.697266 0.00976562 0.714844 0.00976562 0.726562 0.0126953 0.745117 0.0117188 0.762695 0.0146484 0.775391 0.0185547 0.791992 0.0185547 0.806641 0.0224609 0.816406 0.0234375 0.830078 0.0273438 0.84375 0.0273438 0.855469 0.03125 0.875 0.0332031 0.886719 0.0361328 0.90625 0.0390625 0.931641 0.0400391 0.950195 0.0380859 0.967773 0.0351562 0.981445 0.0341797 1 0.0351562 1 0 0.970703 0 0.970703 0.0078125 0.972656 0.0166016 0.964844 0.0224609 0.955078 0.0263672 0.941406 0.0253906 0.930664 0.0244141 0.916992 0.0283203 0.914062 0.0205078 0.904297 0.015625 0.894531 0.0146484 0.881836 0.0195312 0.871094 0.0185547 0.864258 0.0117188 0.852539 0.0107422 0.849609 0.0185547 0.830078 0.0166016 0.832031 0.0078125 0.830078 0
1 0.822266 0.169922 0.824219 0.175781 0.826172 0.1875 0.829102 0.203125 0.832031 0.207031 0.845703 0.212891 0.851562 0.222656 0.851562 0.227539 0.861328 0.232422 0.860352 0.245117 0.84668 0.245117 0.835938 0.241211 0.820312 0.241211 0.806641 0.242188 0.791992 0.237305 0.793945 0.220703 0.806641 0.220703 0.808594 0.207031 0.814453 0.194336 0.81543 0.180664 0.818359 0.169922
0 0.709961 0.232422 0.720703 0.236328 0.723633 0.245117 0.71582 0.255859 0.704102 0.256836 0.699219 0.244141 0.700195 0.234375
0 0.730469 0.246094 0.740234 0.248047 0.741211 0.254883 0.730469 0.254883
0 0.819336 0.250977 0.827148 0.251953 0.826172 0.257812 0.827148 0.257812 0.820312 0.258789
0 0.831055 0.250977 0.839844 0.25293 0.837891 0.261719 0.829102 0.260742
0 0.847656 0.25 0.853516 0.25 0.857422 0.254883 0.853516 0.259766 0.84668 0.257812 0.84668 0.257812
0 0.863281 0.25 0.87207 0.251953 0.87207 0.261719 0.865234 0.264648 0.865234 0.264648 0.860352 0.256836
0 0.874023 0.266602 0.87793 0.267578 0.87793 0.274414 0.87207 0.274414
0 0.808594 0.271484 0.816406 0.271484 0.818359 0.279297 0.811523 0.279297
0 0.849609 0.294922 0.856445 0.295898 0.856445 0.304688 0.856445 0.304688 0.850586 0.300781
0 0.802734 0.287109 0.808594 0.288086 0.808594 0.292969
0 0.782227 0.273438 0.790039 0.28125 0.790039 0.289062 0.779297 0.288086 0.772461 0.282227 0.775391 0.275391
0 0.667969 0.354492 0.673828 0.355469 0.672852 0.365234 0.666992 0.369141 0.663086 0.362305
0 0.678711 0.367188 0.674805 0.37207 0.674805 0.375977 0.680664 0.375977
0 0.666016 0.382812 0.672852 0.381836 0.676758 0.389648 0.675781 0.396484 0.668945 0.396484 0.664062 0.390625
0 0.74707 0.353516 0.757812 0.356445 0.756836 0.366211 0.749023 0.37207 0.742188 0.375 0.735352 0.368164 0.735352 0.368164 0.739258 0.356445
0 0.766602 0.367188 0.770508 0.367188 0.772461 0.371094 0.766602 0.373047
0 0.839844 0.391602 0.849609 0.392578 0.848633 0.399414 0.842773 0.402344 0.838867 0.398438
0 0.824219 0.390625 0.834961 0.389648 0.835938 0.395508 0.827148 0.399414 0.823242 0.394531 0.823242 0.394531
0 0.799805 0.375 0.804688 0.376953 0.803711 0.383789 0.799805 0.385742
0 0.780273 0.367188 0.786133 0.366211 0.790039 0.370117 0.78418 0.374023
0 0.78418 0.397461 0.788086 0.396484 0.790039 0.402344 0.785156 0.404297
1 0.734375 0.379883 0.742188 0.375977 0.75293 0.375977 0.760742 0.378906 0.760742 0.384766 0.768555 0.386719 0.774414 0.395508 0.767578 0.401367 0.750977 0.400391 0.739258 0.40332 0.739258 0.404297 0.730469 0.401367 0.734375 0.391602
0 0.853516 0.34668 0.859375 0.348633 0.859375 0.354492 0.852539 0.353516
0 0.709961 0.417969 0.71875 0.418945 0.720703 0.427734 0.714844 0.431641 0.708008 0.426758
0 0.757812 0.417969 0.762695 0.420898 0.762695 0.426758 0.756836 0.427734
0 0.763672 0.438477 0.767578 0.439453 0.766602 0.444336 0.761719 0.442383
0 0.768555 0.447266 0.776367 0.449219 0.776367 0.455078 0.771484 0.454102 0.770508 0.451172
0 0.821289 0.454102 0.824219 0.454102 0.824219 0.458984 0.821289 0.458984
0 0.836914 0.447266 0.841797 0.448242 0.841797 0.453125 0.838867 0.452148
0 0.839844 0.46875 0.844727 0.469727 0.844727 0.476562 0.839844 0.474609
0 0.851562 0.472656 0.855469 0.476562 0.854492 0.483398 0.848633 0.483398 0.847656 0.478516
0 0.826172 0.486328 0.833008 0.486328 0.832031 0.492188 0.826172 0.491211
1 0.803711 0.49707 0.808594 0.500977 0.814453 0.499023 0.817383 0.50293 0.826172 0.50293 0.826172 0.50293 0.833984 0.50293 0.841797 0.50293 0.844727 0.506836 0.84375 0.513672 0.831055 0.511719 0.819336 0.509766 0.807617 0.507812 0.798828 0.507812 0.795898 0.500977
0 0.802734 0.431641 0.805664 0.4375 0.800781 0.439453 0.797852 0.43457
0 0.796875 0.455078 0.801758 0.456055 0.800781 0.459961 0.797852 0.460938
0 0.797852 0.472656 0.801758 0.472656 0.803711 0.477539 0.798828 0.479492
0 0.664062 0.462891 0.669922 0.462891 0.669922 0.467773 0.664062 0.46875
0 0.666016 0.477539 0.671875 0.475586 0.670898 0.481445 0.666992 0.482422
0 0.682617 0.456055 0.6875 0.457031 0.686523 0.462891 0.682617 0.463867
0 0.683594 0.491211 0.69043 0.501953 0.6875 0.504883 0.679688 0.500977 0.679688 0.501953 0.677734 0.493164
0 0.699219 0.491211 0.703125 0.494141 0.700195 0.496094 0.696289 0.495117
0 0.704102 0.483398 0.713867 0.481445 0.714844 0.489258 0.714844 0.489258 0.708984 0.491211 0.703125 0.487305
0 0.71582 0.470703 0.72168 0.47168 0.719727 0.478516 0.71582 0.476562
0 0.730469 0.473633 0.736328 0.476562 0.739258 0.483398 0.733398 0.486328 0.728516 0.481445
0 0.743164 0.479492 0.750977 0.481445 0.749023 0.487305 0.743164 0.487305 0.741211 0.481445
0 0.764648 0.475586 0.775391 0.477539 0.777344 0.481445 0.782227 0.484375 0.782227 0.490234 0.773438 0.490234 0.761719 0.489258 0.756836 0.485352 0.756836 0.478516
0 0.729492 0.493164 0.734375 0.492188 0.735352 0.49707 0.731445 0.49707
0 0.736328 0.491211 0.742188 0.491211 0.742188 0.49707 0.737305 0.49707 0.737305 0.49707
1 0.729492 0.500977 0.737305 0.498047 0.742188 0.501953 0.748047 0.499023 0.756836 0.501953 0.756836 0.508789 0.748047 0.507812 0.736328 0.506836 0.729492 0.506836
0 0.742188 0.538086 0.749023 0.540039 0.75 0.548828 0.743164 0.550781 0.740234 0.545898
0 0.819336 0.543945 0.823242 0.544922 0.823242 0.548828 0.818359 0.547852
0 0.817383 0.551758 0.823242 0.551758 0.820312 0.556641 0.817383 0.556641
0 0.835938 0.540039 0.84082 0.541016 0.84082 0.546875 0.833984 0.546875
0 0.833984 0.552734 0.836914 0.552734 0.836914 0.557617 0.831055 0.556641 0.831055 0.556641
0 0.824219 0.569336 0.828125 0.572266 0.826172 0.580078 0.820312 0.579102 0.820312 0.573242
0 0.845703 0.548828 0.850586 0.550781 0.849609 0.556641 0.84375 0.554688
0 0.837891 0.564453 0.841797 0.564453 0.841797 0.568359 0.836914 0.568359
0 0.84668 0.568359 0.850586 0.574219 0.851562 0.583984 0.850586 0.591797 0.852539 0.597656 0.852539 0.602539 0.847656 0.600586 0.84082 0.599609 0.835938 0.599609 0.830078 0.595703 0.830078 0.588867 0.838867 0.588867 0.841797 0.582031 0.839844 0.571289
0 0.813477 0.583008 0.818359 0.583984 0.817383 0.589844 0.8125 0.587891
0 0.766602 0.584961 0.771484 0.585938 0.771484 0.59082 0.767578 0.589844
0 0.763672 0.564453 0.768555 0.564453 0.767578 0.569336 0.764648 0.569336
0 0.769531 0.551758 0.767578 0.558594 0.761719 0.555664 0.763672 0.550781
0 0.717773 0.52832 0.72168 0.529297 0.720703 0.535156 0.71582 0.53418
0 0.712891 0.595703 0.716797 0.59375 0.720703 0.600586 0.717773 0.603516 0.712891 0.601562
0 0.727539 0.587891 0.732422 0.588867 0.732422 0.595703 0.732422 0.595703 0.727539 0.598633 0.722656 0.591797 0.723633 0.592773
0 0.744141 0.591797 0.75 0.59375 0.749023 0.598633 0.744141 0.597656
0 0.84375 0.610352 0.850586 0.615234 0.850586 0.621094 0.845703 0.625 0.84082 0.629883 0.833008 0.62793 0.835938 0.616211
0 0.766602 0.626953 0.772461 0.629883 0.772461 0.629883 0.769531 0.636719 0.764648 0.639648 0.761719 0.633789
0 0.670898 0.633789 0.674805 0.634766 0.674805 0.639648 0.670898 0.638672
0 0.660156 0.650391 0.664062 0.651367 0.663086 0.658203 0.658203 0.657227
0 0.660156 0.670898 0.664062 0.670898 0.663086 0.676758 0.65918 0.675781
0 0.761719 0.65918 0.766602 0.65918 0.766602 0.666016 0.760742 0.665039
0 0.776367 0.68457 0.780273 0.692383 0.774414 0.702148 0.764648 0.701172 0.764648 0.693359
0 0.779297 0.652344 0.785156 0.655273 0.785156 0.65918 0.77832 0.658203
0 0.764648 0.674805 0.769531 0.676758 0.769531 0.680664 0.764648 0.680664
0 0.780273 0.673828 0.785156 0.673828 0.785156 0.679688 0.779297 0.679688
0 0.676758 0.692383 0.682617 0.692383 0.682617 0.698242 0.678711 0.697266
0 0.671875 0.698242 0.675781 0.700195 0.674805 0.705078 0.668945 0.704102
0 0.678711 0.705078 0.68457 0.708008 0.682617 0.712891 0.676758 0.710938
0 0.822266 0.722656 0.832031 0.71875 0.842773 0.720703 0.850586 0.724609 0.849609 0.734375 0.839844 0.732422 0.828125 0.732422 0.821289 0.731445 0.821289 0.731445
0 0.822266 0.735352 0.834961 0.732422 0.847656 0.734375 0.847656 0.734375 0.849609 0.744141 0.844727 0.74707 0.834961 0.746094 0.824219 0.745117 0.824219 0.745117 0.823242 0.738281
0 0.814453 0.774414 0.821289 0.776367 0.820312 0.782227 0.816406 0.783203 0.8125 0.779297
0 0.874023 0.753906 0.879883 0.754883 0.880859 0.759766 0.875977 0.763672 0.87207 0.759766
0 0.709961 0.777344 0.714844 0.776367 0.71875 0.782227 0.711914 0.785156
0 0.856445 0.847656 0.863281 0.848633 0.863281 0.854492 0.857422 0.854492
0 0.697266 0.859375 0.705078 0.860352 0.705078 0.860352 0.705078 0.865234 0.696289 0.867188
0 0.757812 0.888672 0.762695 0.888672 0.763672 0.892578 0.758789 0.895508 0.755859 0.892578
0 0.754883 0.915039 0.760742 0.913086 0.769531 0.915039 0.768555 0.921875 0.759766 0.923828 0.753906 0.926758 0.753906 0.927734 0.749023 0.919922
0 0.791016 0.927734 0.796875 0.930664 0.796875 0.93457 0.792969 0.93457 0.790039 0.930664
0 0.708008 0.947266 0.711914 0.947266 0.711914 0.953125 0.707031 0.955078 0.705078 0.951172
1 0.750977 0.936523 0.757812 0.93457 0.758789 0.94043 0.758789 0.948242 0.767578 0.947266 0.774414 0.948242 0.777344 0.957031 0.771484 0.961914 0.761719 0.961914 0.762695 0.961914 0.75293 0.959961 0.751953 0.953125 0.750977 0.942383
0 0.864258 0.924805 0.870117 0.923828 0.870117 0.923828 0.87207 0.929688 0.866211 0.932617
0 0.868164 0.914062 0.873047 0.915039 0.873047 0.919922 0.867188 0.919922 0.865234 0.916016
0 0.869141 0.897461 0.875 0.900391 0.875 0.907227 0.868164 0.90625 0.868164 0.90625 0.864258 0.902344
1 0.817383 0.920898 0.827148 0.924805 0.829102 0.931641 0.828125 0.936523 0.820312 0.935547 0.819336 0.931641 0.81543 0.928711 0.8125 0.923828
1 0.845703 1 0.850586 0.988281 0.853516 0.979492 0.861328 0.977539 0.87207 0.976562 0.879883 0.981445 0.892578 0.982422 0.892578 0.982422 0.90332 0.981445 0.90918 0.985352 0.910156 0.990234 0.915039 0.996094 0.914062 1
0 0.890625 0.922852 0.896484 0.922852 0.899414 0.929688 0.894531 0.931641 0.888672 0.927734 0.888672 0.927734
0 0.892578 0.810547 0.899414 0.8125 0.898438 0.820312 0.892578 0.818359 0.892578 0.818359
0 0.892578 0.825195 0.898438 0.825195 0.899414 0.830078 0.891602 0.830078
0 0.981445 0.8125 0.987305 0.81543 0.987305 0.826172 0.986328 0.831055 0.978516 0.830078 0.978516 0.820312 0.979492 0.81543
0 0.889648 0.749023 0.893555 0.750977 0.894531 0.756836 0.894531 0.756836 0.888672 0.756836 0.888672 0.756836
0 0.910156 0.704102 0.914062 0.707031 0.912109 0.712891 0.908203 0.710938 0.908203 0.706055
0 0.932617 0.682617 0.932617 0.689453 0.929688 0.691406 0.927734 0.685547
0 0.884766 0.681641 0.893555 0.680664 0.899414 0.685547 0.898438 0.693359 0.889648 0.695312 0.883789 0.692383 0.883789 0.686523
0 0.856445 0.642578 0.859375 0.643555 0.859375 0.647461 0.854492 0.649414
0 0.993164 0.654297 1 0.65332 1 0.664062 0.993164 0.666992 0.990234 0.660156 0.990234 0.660156
0 0.874023 0.607422 0.880859 0.606445 0.886719 0.611328 0.884766 0.618164 0.879883 0.619141 0.87207 0.616211 0.871094 0.611328
0 0.993164 0.610352 0.996094 0.613281 0.995117 0.618164 0.990234 0.619141
0 0.933594 0.591797 0.9375 0.591797 0.938477 0.59668 0.931641 0.597656
0 0.955078 0.570312 0.959961 0.570312 0.960938 0.575195 0.954102 0.575195
0 0.861328 0.552734 0.869141 0.549805 0.874023 0.550781 0.875 0.558594 0.869141 0.5625 0.858398 0.5625 0.858398 0.5625
0 0.932617 0.550781 0.936523 0.552734 0.936523 0.556641 0.930664 0.555664
1 0.948242 0.53125 0.955078 0.527344 0.961914 0.530273 0.962891 0.538086 0.957031 0.544922 0.952148 0.556641 0.947266 0.555664 0.944336 0.546875 0.946289 0.539062
0 0.859375 0.568359 0.865234 0.569336 0.865234 0.577148 0.858398 0.578125
0 0.869141 0.570312 0.874023 0.572266 0.874023 0.577148 0.869141 0.580078 0.866211 0.575195 0.867188 0.575195
0 0.867188 0.5 0.87207 0.501953 0.871094 0.506836 0.867188 0.506836
0 0.874023 0.483398 0.875977 0.487305 0.874023 0.491211 0.870117 0.487305
0 0.981445 0.459961 0.987305 0.459961 0.989258 0.464844 0.985352 0.469727 0.979492 0.467773
0 0.959961 0.463867 0.964844 0.46582 0.963867 0.46875 0.958008 0.467773
0 0.946289 0.449219 0.950195 0.450195 0.950195 0.454102 0.946289 0.453125
0 0.959961 0.421875 0.966797 0.420898 0.97168 0.427734 0.97168 0.427734 0.96582 0.431641 0.958984 0.429688
0 0.986328 0.426758 0.989258 0.428711 0.988281 0.432617 0.984375 0.431641
0 0.936523 0.392578 0.943359 0.396484 0.942383 0.40332 0.942383 0.40332 0.935547 0.408203 0.935547 0.408203 0.931641 0.40332 0.931641 0.395508
0 0.945312 0.389648 0.954102 0.389648 0.955078 0.395508 0.952148 0.400391 0.944336 0.399414 0.942383 0.392578
0 0.957031 0.389648 0.963867 0.388672 0.964844 0.394531 0.959961 0.396484 0.954102 0.392578
0 0.880859 0.329102 0.885742 0.328125 0.886719 0.333984 0.881836 0.334961
0 0.94043 0.317383 0.943359 0.318359 0.943359 0.322266 0.94043 0.321289
0 0.954102 0.316406 0.959961 0.31543 0.959961 0.31543 0.959961 0.321289 0.956055 0.323242
0 0.967773 0.310547 0.974609 0.310547 0.973633 0.316406 0.96875 0.317383
0 0.939453 0.298828 0.945312 0.298828 0.947266 0.305664 0.942383 0.308594 0.936523 0.302734 0.936523 0.302734
0 0.964844 0.292969 0.972656 0.294922 0.976562 0.302734 0.970703 0.306641 0.962891 0.303711 0.959961 0.295898
0 0.991211 0.292969 0.995117 0.300781 1 0.308594 1 0.317383 0.992188 0.3125 0.984375 0.314453 0.982422 0.307617 0.983398 0.302734 0.982422 0.292969
0 0.987305 0.279297 0.990234 0.283203 0.986328 0.285156 0.984375 0.28125
0 0.977539 0.279297 0.977539 0.286133 0.969727 0.289062 0.969727 0.28125
0 0.961914 0.276367 0.96875 0.279297 0.966797 0.287109 0.960938 0.287109 0.958984 0.28125
0 0.951172 0.280273 0.955078 0.283203 0.954102 0.288086 0.949219 0.290039 0.948242 0.286133
0 0.970703 0.248047 0.977539 0.251953 0.977539 0.251953 0.981445 0.258789 0.985352 0.264648 0.979492 0.268555 0.97168 0.264648 0.969727 0.256836
0 0.985352 0.254883 0.994141 0.251953 1 0.251953 1 0.272461 0.994141 0.270508 0.986328 0.267578 0.984375 0.260742
1 0.899414 0.231445 0.912109 0.233398 0.918945 0.239258 0.924805 0.245117 0.930664 0.248047 0.936523 0.25293 0.935547 0.257812 0.931641 0.261719 0.922852 0.259766 0.916016 0.253906 0.907227 0.250977 0.901367 0.254883 0.894531 0.250977 0.895508 0.242188 0.893555 0.235352
0 0.939453 0.226562 0.941406 0.228516 0.941406 0.233398 0.941406 0.233398 0.936523 0.232422
0 0.9375 0.236328 0.94043 0.236328 0.94043 0.242188 0.9375 0.240234
0 0.941406 0.210938 0.944336 0.211914 0.944336 0.217773 0.939453 0.21582
