0 0.0634766 0.0195312 0.0634766 0.0166016 0.0644531 0.0136719 0.0654297 0.0117188 0.0644531 0.00878906 0.0625 0.00390625 0.0664062 0.00390625 0.0693359 0.00585938 0.0712891 0.00585938 0.0751953 0.0078125 0.0791016 0.0078125 0.0810547 0.0078125 0.0839844 0.0078125 0.0859375 0.0107422 0.0849609 0.0146484 0.0839844 0.0185547 0.0830078 0.0205078 0.0800781 0.0244141 0.0742188 0.0253906 0.0703125 0.0224609 0.0654297 0.0214844
0 0.0820312 0.00976562 0.0800781 0.00683594 0.0820312 0.00390625 0.0820312 0 0.0898438 0 0.0898438 0.00488281 0.0869141 0.00976562 0.0849609 0.0117188
0 0.0654297 0.015625 0.0605469 0.0166016 0.0566406 0.0126953 0.0546875 0.0078125 0.0556641 0.00292969 0.0527344 0 0.0625 0 0.0644531 0.00390625 0.0673828 0.0078125 0.0673828 0.0126953
0 0.00976562 0.0117188 0.00488281 0.0117188 0.00195312 0.00683594 0.00390625 0.00195312 0.00878906 0.00292969 0.0136719 0.00488281 0.0136719 0.00976562
0 0.0117188 0.0390625 0.00683594 0.0390625 0.00390625 0.0380859 0.00488281 0.0351562 0.00683594 0.0332031 0.00878906 0.03125 0.0136719 0.03125 0.0146484 0.0341797 0.0146484 0.0380859
0 0.00585938 0.0361328 0.00390625 0.0361328 0.00292969 0.0341797 0.00292969 0.03125 0.00488281 0.0283203 0.00683594 0.0283203 0.00976562 0.0292969 0.0107422 0.0322266 0.00878906 0.0351562
0 0.0185547 0.0458984 0.0136719 0.0439453 0.0117188 0.0390625 0.0166016 0.0371094 0.0214844 0.0390625 0.0214844 0.0429688
0 0.0332031 0.0507812 0.0283203 0.0498047 0.0263672 0.0449219 0.0302734 0.0419922 0.0351562 0.0419922 0.0380859 0.046875 0.0361328 0.0507812
0 0.00976562 0.140625 0.00683594 0.141602 0.00683594 0.145508 0.00390625 0.146484 0 0.145508 0 0.134766 0.00390625 0.131836 0.00878906 0.135742 0.00976562 0.137695
0 0.0361328 0.158203 0.03125 0.15625 0.0322266 0.151367 0.0361328 0.148438 0.0400391 0.152344 0.0400391 0.15625 0.0390625 0.15918
0 0.03125 0.15625 0.0263672 0.15625 0.0224609 0.152344 0.0234375 0.147461 0.0273438 0.144531 0.0322266 0.145508 0.0341797 0.150391
0 0.0234375 0.151367 0.0195312 0.148438 0.0185547 0.143555 0.0234375 0.141602 0.0263672 0.145508
1 0.93457 1 0.936523 0.993164 0.935547 0.988281 0.936523 0.983398 0.939453 0.979492 0.941406 0.974609 0.941406 0.963867 0.942383 0.953125 0.943359 0.943359 0.944336 0.9375 0.947266 0.932617 0.946289 0.926758 0.944336 0.916992 0.944336 0.912109 0.946289 0.90625 0.948242 0.895508 0.947266 0.889648 0.948242 0.883789 0.950195 0.878906 0.953125 0.875 0.953125 0.869141 0.957031 0.861328 0.961914 0.860352 0.966797 0.860352 0.970703 0.864258 0.979492 0.867188 0.990234 0.866211 0.994141 0.869141 1 0.870117 1 1
1 0.897461 0.494141 0.886719 0.495117 0.881836 0.496094 0.878906 0.5 0.87793 0.504883 0.873047 0.507812 0.869141 0.512695 0.867188 0.517578 0.862305 0.520508 0.857422 0.521484 0.852539 0.523438 0.850586 0.529297 0.850586 0.53418 0.84668 0.537109 0.841797 0.544922 0.836914 0.547852 0.832031 0.548828 0.826172 0.550781 0.826172 0.555664 0.822266 0.55957 0.817383 0.560547 0.814453 0.56543 0.810547 0.568359 0.80957 0.573242 0.804688 0.582031 0.799805 0.582031 0.794922 0.579102 0.793945 0.583984 0.794922 0.59375 0.798828 0.597656 0.800781 0.602539 0.801758 0.607422 0.803711 0.612305 0.808594 0.616211 0.80957 0.621094 0.81543 0.623047 0.820312 0.624023 0.823242 0.628906 0.827148 0.631836 0.832031 0.631836 0.841797 0.633789 0.844727 0.638672 0.847656 0.642578 0.854492 0.644531 0.863281 0.649414 0.867188 0.654297 0.871094 0.657227 0.876953 0.658203 0.881836 0.658203 0.887695 0.65918 0.892578 0.662109 0.896484 0.666016 0.900391 0.670898 0.90918 0.675781 0.914062 0.675781 0.918945 0.677734 0.922852 0.680664 0.926758 0.68457 0.930664 0.6875 0.935547 0.69043 0.939453 0.693359 0.947266 0.702148 0.952148 0.705078 0.957031 0.705078 0.967773 0.707031 0.973633 0.708008 0.977539 0.710938 0.987305 0.71582 0.991211 0.71875 0.995117 0.722656 1 0.723633 1 0.602539 0.992188 0.601562 0.992188 0.595703 0.987305 0.588867 0.983398 0.585938 0.981445 0.581055 0.980469 0.575195 0.975586 0.573242 0.970703 0.571289 0.967773 0.566406 0.963867 0.563477 0.959961 0.560547 0.958984 0.555664 0.954102 0.552734 0.950195 0.547852 0.952148 0.542969 0.952148 0.538086 0.948242 0.53418 0.943359 0.532227 0.938477 0.53125 0.933594 0.52832 0.932617 0.523438 0.926758 0.515625 0.917969 0.508789 0.915039 0.504883 0.914062 0.5 0.90625 0.495117
1 0.157227 0.334961 0.15918 0.328125 0.15625 0.323242 0.15625 0.318359 0.15918 0.313477 0.15918 0.307617 0.163086 0.299805 0.163086 0.294922 0.167969 0.292969 0.173828 0.292969 0.178711 0.291016 0.180664 0.287109 0.180664 0.283203 0.186523 0.285156 0.193359 0.290039 0.200195 0.292969 0.209961 0.298828 0.212891 0.302734 0.212891 0.307617 0.212891 0.318359 0.209961 0.322266 0.205078 0.331055 0.203125 0.335938 0.201172 0.34082 0.197266 0.344727 0.194336 0.353516 0.192383 0.358398 0.188477 0.361328 0.182617 0.360352 0.177734 0.363281 0.172852 0.362305 0.167969 0.359375 0.154297 0.351562 0.151367 0.347656 0.151367 0.342773 0.150391 0.336914
1 0.110352 0.30957 0.103516 0.310547 0.0986328 0.307617 0.0898438 0.302734 0.0869141 0.298828 0.0830078 0.295898 0.0810547 0.291016 0.0849609 0.288086 0.0859375 0.283203 0.0859375 0.27832 0.0898438 0.274414 0.0947266 0.274414 0.102539 0.275391 0.102539 0.269531 0.109375 0.269531 0.114258 0.269531 0.117188 0.264648 0.12207 0.262695 0.126953 0.263672 0.128906 0.268555 0.129883 0.271484 0.132812 0.272461 0.134766 0.275391 0.132812 0.27832 0.130859 0.279297 0.131836 0.283203 0.131836 0.289062 0.128906 0.298828 0.124023 0.301758 0.119141 0.302734 0.114258 0.302734 0.114258 0.305664 0.114258 0.308594
1 0.324219 0.368164 0.316406 0.369141 0.3125 0.37207 0.307617 0.373047 0.302734 0.373047 0.295898 0.375977 0.283203 0.375977 0.28418 0.368164 0.290039 0.366211 0.298828 0.360352 0.304688 0.361328 0.30957 0.360352 0.31543 0.363281 0.319336 0.359375 0.330078 0.359375 0.334961 0.360352 0.337891 0.355469 0.342773 0.353516 0.347656 0.351562 0.347656 0.345703 0.347656 0.34082 0.350586 0.338867 0.357422 0.338867 0.360352 0.341797 0.359375 0.350586 0.353516 0.357422 0.349609 0.363281 0.341797 0.368164 0.335938 0.368164
1 0.328125 0.383789 0.319336 0.383789 0.313477 0.381836 0.308594 0.380859 0.303711 0.378906 0.299805 0.375977 0.300781 0.371094 0.305664 0.370117 0.316406 0.370117 0.321289 0.368164 0.327148 0.368164 0.336914 0.366211 0.341797 0.365234 0.34668 0.364258 0.350586 0.360352 0.358398 0.353516 0.361328 0.358398 0.362305 0.363281 0.358398 0.366211 0.356445 0.371094 0.351562 0.37207 0.348633 0.376953 0.34375 0.379883 0.333984 0.382812
0 0.0390625 0.0263672 0.0341797 0.0273438 0.03125 0.0234375 0.0322266 0.0185547 0.0371094 0.0195312 0.0390625 0.0234375
0 0.0458984 0.03125 0.0419922 0.0332031 0.0390625 0.0292969 0.0380859 0.0244141 0.0429688 0.0214844 0.0478516 0.0234375 0.0498047 0.0263672 0.0498047 0.03125
0 0.0615234 0.0390625 0.0566406 0.0371094 0.0537109 0.0322266 0.0566406 0.0283203 0.0615234 0.03125 0.0625 0.0361328
0 0.0332031 0.0566406 0.0292969 0.0537109 0.0253906 0.0507812 0.0283203 0.046875 0.0332031 0.0478516 0.0351562 0.0507812 0.0361328 0.0556641 0.0361328 0.0576172
0 0.0859375 0.0302734 0.0810547 0.0283203 0.0800781 0.0234375 0.0849609 0.0214844 0.0888672 0.0253906 0.0888672 0.0292969
0 0.116211 0.0654297 0.113281 0.0693359 0.108398 0.0693359 0.103516 0.0673828 0.104492 0.0625 0.108398 0.0585938 0.113281 0.0585938 0.116211 0.0615234
0 0.15918 0.0917969 0.15332 0.0898438 0.150391 0.0859375 0.151367 0.0810547 0.15625 0.0791016 0.161133 0.0800781 0.164062 0.0849609 0.165039 0.0898438 0.163086 0.0927734
0 0.116211 0.0947266 0.114258 0.0908203 0.115234 0.0859375 0.118164 0.0859375 0.120117 0.0869141 0.120117 0.0908203 0.120117 0.09375
0 0.109375 0.0888672 0.106445 0.0878906 0.104492 0.0859375 0.105469 0.0830078 0.108398 0.0820312 0.110352 0.0830078 0.111328 0.0859375
0 0.100586 0.0839844 0.0957031 0.0839844 0.0947266 0.0810547 0.0947266 0.0791016 0.09375 0.0761719 0.09375 0.0732422 0.0957031 0.0712891 0.0996094 0.0722656 0.100586 0.0732422 0.101562 0.0742188 0.102539 0.0771484 0.104492 0.078125 0.105469 0.0800781 0.104492 0.0820312 0.103516 0.0839844
0 0.00976562 0.185547 0.00683594 0.185547 0.00390625 0.179688 0.00585938 0.175781 0.00976562 0.175781 0.0117188 0.178711 0.0126953 0.182617
0 0.015625 0.189453 0.0107422 0.1875 0.00976562 0.180664 0.0126953 0.179688 0.0166016 0.180664 0.0195312 0.182617 0.0214844 0.185547 0.0214844 0.188477
0 0.0263672 0.195312 0.0214844 0.195312 0.0166016 0.189453 0.0195312 0.186523 0.0224609 0.182617 0.0273438 0.181641 0.03125 0.186523 0.03125 0.191406
0 0.0341797 0.199219 0.0283203 0.195312 0.0302734 0.19043 0.0341797 0.19043 0.0371094 0.192383 0.0380859 0.197266
0 0.0839844 0.206055 0.078125 0.203125 0.078125 0.198242 0.0830078 0.191406 0.0898438 0.191406 0.0908203 0.195312 0.0888672 0.202148
0 0.0791016 0.203125 0.0742188 0.208008 0.0703125 0.214844 0.0703125 0.219727 0.0751953 0.22168 0.0810547 0.219727 0.0820312 0.212891 0.0839844 0.205078
0 0.0449219 0.213867 0.0390625 0.21582 0.0341797 0.216797 0.0322266 0.211914 0.0332031 0.208008 0.0361328 0.207031 0.0361328 0.203125 0.0400391 0.203125 0.0439453 0.205078 0.0458984 0.208008 0.0498047 0.211914
0 0.0546875 0.219727 0.0507812 0.219727 0.0488281 0.216797 0.0517578 0.212891 0.0585938 0.213867 0.0625 0.213867 0.0625 0.214844 0.0654297 0.21582 0.0664062 0.217773 0.0664062 0.220703 0.0654297 0.224609 0.0595703 0.228516 0.0546875 0.225586 0.0537109 0.22168
0 0.0136719 0.253906 0.0117188 0.249023 0.0136719 0.246094 0.0175781 0.244141 0.0224609 0.245117 0.0234375 0.251953 0.0205078 0.253906 0.0136719 0.255859
0 0.0136719 0.267578 0.00878906 0.267578 0.00683594 0.264648 0.00683594 0.259766 0.00976562 0.256836 0.0146484 0.258789 0.015625 0.262695
0 0.0322266 0.277344 0.0273438 0.276367 0.0234375 0.273438 0.0205078 0.269531 0.0205078 0.264648 0.0224609 0.264648 0.0263672 0.265625 0.0283203 0.269531 0.0332031 0.269531 0.0371094 0.269531 0.0390625 0.272461 0.0419922 0.272461 0.0439453 0.274414 0.0429688 0.27832 0.0439453 0.280273 0.0429688 0.283203 0.0390625 0.285156 0.0341797 0.28125
0 0.0849609 0.261719 0.0820312 0.261719 0.0820312 0.257812 0.0800781 0.255859 0.0800781 0.253906 0.0820312 0.250977 0.0859375 0.25 0.0908203 0.25 0.0927734 0.251953 0.0957031 0.255859 0.0966797 0.258789 0.0957031 0.262695 0.0947266 0.265625 0.0908203 0.266602 0.0878906 0.264648
0 0.0585938 0.260742 0.0537109 0.258789 0.0537109 0.253906 0.0576172 0.250977 0.0625 0.251953 0.0644531 0.256836 0.0615234 0.259766
0 0.0634766 0.25293 0.0595703 0.25293 0.0576172 0.25 0.0576172 0.245117 0.0615234 0.243164 0.0644531 0.244141 0.0664062 0.24707 0.0664062 0.251953
0 0.0771484 0.236328 0.0722656 0.238281 0.0683594 0.235352 0.0673828 0.231445 0.0693359 0.228516 0.0722656 0.227539 0.0693359 0.225586 0.0742188 0.223633 0.0771484 0.224609 0.0791016 0.226562 0.0800781 0.231445
0 0.0820312 0.228516 0.0791016 0.228516 0.0771484 0.231445 0.0791016 0.234375 0.0810547 0.237305 0.0830078 0.240234 0.0878906 0.239258 0.0917969 0.239258 0.0888672 0.242188 0.0908203 0.245117 0.0966797 0.245117 0.0976562 0.242188 0.0996094 0.238281 0.101562 0.237305 0.100586 0.234375 0.0986328 0.232422 0.0947266 0.231445 0.0927734 0.230469 0.0888672 0.229492 0.0869141 0.227539
0 0.0878906 0.22168 0.0830078 0.223633 0.0800781 0.22168 0.0800781 0.21875 0.0830078 0.21582 0.0869141 0.21582 0.0898438 0.21875
0 0.0947266 0.224609 0.0917969 0.219727 0.0917969 0.216797 0.09375 0.214844 0.0966797 0.216797 0.0996094 0.216797 0.0996094 0.219727 0.100586 0.222656 0.0986328 0.224609
0 0.0908203 0.228516 0.0849609 0.228516 0.0839844 0.224609 0.0849609 0.219727 0.0888672 0.219727 0.0917969 0.220703 0.09375 0.222656 0.09375 0.225586
0 0.102539 0.248047 0.0966797 0.242188 0.0976562 0.237305 0.101562 0.235352 0.106445 0.237305 0.109375 0.241211 0.110352 0.246094 0.108398 0.249023
0 0.116211 0.254883 0.108398 0.25293 0.106445 0.246094 0.108398 0.243164 0.110352 0.242188 0.115234 0.242188 0.119141 0.245117 0.121094 0.248047 0.12207 0.25293 0.120117 0.256836
0 0.12207 0.259766 0.118164 0.253906 0.118164 0.250977 0.120117 0.25 0.123047 0.249023 0.128906 0.250977 0.134766 0.254883 0.135742 0.259766 0.132812 0.261719 0.125977 0.261719
0 0.142578 0.269531 0.138672 0.271484 0.131836 0.271484 0.129883 0.268555 0.131836 0.260742 0.136719 0.260742 0.141602 0.259766 0.146484 0.259766 0.152344 0.261719 0.15332 0.263672 0.15625 0.265625 0.158203 0.269531 0.15625 0.273438 0.15332 0.275391 0.150391 0.277344 0.144531 0.277344 0.140625 0.273438
0 0.157227 0.28125 0.15332 0.28125 0.151367 0.277344 0.151367 0.274414 0.15625 0.271484 0.160156 0.270508 0.161133 0.273438 0.163086 0.277344 0.15918 0.279297
0 0.163086 0.28418 0.15918 0.283203 0.157227 0.280273 0.161133 0.276367 0.161133 0.272461 0.165039 0.272461 0.166992 0.274414 0.166992 0.279297 0.166016 0.283203
0 0.169922 0.288086 0.166016 0.287109 0.164062 0.282227 0.165039 0.277344 0.167969 0.273438 0.172852 0.273438 0.174805 0.27832 0.175781 0.283203
0 0.177734 0.291992 0.172852 0.289062 0.170898 0.28418 0.172852 0.280273 0.177734 0.27832 0.182617 0.280273 0.182617 0.286133 0.182617 0.288086
0 0 0.356445 0.00585938 0.356445 0.0078125 0.351562 0.0117188 0.348633 0.0166016 0.339844 0.015625 0.334961 0.015625 0.330078 0.0126953 0.325195 0.00878906 0.321289 0.00390625 0.321289 0 0.317383
0 0.00683594 0.351562 0.00488281 0.357422 0.00683594 0.361328 0.0117188 0.364258 0.015625 0.360352 0.0195312 0.351562 0.0175781 0.34668 0.0126953 0.344727
0 0.0214844 0.37793 0.015625 0.375 0.0166016 0.370117 0.0214844 0.368164 0.0263672 0.368164 0.0302734 0.37207 0.03125 0.376953 0.0273438 0.380859 0.0224609 0.382812
0 0.0273438 0.390625 0.0224609 0.388672 0.0224609 0.383789 0.0244141 0.378906 0.0292969 0.380859 0.03125 0.385742
0 0.0263672 0.40918 0.0214844 0.410156 0.0185547 0.40625 0.0185547 0.401367 0.0234375 0.398438 0.0273438 0.402344
0 0.0302734 0.420898 0.0263672 0.418945 0.0253906 0.414062 0.0292969 0.410156 0.0341797 0.411133 0.0361328 0.416016
0 0.0429688 0.40625 0.0380859 0.40625 0.0351562 0.402344 0.0351562 0.396484 0.0390625 0.393555 0.0419922 0.389648 0.0478516 0.388672 0.0527344 0.391602 0.0566406 0.394531 0.0556641 0.398438 0.0585938 0.40332 0.0566406 0.407227 0.0517578 0.408203 0.0498047 0.40625 0.0478516 0.407227
0 0.09375 0.43457 0.0878906 0.433594 0.0830078 0.430664 0.0810547 0.425781 0.0810547 0.420898 0.0839844 0.416992 0.0888672 0.415039 0.0996094 0.414062 0.104492 0.416992 0.108398 0.420898 0.108398 0.425781 0.103516 0.427734 0.0996094 0.428711 0.0966797 0.431641
0 0.110352 0.453125 0.106445 0.453125 0.100586 0.451172 0.103516 0.446289 0.108398 0.445312 0.113281 0.446289 0.117188 0.450195 0.114258 0.453125
0 0.118164 0.464844 0.114258 0.462891 0.114258 0.458984 0.117188 0.458008 0.120117 0.458984 0.121094 0.461914 0.120117 0.464844
0 0.0751953 0.464844 0.0712891 0.461914 0.0722656 0.457031 0.0771484 0.458984 0.0810547 0.462891 0.078125 0.46582
0 0.154297 0.463867 0.149414 0.462891 0.148438 0.456055 0.151367 0.450195 0.157227 0.449219 0.160156 0.453125 0.158203 0.458984
0 0.15918 0.473633 0.151367 0.473633 0.146484 0.466797 0.151367 0.461914 0.157227 0.456055 0.164062 0.459961 0.166016 0.46582
0 0.172852 0.486328 0.166992 0.479492 0.167969 0.470703 0.172852 0.46875 0.177734 0.474609 0.177734 0.481445 0.177734 0.486328
0 0.178711 0.489258 0.174805 0.482422 0.176758 0.476562 0.181641 0.477539 0.185547 0.484375 0.189453 0.488281 0.191406 0.493164 0.182617 0.498047 0.176758 0.496094
0 0 0.555664 0.00585938 0.549805 0.00585938 0.544922 0.00292969 0.541016 0 0.541992
0 0.277344 0.0820312 0.272461 0.0859375 0.266602 0.0800781 0.263672 0.0751953 0.263672 0.0703125 0.264648 0.0654297 0.268555 0.0615234 0.273438 0.0605469 0.27832 0.0625 0.28125 0.0664062 0.28418 0.0712891 0.28418 0.0771484 0.28125 0.0810547
0 0.0644531 0.208984 0.0576172 0.208008 0.0527344 0.206055 0.0507812 0.201172 0.0527344 0.196289 0.0566406 0.194336 0.0605469 0.191406 0.0654297 0.191406 0.0703125 0.191406 0.0751953 0.192383 0.0771484 0.198242 0.0732422 0.201172 0.0712891 0.206055
0 0.0722656 0.191406 0.0654297 0.191406 0.0634766 0.1875 0.0664062 0.182617 0.0722656 0.18457 0.0751953 0.188477
0 0.0224609 0.245117 0.0185547 0.245117 0.0195312 0.240234 0.0214844 0.236328 0.0214844 0.232422 0.0244141 0.230469 0.0253906 0.226562 0.03125 0.223633 0.0341797 0.229492 0.0341797 0.229492 0.0322266 0.235352 0.0283203 0.239258 0.0283203 0.244141
0 0.0517578 0.280273 0.0478516 0.279297 0.0429688 0.279297 0.0410156 0.28418 0.0449219 0.287109 0.0498047 0.288086 0.0546875 0.291016 0.0576172 0.293945 0.0615234 0.295898 0.0673828 0.298828 0.0703125 0.295898 0.0703125 0.291992 0.0693359 0.291016 0.0712891 0.287109 0.0654297 0.283203 0.0605469 0.286133 0.0556641 0.286133
0 0.0810547 0.302734 0.0761719 0.304688 0.0722656 0.301758 0.0683594 0.297852 0.0693359 0.292969 0.0742188 0.291992 0.0791016 0.293945 0.0810547 0.291992 0.0839844 0.291992 0.0878906 0.294922 0.0859375 0.298828
0 0.0878906 0.308594 0.0830078 0.306641 0.0820312 0.301758 0.0839844 0.296875 0.0888672 0.296875 0.09375 0.298828 0.0947266 0.303711 0.09375 0.306641 0.0917969 0.30957
0 0.0986328 0.314453 0.09375 0.31543 0.0917969 0.310547 0.0957031 0.306641 0.0986328 0.30957 0.0996094 0.3125
0 0.107422 0.320312 0.101562 0.319336 0.0986328 0.31543 0.0996094 0.30957 0.103516 0.306641 0.108398 0.306641 0.113281 0.308594 0.114258 0.314453
0 0.118164 0.325195 0.112305 0.326172 0.109375 0.322266 0.107422 0.319336 0.110352 0.314453 0.115234 0.313477 0.119141 0.314453 0.120117 0.317383 0.120117 0.323242
0 0.125977 0.331055 0.120117 0.328125 0.118164 0.323242 0.119141 0.318359 0.124023 0.316406 0.128906 0.319336 0.132812 0.323242 0.130859 0.328125
0 0.137695 0.334961 0.131836 0.333984 0.12793 0.330078 0.12793 0.325195 0.132812 0.323242 0.137695 0.322266 0.143555 0.324219 0.147461 0.328125 0.150391 0.332031 0.146484 0.335938 0.141602 0.337891
0 0.15332 0.344727 0.148438 0.34375 0.143555 0.341797 0.141602 0.336914 0.143555 0.332031 0.148438 0.331055 0.15332 0.333008 0.15625 0.337891 0.15625 0.341797
0 0.194336 0.461914 0.189453 0.459961 0.191406 0.455078 0.194336 0.451172 0.199219 0.454102 0.200195 0.458984
0 0.208984 0.495117 0.204102 0.493164 0.204102 0.488281 0.207031 0.484375 0.211914 0.487305 0.212891 0.493164
0 0.206055 0.505859 0.200195 0.505859 0.199219 0.500977 0.204102 0.5 0.208008 0.49707 0.209961 0.500977
0 0.165039 0.478516 0.162109 0.474609 0.166992 0.47168 0.170898 0.474609 0.170898 0.479492 0.166992 0.480469
0 0.0996094 0.521484 0.0947266 0.519531 0.0957031 0.514648 0.0996094 0.511719 0.105469 0.513672 0.105469 0.518555
0 0.118164 0.517578 0.114258 0.513672 0.116211 0.508789 0.120117 0.505859 0.125 0.507812 0.12793 0.511719 0.125977 0.513672
0 0.0917969 0.53418 0.0878906 0.537109 0.0830078 0.537109 0.0839844 0.53418 0.0869141 0.533203 0.0898438 0.52832 0.0917969 0.524414 0.0957031 0.525391 0.0976562 0.530273
0 0.0234375 0.567383 0.0195312 0.564453 0.0185547 0.560547 0.0224609 0.558594 0.0263672 0.560547 0.0273438 0.564453
0 0.0214844 0.566406 0.0185547 0.570312 0.0136719 0.571289 0.0126953 0.568359 0.0136719 0.56543 0.0175781 0.563477 0.0205078 0.561523 0.0224609 0.564453
0 0.0185547 0.145508 0.0136719 0.144531 0.0107422 0.140625 0.00878906 0.135742 0.0136719 0.135742 0.0185547 0.138672
0 0.0458984 0.172852 0.0410156 0.171875 0.0419922 0.166992 0.0458984 0.163086 0.0488281 0.167969
0 0.106445 0.191406 0.102539 0.188477 0.104492 0.183594 0.109375 0.185547 0.113281 0.189453 0.112305 0.193359
0 0.34668 0.0927734 0.34082 0.0917969 0.338867 0.0859375 0.34375 0.0839844 0.348633 0.0839844 0.351562 0.0888672
1 0.360352 0.108398 0.363281 0.104492 0.365234 0.101562 0.363281 0.0976562 0.364258 0.09375 0.368164 0.0947266 0.37207 0.0996094 0.37207 0.105469 0.369141 0.111328 0.369141 0.111328 0.370117 0.114258 0.366211 0.120117 0.362305 0.117188 0.361328 0.123047 0.358398 0.126953 0.355469 0.130859 0.350586 0.12793 0.34668 0.12793 0.341797 0.12793 0.341797 0.12793 0.338867 0.125 0.342773 0.12207 0.345703 0.12207 0.345703 0.116211 0.34668 0.113281 0.351562 0.111328 0.354492 0.108398
0 0.351562 0.12793 0.348633 0.131836 0.344727 0.138672 0.352539 0.139648 0.356445 0.135742 0.355469 0.128906
1 0.344727 0.138672 0.34082 0.143555 0.34082 0.147461 0.336914 0.151367 0.333008 0.154297 0.329102 0.160156 0.323242 0.162109 0.325195 0.168945 0.326172 0.174805 0.332031 0.176758 0.334961 0.171875 0.334961 0.166992 0.339844 0.168945 0.344727 0.169922 0.344727 0.162109 0.341797 0.157227 0.347656 0.161133 0.348633 0.154297 0.348633 0.150391 0.352539 0.152344 0.355469 0.146484 0.352539 0.141602
0 0.382812 0.0927734 0.376953 0.0947266 0.37207 0.0927734 0.369141 0.0888672 0.371094 0.0839844 0.376953 0.0839844 0.380859 0.0869141
0 0.410156 0.138672 0.404297 0.139648 0.400391 0.134766 0.400391 0.129883 0.402344 0.119141 0.407227 0.117188 0.412109 0.117188 0.416016 0.121094 0.417969 0.125977 0.417969 0.130859 0.414062 0.134766
0 0.359375 0.205078 0.359375 0.199219 0.364258 0.199219 0.368164 0.195312 0.37207 0.199219 0.375 0.204102 0.375 0.209961 0.37207 0.213867 0.367188 0.21582 0.362305 0.213867 0.362305 0.208984
0 0.378906 0.224609 0.374023 0.223633 0.37207 0.21875 0.375977 0.21582 0.379883 0.211914 0.384766 0.211914 0.387695 0.21582 0.387695 0.220703 0.384766 0.225586
0 0.389648 0.233398 0.384766 0.230469 0.387695 0.226562 0.392578 0.226562 0.394531 0.231445 0.394531 0.236328 0.392578 0.240234 0.388672 0.240234 0.386719 0.236328
0 0.475586 0.217773 0.47168 0.214844 0.470703 0.209961 0.472656 0.205078 0.474609 0.201172 0.479492 0.200195 0.483398 0.203125 0.483398 0.208008 0.483398 0.212891 0.478516 0.21582
0 0.484375 0.220703 0.482422 0.217773 0.486328 0.214844 0.489258 0.217773 0.487305 0.220703
0 0.320312 0.0175781 0.316406 0.015625 0.319336 0.0117188 0.324219 0.0126953 0.326172 0.0117188 0.329102 0.0136719 0.329102 0.0166016 0.326172 0.0205078 0.324219 0.0224609 0.321289 0.0205078
0 0.519531 0.0634766 0.518555 0.0712891 0.515625 0.0761719 0.512695 0.0800781 0.509766 0.0839844 0.504883 0.0859375 0.494141 0.0878906 0.496094 0.0927734 0.500977 0.0947266 0.505859 0.0966797 0.508789 0.0927734 0.511719 0.0888672 0.515625 0.0849609 0.519531 0.0820312 0.522461 0.078125 0.524414 0.0732422 0.524414 0.0683594 0.526367 0.0634766
0 0.207031 0.297852 0.202148 0.299805 0.201172 0.294922 0.203125 0.290039 0.208984 0.289062 0.210938 0.293945
0 0.21582 0.292969 0.208984 0.292969 0.207031 0.288086 0.209961 0.28418 0.210938 0.28418 0.213867 0.286133 0.21582 0.288086
0 0.015625 0.613281 0.0107422 0.614258 0.00683594 0.612305 0.00683594 0.607422 0.0117188 0.605469 0.0146484 0.607422
0 0.0214844 0.612305 0.015625 0.612305 0.0136719 0.607422 0.015625 0.604492 0.0195312 0.607422 0.0224609 0.609375
0 0 0.606445 0.00488281 0.609375 0.00683594 0.614258 0.00683594 0.619141 0.00390625 0.623047 0 0.626953
0 0.0136719 0.637695 0.0107422 0.633789 0.0126953 0.628906 0.015625 0.62793 0.0175781 0.630859 0.0175781 0.634766
0 0.0166016 0.626953 0.0136719 0.623047 0.0146484 0.620117 0.0195312 0.620117 0.0205078 0.625
0 0 0.665039 0.00390625 0.666992 0.00878906 0.666016 0.00878906 0.661133 0.00683594 0.65918 0.00390625 0.65918 0.00292969 0.661133 0 0.660156
0 0.0380859 0.662109 0.0332031 0.660156 0.0351562 0.655273 0.0400391 0.657227 0.0429688 0.657227 0.0429688 0.661133 0.0410156 0.663086
0 0.0498047 0.671875 0.0439453 0.671875 0.0400391 0.667969 0.0410156 0.663086 0.0458984 0.661133 0.0507812 0.662109 0.0537109 0.666016 0.0527344 0.669922
0 0.0595703 0.671875 0.0537109 0.670898 0.0517578 0.666016 0.0566406 0.665039 0.0615234 0.663086 0.0625 0.665039 0.0634766 0.666992 0.0634766 0.669922
0 0.0507812 0.657227 0.046875 0.654297 0.0478516 0.649414 0.0507812 0.646484 0.0527344 0.647461 0.0537109 0.650391 0.0556641 0.65332 0.0546875 0.65625
0 0 0.732422 0.00488281 0.735352 0.00683594 0.740234 0.00292969 0.744141 0 0.745117
0 0.0234375 0.742188 0.0205078 0.738281 0.015625 0.740234 0.0136719 0.743164 0.015625 0.749023 0.0166016 0.751953 0.0205078 0.754883 0.0253906 0.751953 0.0253906 0.74707
0 0.0263672 0.739258 0.0224609 0.743164 0.0234375 0.748047 0.0263672 0.75293 0.03125 0.753906 0.0400391 0.750977 0.0390625 0.746094 0.0351562 0.742188 0.0322266 0.741211 0.0292969 0.740234
0 0.0244141 0.726562 0.0195312 0.723633 0.0195312 0.71875 0.0185547 0.716797 0.0195312 0.712891 0.0224609 0.711914 0.0244141 0.714844 0.0283203 0.712891 0.0292969 0.71582 0.0283203 0.720703 0.0292969 0.723633
0 0.0390625 0.708984 0.0361328 0.704102 0.0400391 0.701172 0.0449219 0.702148 0.046875 0.707031 0.0439453 0.709961
1 0.0400391 0.730469 0.0351562 0.725586 0.0332031 0.720703 0.0371094 0.717773 0.0390625 0.713867 0.0458984 0.713867 0.0478516 0.710938 0.0517578 0.710938 0.0537109 0.713867 0.0537109 0.717773 0.0517578 0.719727 0.0527344 0.725586 0.0546875 0.730469 0.0498047 0.733398 0.0449219 0.735352 0.0419922 0.732422
0 0.0605469 0.699219 0.0556641 0.698242 0.0576172 0.694336 0.0595703 0.694336 0.0625 0.694336 0.0644531 0.696289 0.0634766 0.698242
0 0.0488281 0.699219 0.0458984 0.699219 0.0439453 0.697266 0.0458984 0.695312 0.0478516 0.694336 0.0507812 0.695312 0.0507812 0.698242
0 0.0722656 0.702148 0.0683594 0.699219 0.0683594 0.696289 0.0722656 0.695312 0.0751953 0.693359 0.0771484 0.695312 0.0791016 0.696289 0.0810547 0.697266 0.0810547 0.701172 0.078125 0.703125
0 0.0224609 0.761719 0.0185547 0.761719 0.0185547 0.758789 0.0205078 0.754883 0.0234375 0.753906 0.0253906 0.755859 0.0253906 0.759766
0 0.0234375 0.775391 0.0214844 0.773438 0.0214844 0.769531 0.0234375 0.767578 0.0263672 0.767578 0.0273438 0.771484 0.0263672 0.774414
0 0.0175781 0.765625 0.015625 0.763672 0.015625 0.760742 0.0175781 0.758789 0.0185547 0.759766 0.0214844 0.760742 0.0214844 0.763672 0.0205078 0.765625
0 0.0107422 0.8125 0.00878906 0.810547 0.00683594 0.806641 0.00878906 0.802734 0.0136719 0.803711 0.0175781 0.807617 0.0185547 0.8125 0.0175781 0.817383 0.0136719 0.820312 0.00976562 0.816406
0 0.0224609 0.870117 0.0185547 0.867188 0.0166016 0.862305 0.0214844 0.860352 0.0244141 0.856445 0.0292969 0.859375 0.0341797 0.860352 0.0351562 0.863281 0.0390625 0.867188 0.0351562 0.870117 0.0302734 0.871094
0 0.0107422 0.836914 0.00585938 0.834961 0.00585938 0.830078 0.00488281 0.826172 0.00683594 0.823242 0.00976562 0.823242 0.0107422 0.825195 0.0126953 0.825195 0.0146484 0.825195 0.015625 0.829102 0.0136719 0.831055 0.0136719 0.833984
0 0.0263672 0.830078 0.0224609 0.830078 0.0214844 0.827148 0.0234375 0.824219 0.0263672 0.825195 0.0273438 0.827148
0 0.0253906 0.922852 0.0224609 0.918945 0.0185547 0.918945 0.0195312 0.916016 0.0205078 0.914062 0.0234375 0.915039 0.0224609 0.911133 0.0253906 0.910156 0.0283203 0.90918 0.0322266 0.914062 0.0322266 0.916016 0.0341797 0.916992 0.0351562 0.916992 0.0351562 0.919922 0.0322266 0.920898 0.0292969 0.920898 0.0302734 0.921875
0 0.046875 0.921875 0.0429688 0.924805 0.0380859 0.924805 0.0351562 0.920898 0.0341797 0.916016 0.0371094 0.912109 0.0419922 0.910156 0.0458984 0.913086 0.0478516 0.916016
0 0.0517578 0.921875 0.046875 0.919922 0.0449219 0.916016 0.0439453 0.910156 0.0488281 0.911133 0.0566406 0.910156 0.0585938 0.913086 0.0595703 0.916992 0.0585938 0.920898 0.0546875 0.922852
0 0.0625 0.918945 0.0585938 0.916016 0.0595703 0.911133 0.0634766 0.910156 0.0673828 0.913086 0.0664062 0.916016
0 0.0712891 0.916016 0.0664062 0.915039 0.0664062 0.910156 0.0703125 0.90625 0.0742188 0.90918 0.0761719 0.914062 0.0742188 0.916992
0 0.0625 0.896484 0.0585938 0.898438 0.0527344 0.897461 0.0537109 0.894531 0.0566406 0.893555 0.0537109 0.890625 0.0556641 0.887695 0.0595703 0.886719 0.0634766 0.887695 0.0673828 0.889648 0.0693359 0.895508 0.0703125 0.897461 0.0693359 0.899414 0.0654297 0.897461
0 0.0576172 0.938477 0.0537109 0.936523 0.0527344 0.931641 0.0527344 0.925781 0.0546875 0.920898 0.0595703 0.920898 0.0615234 0.926758 0.0595703 0.931641 0.0595703 0.936523
0 0.0664062 0.938477 0.0595703 0.9375 0.0585938 0.932617 0.0595703 0.927734 0.0654297 0.927734 0.0683594 0.931641
0 0.0703125 0.928711 0.0654297 0.927734 0.0644531 0.922852 0.0654297 0.919922 0.0693359 0.919922 0.0732422 0.923828 0.0722656 0.927734
0 0.0771484 0.929688 0.0722656 0.927734 0.0712891 0.921875 0.0761719 0.919922 0.0810547 0.920898 0.0839844 0.924805 0.0839844 0.929688
0 0.0771484 0.920898 0.0722656 0.921875 0.0693359 0.917969 0.0703125 0.913086 0.0751953 0.914062 0.078125 0.916016
1 0.0800781 0.947266 0.0742188 0.945312 0.0712891 0.941406 0.0693359 0.936523 0.0703125 0.930664 0.0722656 0.925781 0.078125 0.925781 0.0830078 0.928711 0.0849609 0.933594 0.0849609 0.938477 0.0888672 0.942383 0.0898438 0.947266 0.0869141 0.952148
0 0 0.938477 0.00585938 0.936523 0.00976562 0.933594 0.00878906 0.927734 0.00585938 0.923828 0 0.916016 0 0.932617 0 0.936523
0 0.0195312 0.999023 0.0146484 0.99707 0.0146484 0.992188 0.0175781 0.989258 0.0214844 0.991211 0.0224609 0.995117
0 0 0.966797 0.00390625 0.963867 0.00488281 0.958984 0.00878906 0.957031 0.00976562 0.952148 0.00683594 0.948242 0.0117188 0.945312 0.00976562 0.94043 0.00390625 0.94043 0 0.9375
0 0.0292969 1 0.0322266 0.996094 0.0371094 0.995117 0.0390625 0.993164 0.0429688 0.995117 0.0439453 0.99707 0.046875 1
0 0.0546875 1 0.0556641 0.995117 0.0556641 0.990234 0.0566406 0.987305 0.0605469 0.987305 0.0644531 0.989258 0.0664062 0.991211 0.0683594 0.994141 0.0673828 0.99707 0.0634766 1
0 0.0820312 0.915039 0.0761719 0.916992 0.0751953 0.912109 0.0791016 0.90918 0.0820312 0.911133
0 0.112305 0.995117 0.107422 0.99707 0.103516 0.993164 0.101562 0.988281 0.105469 0.984375 0.110352 0.986328 0.114258 0.989258 0.117188 0.992188
0 0.118164 1 0.114258 0.99707 0.112305 0.992188 0.114258 0.987305 0.118164 0.983398 0.120117 0.985352 0.123047 0.984375 0.126953 0.986328 0.128906 0.987305 0.128906 0.991211 0.126953 0.994141 0.125 0.996094 0.125 1
0 0.133789 0.986328 0.130859 0.981445 0.130859 0.975586 0.132812 0.972656 0.137695 0.973633 0.141602 0.976562 0.142578 0.979492 0.143555 0.983398 0.139648 0.986328
0 0.142578 0.999023 0.139648 0.99707 0.140625 0.992188 0.144531 0.991211 0.148438 0.993164 0.149414 0.995117 0.149414 0.998047
0 0.144531 1 0.146484 0.99707 0.148438 0.996094 0.150391 0.994141 0.152344 0.996094 0.154297 0.998047 0.154297 1
0 0.165039 1 0.162109 0.996094 0.162109 0.993164 0.164062 0.992188 0.165039 0.988281 0.162109 0.986328 0.162109 0.982422 0.165039 0.982422 0.166016 0.979492 0.167969 0.980469 0.168945 0.982422 0.170898 0.984375 0.170898 0.988281 0.169922 0.991211 0.172852 0.993164 0.173828 0.99707 0.173828 1
0 0.141602 0.957031 0.134766 0.954102 0.134766 0.948242 0.138672 0.945312 0.143555 0.945312 0.146484 0.949219 0.146484 0.954102
0 0.15332 0.955078 0.149414 0.952148 0.146484 0.947266 0.150391 0.943359 0.15332 0.9375 0.157227 0.936523 0.160156 0.938477 0.161133 0.941406 0.161133 0.947266 0.162109 0.951172 0.161133 0.954102 0.157227 0.955078
0 0.12793 0.962891 0.125 0.959961 0.123047 0.955078 0.125 0.954102 0.124023 0.949219 0.126953 0.944336 0.130859 0.943359 0.134766 0.945312 0.136719 0.947266 0.137695 0.951172 0.136719 0.955078 0.134766 0.958984 0.134766 0.962891
1 0.134766 0.93457 0.130859 0.939453 0.125977 0.9375 0.124023 0.932617 0.124023 0.927734 0.12207 0.924805 0.125 0.920898 0.125 0.917969 0.126953 0.916016 0.130859 0.916992 0.132812 0.916016 0.137695 0.916016 0.138672 0.918945 0.138672 0.921875 0.137695 0.924805 0.141602 0.922852 0.144531 0.926758 0.145508 0.930664 0.144531 0.935547 0.139648 0.936523 0.139648 0.936523
0 0.152344 0.93457 0.149414 0.933594 0.148438 0.929688 0.150391 0.926758 0.152344 0.923828 0.149414 0.919922 0.146484 0.918945 0.146484 0.915039 0.151367 0.915039 0.154297 0.916992 0.158203 0.920898 0.158203 0.925781 0.158203 0.930664 0.15625 0.932617
0 0.114258 0.94043 0.109375 0.938477 0.108398 0.933594 0.111328 0.929688 0.115234 0.929688 0.116211 0.933594 0.118164 0.935547 0.120117 0.936523 0.121094 0.939453 0.118164 0.941406
0 0.0419922 0.789062 0.0380859 0.785156 0.0410156 0.78125 0.0449219 0.78418 0.0439453 0.787109
0 0.0302734 0.786133 0.0253906 0.78418 0.0234375 0.779297 0.0283203 0.777344 0.0322266 0.780273 0.0332031 0.783203 0.0371094 0.783203 0.0361328 0.787109 0.0332031 0.789062
0 0.0664062 0.767578 0.0615234 0.765625 0.0595703 0.760742 0.0634766 0.757812 0.0693359 0.756836 0.0742188 0.759766 0.0742188 0.765625
0 0.0820312 0.767578 0.0751953 0.765625 0.0722656 0.762695 0.0761719 0.758789 0.0810547 0.757812 0.0859375 0.761719 0.0859375 0.766602
0 0.0888672 0.799805 0.0888672 0.792969 0.0908203 0.791016 0.0908203 0.787109 0.09375 0.786133 0.0976562 0.790039 0.0976562 0.794922 0.0957031 0.798828 0.0927734 0.798828
1 0.106445 0.804688 0.101562 0.802734 0.0966797 0.802734 0.100586 0.797852 0.103516 0.793945 0.103516 0.789062 0.102539 0.78418 0.103516 0.779297 0.106445 0.775391 0.104492 0.769531 0.108398 0.766602 0.113281 0.765625 0.117188 0.762695 0.12207 0.765625 0.124023 0.770508 0.123047 0.775391 0.126953 0.77832 0.131836 0.780273 0.132812 0.785156 0.128906 0.788086 0.123047 0.788086 0.125 0.792969 0.123047 0.797852 0.118164 0.799805 0.114258 0.802734
0 0.145508 0.816406 0.140625 0.811523 0.140625 0.806641 0.145508 0.803711 0.150391 0.805664 0.151367 0.810547
1 0.158203 0.770508 0.151367 0.768555 0.149414 0.763672 0.152344 0.759766 0.154297 0.755859 0.150391 0.751953 0.152344 0.74707 0.157227 0.748047 0.162109 0.75 0.166992 0.75293 0.166992 0.758789 0.164062 0.762695 0.165039 0.767578 0.162109 0.771484
0 0.160156 0.749023 0.154297 0.749023 0.150391 0.745117 0.148438 0.740234 0.152344 0.736328 0.157227 0.737305 0.162109 0.739258 0.164062 0.745117
1 0.160156 0.738281 0.155273 0.739258 0.150391 0.737305 0.145508 0.738281 0.141602 0.735352 0.142578 0.729492 0.140625 0.724609 0.140625 0.719727 0.145508 0.71875 0.148438 0.723633 0.15332 0.730469 0.158203 0.727539 0.158203 0.727539 0.162109 0.730469 0.162109 0.735352
0 0.158203 0.727539 0.152344 0.729492 0.148438 0.725586 0.146484 0.720703 0.148438 0.71582 0.15332 0.714844 0.158203 0.716797 0.160156 0.72168
0 0.149414 0.71875 0.143555 0.719727 0.139648 0.71582 0.139648 0.710938 0.142578 0.706055 0.145508 0.702148 0.150391 0.703125 0.155273 0.704102 0.157227 0.708984 0.157227 0.713867 0.155273 0.71875
0 0.168945 0.735352 0.164062 0.734375 0.15918 0.732422 0.158203 0.726562 0.162109 0.723633 0.166992 0.725586 0.170898 0.722656 0.174805 0.727539 0.174805 0.732422
0 0.141602 0.707031 0.136719 0.707031 0.133789 0.702148 0.136719 0.698242 0.141602 0.698242 0.144531 0.705078
0 0.118164 0.708008 0.113281 0.708984 0.108398 0.708984 0.104492 0.705078 0.106445 0.700195 0.111328 0.700195 0.116211 0.698242 0.121094 0.698242 0.125977 0.700195 0.129883 0.703125 0.129883 0.708008 0.125 0.708984
0 0.180664 0.735352 0.175781 0.732422 0.172852 0.728516 0.174805 0.723633 0.179688 0.72168 0.182617 0.725586 0.181641 0.730469
0 0.185547 0.75 0.178711 0.74707 0.178711 0.742188 0.182617 0.739258 0.18457 0.743164 0.186523 0.74707
0 0.1875 0.772461 0.176758 0.774414 0.172852 0.772461 0.172852 0.765625 0.177734 0.764648 0.188477 0.764648
1 0.198242 0.825195 0.195312 0.829102 0.19043 0.830078 0.185547 0.827148 0.180664 0.826172 0.177734 0.830078 0.172852 0.830078 0.168945 0.833984 0.164062 0.832031 0.164062 0.836914 0.163086 0.841797 0.163086 0.84668 0.164062 0.857422 0.160156 0.861328 0.15918 0.866211 0.154297 0.868164 0.155273 0.873047 0.158203 0.876953 0.164062 0.875 0.166992 0.87207 0.171875 0.876953 0.177734 0.875 0.182617 0.874023 0.185547 0.878906 0.186523 0.884766 0.186523 0.884766 0.191406 0.887695 0.196289 0.885742 0.199219 0.881836 0.204102 0.880859 0.209961 0.881836 0.214844 0.880859 0.21582 0.875977 0.213867 0.871094 0.212891 0.866211 0.213867 0.861328 0.211914 0.856445 0.211914 0.851562 0.211914 0.84668 0.208008 0.842773 0.205078 0.838867 0.203125 0.833984 0.203125 0.829102 0.201172 0.825195
0 0.114258 0.857422 0.111328 0.862305 0.106445 0.860352 0.106445 0.855469 0.113281 0.853516
0 0.113281 0.850586 0.109375 0.854492 0.106445 0.850586 0.103516 0.84668 0.106445 0.842773 0.111328 0.839844 0.112305 0.845703
0 0.112305 0.844727 0.109375 0.84082 0.105469 0.837891 0.108398 0.833984 0.113281 0.835938 0.118164 0.837891 0.118164 0.841797
0 0.102539 0.857422 0.0976562 0.858398 0.0927734 0.860352 0.0908203 0.855469 0.0947266 0.852539 0.100586 0.848633 0.103516 0.850586 0.105469 0.854492
0 0.0849609 0.860352 0.0800781 0.861328 0.0751953 0.860352 0.0732422 0.855469 0.078125 0.852539 0.0830078 0.854492 0.0878906 0.852539 0.0888672 0.856445
0 0.0625 0.873047 0.0556641 0.87207 0.0546875 0.867188 0.0576172 0.863281 0.0625 0.863281 0.0644531 0.867188
0 0.0703125 0.607422 0.0615234 0.607422 0.0576172 0.604492 0.0585938 0.599609 0.0625 0.595703 0.0673828 0.59375 0.0722656 0.59375 0.0761719 0.59668 0.078125 0.601562
0 0.0625 0.564453 0.0556641 0.564453 0.0556641 0.55957 0.0605469 0.556641 0.0654297 0.558594
0 0.09375 0.566406 0.0898438 0.561523 0.0917969 0.556641 0.0966797 0.558594 0.0986328 0.563477
0 0.116211 0.567383 0.111328 0.564453 0.107422 0.561523 0.104492 0.557617 0.108398 0.554688 0.113281 0.555664 0.118164 0.558594 0.124023 0.564453 0.123047 0.569336
1 0.121094 0.571289 0.116211 0.572266 0.113281 0.577148 0.115234 0.582031 0.120117 0.583984 0.123047 0.587891 0.12793 0.587891 0.137695 0.584961 0.137695 0.580078 0.137695 0.575195 0.135742 0.570312 0.133789 0.560547 0.129883 0.558594 0.125977 0.561523 0.123047 0.56543 0.125977 0.569336
0 0.101562 0.551758 0.102539 0.546875 0.105469 0.542969 0.105469 0.538086 0.110352 0.538086 0.113281 0.541992 0.114258 0.546875 0.119141 0.546875 0.12207 0.551758 0.119141 0.555664 0.115234 0.558594 0.110352 0.558594 0.105469 0.555664
0 0.567383 0.256836 0.55957 0.25 0.558594 0.244141 0.564453 0.237305 0.569336 0.237305 0.575195 0.238281 0.578125 0.243164 0.578125 0.248047 0.575195 0.25293
0 0.53418 0.31543 0.52832 0.310547 0.524414 0.306641 0.525391 0.301758 0.527344 0.296875 0.532227 0.294922 0.537109 0.296875 0.539062 0.301758 0.539062 0.306641 0.539062 0.3125
0 0.509766 0.308594 0.501953 0.304688 0.503906 0.298828 0.508789 0.296875 0.511719 0.300781
0 0.496094 0.330078 0.491211 0.326172 0.492188 0.321289 0.49707 0.320312 0.499023 0.326172
0 0.449219 0.296875 0.441406 0.294922 0.441406 0.290039 0.445312 0.286133 0.450195 0.286133 0.453125 0.290039
0 0.466797 0.292969 0.458008 0.295898 0.453125 0.294922 0.454102 0.290039 0.458008 0.287109 0.461914 0.283203 0.46582 0.274414 0.469727 0.270508 0.474609 0.270508 0.477539 0.275391 0.477539 0.28125 0.474609 0.285156 0.469727 0.289062
0 0.473633 0.294922 0.46875 0.294922 0.47168 0.289062 0.476562 0.279297 0.479492 0.274414 0.484375 0.277344 0.484375 0.282227 0.481445 0.286133 0.479492 0.291016
0 0.574219 0.183594 0.56543 0.180664 0.56543 0.175781 0.568359 0.170898 0.573242 0.169922 0.578125 0.171875 0.580078 0.176758
0 0.586914 0.206055 0.581055 0.202148 0.581055 0.197266 0.584961 0.193359 0.59082 0.196289 0.59375 0.200195 0.594727 0.206055
0 0.601562 0.277344 0.594727 0.275391 0.59375 0.270508 0.595703 0.265625 0.597656 0.260742 0.601562 0.256836 0.606445 0.256836 0.610352 0.260742 0.612305 0.265625 0.611328 0.270508
0 0.621094 0.216797 0.613281 0.219727 0.609375 0.222656 0.604492 0.220703 0.603516 0.214844 0.603516 0.209961 0.609375 0.208008 0.611328 0.203125 0.613281 0.197266 0.618164 0.197266 0.624023 0.196289 0.62793 0.200195 0.629883 0.207031 0.62793 0.211914
0 0.638672 0.222656 0.629883 0.219727 0.629883 0.214844 0.631836 0.209961 0.635742 0.206055 0.640625 0.206055 0.644531 0.209961 0.643555 0.214844
0 0.609375 0.202148 0.600586 0.199219 0.600586 0.194336 0.605469 0.186523 0.609375 0.19043 0.612305 0.197266
0 0.647461 0.239258 0.636719 0.238281 0.631836 0.238281 0.628906 0.233398 0.629883 0.228516 0.634766 0.226562 0.639648 0.226562 0.643555 0.230469 0.645508 0.225586 0.647461 0.220703 0.651367 0.21875 0.65625 0.220703 0.661133 0.217773 0.665039 0.22168 0.665039 0.226562 0.662109 0.231445 0.657227 0.233398 0.65332 0.236328
0 0.62793 0.25 0.621094 0.250977 0.618164 0.246094 0.62207 0.242188 0.626953 0.242188 0.630859 0.246094
0 0.646484 0.142578 0.639648 0.140625 0.639648 0.135742 0.644531 0.133789 0.649414 0.132812 0.651367 0.138672
0 0.646484 0.119141 0.643555 0.111328 0.646484 0.107422 0.652344 0.106445 0.65332 0.112305 0.65332 0.117188 0.652344 0.123047
0 0.698242 0.128906 0.692383 0.123047 0.695312 0.118164 0.700195 0.119141 0.705078 0.120117 0.705078 0.125977
0 0.689453 0.147461 0.682617 0.144531 0.681641 0.139648 0.686523 0.135742 0.692383 0.136719 0.692383 0.141602
0 0.726562 0.201172 0.722656 0.191406 0.727539 0.188477 0.732422 0.1875 0.736328 0.19043 0.737305 0.196289 0.735352 0.201172
0 0.678711 0.257812 0.666992 0.251953 0.662109 0.249023 0.658203 0.246094 0.65918 0.241211 0.664062 0.241211 0.668945 0.244141 0.673828 0.245117 0.683594 0.25 0.685547 0.254883 0.683594 0.259766
0 0.666992 0.28418 0.660156 0.282227 0.657227 0.27832 0.655273 0.273438 0.655273 0.268555 0.660156 0.268555 0.665039 0.270508 0.669922 0.272461 0.672852 0.277344
0 0.709961 0.319336 0.704102 0.313477 0.704102 0.308594 0.707031 0.304688 0.711914 0.305664 0.71582 0.308594 0.717773 0.313477
0 0.654297 0.206055 0.649414 0.200195 0.65332 0.196289 0.655273 0.194336 0.661133 0.195312 0.661133 0.201172
0 0.666992 0.176758 0.658203 0.172852 0.657227 0.166992 0.662109 0.162109 0.666016 0.166016 0.671875 0.170898
0 0.735352 0.111328 0.725586 0.105469 0.720703 0.101562 0.71875 0.0966797 0.717773 0.0917969 0.72168 0.0898438 0.727539 0.0908203 0.731445 0.0947266 0.737305 0.0957031 0.745117 0.102539 0.746094 0.112305 0.741211 0.114258
1 0.734375 0.0849609 0.72168 0.0839844 0.720703 0.078125 0.722656 0.0703125 0.728516 0.0712891 0.730469 0.0664062 0.731445 0.0605469 0.735352 0.0566406 0.739258 0.0537109 0.744141 0.0507812 0.749023 0.0517578 0.750977 0.0566406 0.751953 0.0615234 0.750977 0.0722656 0.751953 0.078125 0.75293 0.0830078 0.75 0.0869141 0.745117 0.0898438 0.740234 0.0878906
1 0.779297 0.0556641 0.772461 0.0517578 0.768555 0.0478516 0.762695 0.046875 0.756836 0.046875 0.754883 0.0419922 0.755859 0.0371094 0.758789 0.0332031 0.759766 0.0273438 0.762695 0.0224609 0.766602 0.0205078 0.772461 0.0205078 0.776367 0.0234375 0.780273 0.0263672 0.78125 0.0322266 0.774414 0.0351562 0.775391 0.0400391 0.779297 0.0429688 0.782227 0.0478516
0 0.78125 0.0917969 0.770508 0.0898438 0.770508 0.0839844 0.772461 0.0791016 0.777344 0.078125 0.78125 0.0820312 0.78418 0.0869141
0 0.775391 0.144531 0.766602 0.142578 0.766602 0.134766 0.771484 0.125 0.77832 0.128906 0.782227 0.131836 0.782227 0.137695
0 0.683594 0.185547 0.677734 0.18457 0.678711 0.179688 0.683594 0.177734 0.6875 0.180664
0 0.71582 0.195312 0.708984 0.194336 0.706055 0.19043 0.708984 0.185547 0.713867 0.185547 0.71875 0.188477
0 0.669922 0.205078 0.664062 0.201172 0.665039 0.195312 0.669922 0.191406 0.674805 0.194336 0.676758 0.200195
0 0.676758 0.180664 0.671875 0.181641 0.673828 0.176758 0.677734 0.175781 0.679688 0.179688
0 0.72168 0.255859 0.714844 0.250977 0.714844 0.245117 0.71875 0.242188 0.724609 0.244141 0.724609 0.249023
0 0.730469 0.234375 0.722656 0.228516 0.723633 0.22168 0.727539 0.217773 0.732422 0.21875 0.735352 0.223633 0.735352 0.229492
0 0.719727 0.22168 0.713867 0.21875 0.712891 0.213867 0.717773 0.211914 0.72168 0.214844
0 0.822266 0.296875 0.816406 0.294922 0.817383 0.290039 0.822266 0.288086 0.826172 0.291992
0 0.851562 0.295898 0.845703 0.291992 0.842773 0.288086 0.84668 0.285156 0.851562 0.287109 0.856445 0.288086 0.856445 0.293945
0 0.495117 0.262695 0.490234 0.259766 0.491211 0.253906 0.496094 0.250977 0.5 0.253906 0.5 0.258789
0 0.478516 0.25 0.473633 0.248047 0.47168 0.243164 0.476562 0.241211 0.479492 0.245117
0 0.583984 0.326172 0.579102 0.321289 0.578125 0.31543 0.581055 0.311523 0.585938 0.30957 0.589844 0.313477 0.591797 0.318359 0.589844 0.323242
0 0.571289 0.34082 0.566406 0.337891 0.566406 0.332031 0.570312 0.329102 0.575195 0.330078 0.578125 0.334961 0.577148 0.339844
0 0.591797 0.363281 0.584961 0.357422 0.583008 0.352539 0.583008 0.347656 0.584961 0.342773 0.589844 0.339844 0.594727 0.341797 0.597656 0.345703 0.601562 0.355469 0.599609 0.360352
0 0.569336 0.393555 0.5625 0.387695 0.560547 0.382812 0.55957 0.37793 0.560547 0.37207 0.56543 0.370117 0.570312 0.368164 0.575195 0.370117 0.577148 0.374023 0.577148 0.379883 0.576172 0.384766 0.575195 0.389648
0 0.533203 0.345703 0.527344 0.344727 0.526367 0.339844 0.53125 0.337891 0.536133 0.339844 0.538086 0.344727
0 0.504883 0.34082 0.504883 0.335938 0.503906 0.332031 0.509766 0.333008 0.510742 0.336914 0.509766 0.339844
0 0.553711 0.355469 0.548828 0.351562 0.550781 0.34668 0.555664 0.348633 0.557617 0.351562
0 0.524414 0.338867 0.519531 0.336914 0.519531 0.332031 0.524414 0.330078 0.529297 0.333008 0.529297 0.337891
0 0.545898 0.339844 0.541992 0.336914 0.544922 0.332031 0.549805 0.333984 0.548828 0.338867
0 0.599609 0.390625 0.59375 0.388672 0.591797 0.383789 0.594727 0.37793 0.599609 0.376953 0.603516 0.378906 0.606445 0.383789 0.604492 0.389648 0.602539 0.391602
0 0.616211 0.402344 0.608398 0.401367 0.607422 0.395508 0.612305 0.394531 0.618164 0.394531 0.62207 0.397461 0.623047 0.402344 0.620117 0.404297
0 0.631836 0.395508 0.62793 0.394531 0.625977 0.389648 0.625977 0.386719 0.630859 0.385742 0.634766 0.384766 0.635742 0.388672 0.635742 0.392578
0 0.574219 0.40332 0.569336 0.401367 0.569336 0.396484 0.574219 0.395508 0.578125 0.398438
0 0.545898 0.416016 0.539062 0.415039 0.537109 0.411133 0.538086 0.405273 0.541992 0.402344 0.547852 0.402344 0.551758 0.40625 0.551758 0.411133
0 0.550781 0.433594 0.547852 0.425781 0.544922 0.420898 0.542969 0.416016 0.546875 0.412109 0.551758 0.411133 0.555664 0.415039 0.560547 0.422852 0.55957 0.427734 0.555664 0.431641
0 0.5625 0.414062 0.556641 0.414062 0.554688 0.40918 0.556641 0.404297 0.561523 0.40332 0.567383 0.404297 0.568359 0.40918
0 0.594727 0.436523 0.59082 0.433594 0.589844 0.428711 0.586914 0.424805 0.588867 0.419922 0.59375 0.417969 0.598633 0.420898 0.601562 0.424805 0.603516 0.429688 0.600586 0.43457
0 0.589844 0.432617 0.585938 0.439453 0.582031 0.436523 0.578125 0.433594 0.577148 0.428711 0.582031 0.425781 0.586914 0.424805 0.59082 0.428711
0 0.539062 0.448242 0.53418 0.445312 0.533203 0.44043 0.535156 0.435547 0.540039 0.43457 0.544922 0.43457 0.549805 0.4375 0.548828 0.442383 0.545898 0.446289
0 0.525391 0.454102 0.519531 0.452148 0.516602 0.448242 0.514648 0.443359 0.517578 0.439453 0.522461 0.436523 0.52832 0.438477 0.529297 0.443359 0.527344 0.449219
0 0.543945 0.463867 0.538086 0.459961 0.537109 0.455078 0.541016 0.451172 0.545898 0.452148 0.549805 0.455078 0.549805 0.459961
0 0.551758 0.473633 0.546875 0.46875 0.545898 0.463867 0.549805 0.459961 0.554688 0.460938 0.55957 0.462891 0.561523 0.467773 0.55957 0.472656
0 0.512695 0.466797 0.503906 0.46582 0.50293 0.460938 0.504883 0.456055 0.509766 0.454102 0.514648 0.453125 0.519531 0.455078 0.521484 0.459961 0.518555 0.463867
0 0.507812 0.44043 0.504883 0.442383 0.50293 0.4375 0.507812 0.435547 0.510742 0.438477
0 0.506836 0.435547 0.501953 0.435547 0.5 0.430664 0.503906 0.426758 0.508789 0.428711 0.510742 0.433594
0 0.505859 0.422852 0.5 0.424805 0.49707 0.420898 0.49707 0.416016 0.500977 0.413086 0.505859 0.415039
0 0.475586 0.418945 0.470703 0.418945 0.466797 0.416016 0.46875 0.411133 0.473633 0.410156 0.478516 0.411133 0.481445 0.416016 0.481445 0.420898
0 0.420898 0.443359 0.415039 0.442383 0.414062 0.4375 0.414062 0.431641 0.416016 0.427734 0.420898 0.427734 0.425781 0.429688 0.426758 0.43457 0.427734 0.44043
0 0.519531 0.417969 0.514648 0.416016 0.517578 0.412109 0.522461 0.413086 0.522461 0.416016
0 0.37793 0.382812 0.371094 0.380859 0.369141 0.375977 0.370117 0.371094 0.375 0.369141 0.379883 0.37207 0.381836 0.376953
0 0.367188 0.370117 0.361328 0.371094 0.359375 0.366211 0.362305 0.362305 0.368164 0.363281
0 0.307617 0.388672 0.299805 0.392578 0.295898 0.389648 0.294922 0.384766 0.296875 0.381836
0 0.283203 0.375977 0.27832 0.375977 0.275391 0.37207 0.279297 0.369141 0.282227 0.371094
0 0.289062 0.370117 0.283203 0.371094 0.280273 0.369141 0.28125 0.364258 0.286133 0.362305 0.290039 0.365234
0 0.430664 0.179688 0.425781 0.169922 0.427734 0.165039 0.430664 0.161133 0.435547 0.160156 0.435547 0.165039 0.43457 0.169922 0.433594 0.174805
0 0.421875 0.152344 0.422852 0.145508 0.426758 0.141602 0.431641 0.140625 0.433594 0.148438 0.43457 0.15332 0.430664 0.162109 0.425781 0.160156 0.421875 0.157227
0 0.431641 0.140625 0.424805 0.137695 0.424805 0.131836 0.426758 0.126953 0.431641 0.118164 0.436523 0.118164 0.4375 0.123047 0.435547 0.12793 0.435547 0.132812 0.438477 0.136719
0 0.514648 0.214844 0.508789 0.213867 0.508789 0.208984 0.509766 0.204102 0.512695 0.200195 0.517578 0.202148 0.521484 0.205078 0.523438 0.210938 0.521484 0.21582
0 0.500977 0.226562 0.494141 0.224609 0.493164 0.21875 0.498047 0.217773 0.50293 0.219727
0 0.530273 0.193359 0.524414 0.194336 0.523438 0.189453 0.524414 0.18457 0.526367 0.173828 0.53125 0.172852 0.536133 0.173828 0.541016 0.171875 0.542969 0.176758 0.541016 0.181641 0.536133 0.18457
0 0.594727 0.167969 0.587891 0.165039 0.587891 0.15918 0.592773 0.157227 0.597656 0.15918 0.599609 0.164062
0 0.597656 0.158203 0.591797 0.15625 0.589844 0.151367 0.59082 0.146484 0.595703 0.147461 0.599609 0.150391
0 0.616211 0.180664 0.610352 0.176758 0.609375 0.170898 0.610352 0.166016 0.616211 0.165039 0.621094 0.167969 0.625977 0.168945 0.628906 0.172852 0.629883 0.177734 0.626953 0.182617 0.62207 0.183594
0 0.641602 0.193359 0.637695 0.188477 0.633789 0.185547 0.633789 0.179688 0.635742 0.174805 0.640625 0.172852 0.645508 0.174805 0.648438 0.179688 0.649414 0.18457 0.649414 0.19043
0 0.62793 0.192383 0.623047 0.197266 0.617188 0.197266 0.617188 0.191406 0.618164 0.186523 0.623047 0.185547 0.626953 0.180664 0.633789 0.183594 0.637695 0.186523 0.637695 0.191406
0 0.71582 0.0166016 0.710938 0.015625 0.709961 0.0107422 0.714844 0.00878906 0.71875 0.0117188
0 0.720703 0.0292969 0.71582 0.0273438 0.713867 0.0234375 0.713867 0.0175781 0.717773 0.0136719 0.72168 0.0175781 0.724609 0.0214844 0.725586 0.0263672
0 0.739258 0.0322266 0.735352 0.0292969 0.737305 0.0244141 0.740234 0.0205078 0.744141 0.0166016 0.746094 0.0214844 0.744141 0.0263672
0 0.755859 0.0429688 0.749023 0.0410156 0.744141 0.0380859 0.739258 0.0302734 0.744141 0.0302734 0.749023 0.0322266 0.754883 0.0380859
0 0.757812 0.0166016 0.751953 0.0146484 0.74707 0.0136719 0.742188 0.0107422 0.740234 0.00585938 0.744141 0.00292969 0.749023 0.00585938 0.75293 0.00976562 0.760742 0.0136719 0.761719 0.0175781
0 0.59375 0.231445 0.588867 0.232422 0.583984 0.229492 0.581055 0.225586 0.584961 0.220703 0.589844 0.21875 0.594727 0.219727 0.595703 0.226562
0 0.610352 0.241211 0.603516 0.239258 0.600586 0.235352 0.602539 0.230469 0.607422 0.229492 0.612305 0.228516 0.617188 0.231445 0.619141 0.236328 0.617188 0.241211
0 0.641602 0.251953 0.636719 0.250977 0.634766 0.246094 0.638672 0.242188 0.641602 0.238281 0.646484 0.238281 0.647461 0.244141 0.645508 0.249023
0 0.688477 0.330078 0.68457 0.333008 0.678711 0.333008 0.678711 0.327148 0.680664 0.322266 0.685547 0.321289 0.688477 0.317383 0.693359 0.319336 0.695312 0.324219
0 0.698242 0.339844 0.691406 0.339844 0.688477 0.335938 0.689453 0.331055 0.693359 0.327148 0.698242 0.325195 0.703125 0.330078 0.704102 0.334961
0 0.667969 0.374023 0.661133 0.37793 0.65625 0.375977 0.65332 0.371094 0.65625 0.367188 0.662109 0.365234 0.666992 0.367188
0 0.691406 0.37793 0.688477 0.371094 0.691406 0.367188 0.696289 0.366211 0.701172 0.368164 0.702148 0.373047 0.698242 0.376953
0 0.719727 0.381836 0.712891 0.380859 0.709961 0.376953 0.708984 0.37207 0.714844 0.371094 0.719727 0.373047 0.722656 0.380859
0 0.728516 0.387695 0.720703 0.387695 0.71875 0.382812 0.720703 0.37793 0.726562 0.378906 0.730469 0.381836 0.733398 0.390625
0 0.62793 0.352539 0.620117 0.352539 0.619141 0.347656 0.624023 0.344727 0.628906 0.345703
0 0.610352 0.366211 0.602539 0.366211 0.598633 0.363281 0.600586 0.358398 0.606445 0.356445 0.612305 0.358398 0.616211 0.363281
0 0.621094 0.307617 0.613281 0.310547 0.613281 0.304688 0.615234 0.294922 0.620117 0.293945 0.625 0.294922 0.625 0.300781
0 0.630859 0.450195 0.625977 0.445312 0.626953 0.44043 0.630859 0.4375 0.633789 0.443359
0 0.672852 0.478516 0.664062 0.482422 0.65918 0.483398 0.655273 0.480469 0.654297 0.474609 0.658203 0.47168 0.663086 0.470703 0.666016 0.46582 0.669922 0.462891 0.674805 0.464844 0.677734 0.46875 0.679688 0.478516
0 0.650391 0.509766 0.642578 0.505859 0.645508 0.5 0.646484 0.5 0.641602 0.493164 0.641602 0.488281 0.645508 0.485352 0.650391 0.484375 0.654297 0.488281 0.657227 0.492188 0.662109 0.492188 0.666016 0.496094 0.663086 0.5 0.660156 0.503906 0.657227 0.509766
0 0.652344 0.532227 0.641602 0.532227 0.638672 0.527344 0.635742 0.516602 0.638672 0.511719 0.643555 0.510742 0.649414 0.512695 0.654297 0.515625 0.658203 0.519531 0.65918 0.524414 0.657227 0.529297
1 0.785156 0.475586 0.77832 0.470703 0.77832 0.463867 0.78125 0.459961 0.785156 0.456055 0.791016 0.447266 0.791992 0.441406 0.795898 0.44043 0.798828 0.433594 0.802734 0.430664 0.804688 0.425781 0.80957 0.423828 0.813477 0.419922 0.817383 0.422852 0.820312 0.426758 0.819336 0.431641 0.814453 0.432617 0.810547 0.435547 0.807617 0.44043 0.804688 0.444336 0.799805 0.446289 0.798828 0.451172 0.793945 0.459961 0.789062 0.467773
0 0.831055 0.416016 0.824219 0.412109 0.824219 0.407227 0.827148 0.401367 0.831055 0.398438 0.834961 0.395508 0.838867 0.397461 0.839844 0.402344 0.837891 0.407227 0.833008 0.410156
0 0.850586 0.430664 0.84082 0.428711 0.839844 0.423828 0.84082 0.417969 0.84668 0.415039 0.851562 0.416992 0.854492 0.420898 0.854492 0.426758
0 0.854492 0.439453 0.845703 0.443359 0.841797 0.439453 0.84082 0.433594 0.844727 0.428711 0.849609 0.430664 0.854492 0.433594
0 0.860352 0.4375 0.852539 0.436523 0.849609 0.431641 0.851562 0.425781 0.856445 0.423828 0.861328 0.425781 0.863281 0.430664
0 0.862305 0.445312 0.856445 0.439453 0.856445 0.43457 0.860352 0.430664 0.865234 0.429688 0.868164 0.43457 0.867188 0.439453
0 0.862305 0.424805 0.860352 0.416992 0.865234 0.416016 0.870117 0.418945 0.870117 0.424805 0.866211 0.428711
0 0.878906 0.430664 0.875 0.427734 0.87793 0.423828 0.882812 0.423828 0.884766 0.428711 0.884766 0.433594
0 0.875977 0.462891 0.871094 0.459961 0.869141 0.455078 0.869141 0.448242 0.873047 0.4375 0.875977 0.433594 0.878906 0.4375 0.880859 0.442383 0.888672 0.441406 0.888672 0.447266 0.885742 0.451172 0.885742 0.457031 0.884766 0.460938
0 0.865234 0.375 0.859375 0.376953 0.856445 0.373047 0.857422 0.368164 0.863281 0.368164
0 0.876953 0.364258 0.868164 0.363281 0.867188 0.358398 0.869141 0.351562 0.874023 0.351562 0.878906 0.354492 0.882812 0.358398 0.882812 0.363281
0 0.888672 0.360352 0.878906 0.358398 0.87793 0.350586 0.87793 0.345703 0.882812 0.34082 0.887695 0.339844 0.890625 0.333984 0.895508 0.332031 0.898438 0.335938 0.898438 0.342773 0.896484 0.353516
0 0.907227 0.333008 0.899414 0.331055 0.894531 0.325195 0.894531 0.319336 0.897461 0.31543 0.90332 0.314453 0.908203 0.310547 0.914062 0.310547 0.916016 0.316406 0.916016 0.321289 0.914062 0.327148
0 0.919922 0.299805 0.918945 0.290039 0.921875 0.286133 0.927734 0.285156 0.931641 0.288086 0.93457 0.292969 0.932617 0.299805
0 0.958984 0.240234 0.950195 0.243164 0.946289 0.239258 0.945312 0.233398 0.949219 0.228516 0.954102 0.225586 0.954102 0.220703 0.958008 0.213867 0.960938 0.209961 0.96582 0.211914 0.96875 0.21875 0.969727 0.223633 0.966797 0.229492 0.961914 0.232422
0 0.945312 0.264648 0.94043 0.260742 0.939453 0.25293 0.946289 0.249023 0.949219 0.255859 0.951172 0.260742 0.951172 0.265625
0 0.941406 0.270508 0.936523 0.265625 0.939453 0.260742 0.944336 0.260742 0.948242 0.264648 0.948242 0.270508
0 0.948242 0.286133 0.941406 0.279297 0.943359 0.270508 0.948242 0.268555 0.955078 0.268555 0.958984 0.273438 0.958984 0.280273 0.957031 0.285156
0 0.975586 0.254883 0.967773 0.256836 0.962891 0.25293 0.961914 0.24707 0.96582 0.238281 0.972656 0.240234 0.976562 0.24707
0 0.945312 0.325195 0.94043 0.324219 0.935547 0.318359 0.933594 0.308594 0.938477 0.307617 0.944336 0.307617 0.947266 0.311523 0.951172 0.314453 0.956055 0.316406 0.960938 0.319336 0.963867 0.324219 0.964844 0.329102 0.959961 0.331055 0.954102 0.331055 0.949219 0.331055 0.944336 0.331055
0 0.943359 0.301758 0.9375 0.297852 0.9375 0.292969 0.94043 0.289062 0.942383 0.28418 0.947266 0.283203 0.950195 0.287109 0.952148 0.291992 0.951172 0.298828
0 0.908203 0.40625 0.900391 0.40625 0.896484 0.40332 0.892578 0.398438 0.892578 0.393555 0.894531 0.387695 0.900391 0.389648 0.905273 0.392578 0.907227 0.387695 0.915039 0.391602 0.919922 0.396484 0.920898 0.401367 0.916992 0.404297
0 0.918945 0.384766 0.911133 0.384766 0.90625 0.382812 0.905273 0.376953 0.910156 0.374023 0.917969 0.371094 0.927734 0.37207 0.930664 0.376953 0.928711 0.383789
1 0.90918 0.462891 0.901367 0.458008 0.896484 0.453125 0.893555 0.448242 0.893555 0.44043 0.900391 0.442383 0.905273 0.445312 0.910156 0.446289 0.915039 0.443359 0.917969 0.438477 0.926758 0.439453 0.931641 0.441406 0.933594 0.446289 0.928711 0.456055 0.921875 0.458008 0.916992 0.458008
0 0.923828 0.479492 0.915039 0.475586 0.911133 0.472656 0.908203 0.467773 0.908203 0.461914 0.913086 0.459961 0.916992 0.463867 0.921875 0.461914 0.925781 0.458008 0.932617 0.462891 0.93457 0.470703
0 0.941406 0.472656 0.932617 0.469727 0.935547 0.458984 0.939453 0.455078 0.948242 0.458984 0.950195 0.464844
1 0.947266 0.430664 0.941406 0.435547 0.9375 0.432617 0.931641 0.423828 0.93457 0.419922 0.9375 0.416016 0.932617 0.414062 0.927734 0.413086 0.925781 0.40625 0.929688 0.402344 0.932617 0.397461 0.931641 0.391602 0.932617 0.385742 0.941406 0.389648 0.939453 0.384766 0.936523 0.380859 0.9375 0.375 0.943359 0.374023 0.947266 0.371094 0.944336 0.366211 0.946289 0.361328 0.952148 0.364258 0.957031 0.366211 0.956055 0.360352 0.960938 0.354492 0.96582 0.355469 0.970703 0.357422 0.974609 0.360352 0.977539 0.364258 0.982422 0.363281 0.987305 0.365234 0.987305 0.370117 0.980469 0.375 0.976562 0.378906 0.975586 0.384766 0.973633 0.389648 0.96875 0.391602 0.96875 0.396484 0.964844 0.401367 0.961914 0.410156 0.958984 0.415039 0.959961 0.419922 0.956055 0.422852 0.950195 0.423828
0 0.936523 0.356445 0.930664 0.354492 0.929688 0.349609 0.932617 0.34375 0.9375 0.34082 0.941406 0.34375 0.941406 0.349609
0 0.9375 0.370117 0.932617 0.366211 0.928711 0.362305 0.932617 0.358398 0.938477 0.358398 0.941406 0.364258
0 0.981445 0.357422 0.974609 0.355469 0.96875 0.356445 0.964844 0.352539 0.967773 0.347656 0.975586 0.34668 0.981445 0.347656 0.984375 0.351562
0 0.96582 0.351562 0.959961 0.350586 0.956055 0.34668 0.958008 0.341797 0.96582 0.342773 0.969727 0.345703
0 0.986328 0.337891 0.978516 0.338867 0.978516 0.330078 0.983398 0.327148 0.983398 0.322266 0.987305 0.318359 0.993164 0.318359 0.998047 0.320312 0.999023 0.331055 0.993164 0.333984
0 0.982422 0.327148 0.973633 0.329102 0.973633 0.323242 0.977539 0.319336 0.982422 0.321289 0.985352 0.325195
0 0.981445 0.428711 0.973633 0.422852 0.972656 0.417969 0.96875 0.40918 0.973633 0.405273 0.978516 0.407227 0.982422 0.411133 0.984375 0.418945 0.989258 0.416992 0.992188 0.420898 0.993164 0.425781 0.989258 0.430664
0 0.892578 0.473633 0.886719 0.47168 0.886719 0.466797 0.890625 0.462891 0.895508 0.460938 0.898438 0.464844
0 0.90332 0.487305 0.895508 0.483398 0.893555 0.478516 0.898438 0.473633 0.904297 0.472656 0.908203 0.476562 0.90918 0.482422
0 0.916992 0.5 0.911133 0.499023 0.904297 0.494141 0.901367 0.488281 0.90918 0.483398 0.915039 0.483398 0.918945 0.486328 0.920898 0.491211
0 0.854492 0.520508 0.844727 0.518555 0.844727 0.512695 0.848633 0.503906 0.854492 0.510742 0.856445 0.515625
0 0.295898 1 0.302734 0.998047 0.305664 0.993164 0.311523 0.990234 0.323242 0.990234 0.327148 0.993164 0.333008 0.995117 0.336914 0.999023 0.337891 1
0 0.302734 0.917969 0.296875 0.911133 0.296875 0.90625 0.297852 0.900391 0.303711 0.899414 0.306641 0.90332 0.307617 0.90918 0.308594 0.914062 0.308594 0.915039
0 0.358398 0.942383 0.351562 0.943359 0.350586 0.938477 0.353516 0.933594 0.358398 0.933594 0.363281 0.936523 0.362305 0.941406
0 0.336914 0.945312 0.336914 0.952148 0.333008 0.955078 0.328125 0.953125 0.327148 0.948242 0.330078 0.944336 0.329102 0.938477 0.334961 0.936523 0.339844 0.936523 0.34375 0.939453 0.344727 0.944336
0 0.337891 0.974609 0.330078 0.97168 0.329102 0.966797 0.332031 0.959961 0.337891 0.960938 0.341797 0.96582 0.342773 0.970703
0 0.342773 0.985352 0.335938 0.983398 0.335938 0.977539 0.338867 0.969727 0.345703 0.96875 0.350586 0.97168 0.349609 0.977539 0.347656 0.982422
0 0.290039 0.728516 0.28125 0.726562 0.280273 0.719727 0.28418 0.716797 0.292969 0.712891 0.295898 0.717773 0.295898 0.722656 0.294922 0.727539
0 0.239258 0.667969 0.230469 0.662109 0.230469 0.654297 0.234375 0.651367 0.240234 0.65332 0.243164 0.658203 0.244141 0.663086
0 0.262695 0.686523 0.254883 0.682617 0.251953 0.676758 0.253906 0.670898 0.257812 0.666992 0.267578 0.663086 0.273438 0.669922 0.275391 0.674805 0.275391 0.680664 0.273438 0.686523 0.267578 0.6875
0 0.277344 0.672852 0.270508 0.673828 0.266602 0.669922 0.266602 0.665039 0.270508 0.661133 0.275391 0.661133 0.279297 0.666016
0 0.282227 0.661133 0.274414 0.65625 0.273438 0.650391 0.273438 0.641602 0.275391 0.634766 0.279297 0.631836 0.285156 0.633789 0.285156 0.639648 0.287109 0.646484 0.287109 0.652344
0 0.27832 0.626953 0.271484 0.624023 0.270508 0.618164 0.276367 0.615234 0.28125 0.617188 0.283203 0.623047
0 0.251953 0.633789 0.244141 0.635742 0.240234 0.632812 0.241211 0.626953 0.246094 0.624023 0.250977 0.625
0 0.201172 0.613281 0.195312 0.612305 0.195312 0.606445 0.199219 0.602539 0.204102 0.604492 0.206055 0.609375
0 0.154297 0.591797 0.138672 0.585938 0.134766 0.583008 0.137695 0.579102 0.142578 0.581055 0.147461 0.577148 0.152344 0.579102 0.154297 0.583984
0 0.139648 0.597656 0.131836 0.594727 0.12793 0.591797 0.12793 0.585938 0.134766 0.585938 0.139648 0.589844
0 0.167969 0.587891 0.162109 0.587891 0.158203 0.583984 0.162109 0.580078 0.168945 0.579102 0.173828 0.580078 0.177734 0.583984 0.178711 0.59082 0.173828 0.592773
0 0.171875 0.617188 0.166992 0.612305 0.167969 0.604492 0.171875 0.600586 0.175781 0.597656 0.177734 0.604492 0.175781 0.610352
0 0.225586 0.575195 0.217773 0.580078 0.212891 0.575195 0.213867 0.566406 0.220703 0.564453 0.225586 0.566406
0 0.147461 0.53125 0.152344 0.526367 0.158203 0.533203 0.155273 0.538086 0.150391 0.539062
0 0.0947266 0.671875 0.0898438 0.667969 0.0947266 0.665039 0.0957031 0.660156 0.0966797 0.655273 0.0976562 0.650391 0.102539 0.654297 0.102539 0.661133 0.100586 0.670898
0 0.03125 0.655273 0.0205078 0.658203 0.0185547 0.65332 0.0195312 0.648438 0.0214844 0.643555 0.0273438 0.649414
0 0.21582 0.705078 0.210938 0.698242 0.207031 0.695312 0.208008 0.689453 0.21875 0.693359 0.22168 0.700195
0 0.228516 0.719727 0.226562 0.708008 0.232422 0.708008 0.237305 0.708984 0.236328 0.713867 0.231445 0.71582
0 0.217773 0.737305 0.210938 0.732422 0.207031 0.729492 0.213867 0.723633 0.220703 0.723633 0.225586 0.724609 0.227539 0.730469 0.222656 0.733398
0 0.245117 0.594727 0.239258 0.59668 0.235352 0.600586 0.238281 0.604492 0.243164 0.602539 0.248047 0.602539 0.250977 0.597656 0.254883 0.588867 0.251953 0.584961 0.246094 0.585938 0.241211 0.588867
0 0.270508 0.611328 0.262695 0.604492 0.265625 0.597656 0.270508 0.597656 0.273438 0.602539 0.27832 0.604492 0.28125 0.608398 0.279297 0.614258 0.273438 0.615234
0 0.357422 0.624023 0.348633 0.615234 0.34668 0.610352 0.34668 0.601562 0.348633 0.59668 0.354492 0.597656 0.359375 0.599609 0.364258 0.608398 0.366211 0.614258 0.364258 0.624023
0 0.360352 0.71582 0.352539 0.708008 0.355469 0.701172 0.360352 0.702148 0.364258 0.705078 0.366211 0.709961
0 0.368164 0.727539 0.360352 0.723633 0.362305 0.710938 0.369141 0.711914 0.373047 0.716797 0.373047 0.72168
0 0.375 0.71582 0.367188 0.713867 0.367188 0.702148 0.371094 0.699219 0.379883 0.706055 0.380859 0.710938
0 0.435547 0.737305 0.430664 0.729492 0.427734 0.72168 0.426758 0.716797 0.427734 0.709961 0.430664 0.703125 0.438477 0.696289 0.444336 0.699219 0.448242 0.703125 0.448242 0.712891 0.447266 0.722656 0.445312 0.727539
0 0.457031 0.749023 0.446289 0.74707 0.442383 0.742188 0.439453 0.735352 0.439453 0.727539 0.448242 0.724609 0.453125 0.726562 0.458008 0.730469 0.461914 0.727539 0.466797 0.725586 0.470703 0.729492 0.474609 0.732422 0.475586 0.738281 0.475586 0.746094 0.469727 0.75
1 0.44043 0.760742 0.43457 0.764648 0.429688 0.765625 0.422852 0.764648 0.416016 0.760742 0.416016 0.751953 0.418945 0.748047 0.420898 0.742188 0.426758 0.740234 0.435547 0.740234 0.447266 0.742188 0.452148 0.748047 0.457031 0.751953 0.461914 0.753906 0.46582 0.759766 0.469727 0.763672 0.474609 0.765625 0.473633 0.771484 0.46875 0.771484 0.463867 0.770508 0.456055 0.770508 0.445312 0.769531 0.442383 0.765625
0 0.417969 0.758789 0.411133 0.754883 0.40625 0.759766 0.407227 0.765625 0.408203 0.776367 0.407227 0.786133 0.40918 0.791992 0.415039 0.794922 0.419922 0.796875 0.425781 0.791992 0.425781 0.787109 0.426758 0.775391 0.428711 0.771484 0.428711 0.765625 0.427734 0.760742 0.423828 0.756836
0 0.397461 0.72168 0.391602 0.716797 0.388672 0.720703 0.388672 0.726562 0.392578 0.730469 0.397461 0.729492
0 0.394531 0.708984 0.392578 0.703125 0.395508 0.699219 0.399414 0.696289 0.405273 0.695312 0.40918 0.699219 0.40918 0.708008 0.405273 0.713867 0.405273 0.71875 0.400391 0.719727 0.395508 0.71875
0 0.485352 0.838867 0.478516 0.831055 0.478516 0.826172 0.482422 0.822266 0.486328 0.817383 0.491211 0.816406 0.492188 0.823242 0.496094 0.827148 0.495117 0.833008 0.491211 0.836914
0 0.517578 0.837891 0.512695 0.831055 0.513672 0.825195 0.518555 0.825195 0.524414 0.826172 0.52832 0.830078 0.527344 0.836914
0 0.425781 0.864258 0.417969 0.860352 0.418945 0.854492 0.422852 0.851562 0.427734 0.851562 0.430664 0.856445 0.430664 0.861328
0 0.507812 0.899414 0.499023 0.897461 0.495117 0.891602 0.5 0.888672 0.504883 0.889648 0.509766 0.891602 0.511719 0.896484
0 0.452148 0.949219 0.443359 0.945312 0.442383 0.9375 0.445312 0.933594 0.451172 0.93457 0.454102 0.94043
0 0.445312 1 0.448242 0.992188 0.452148 0.989258 0.454102 0.984375 0.454102 0.979492 0.458984 0.976562 0.463867 0.976562 0.46875 0.979492 0.46875 0.985352 0.47168 0.989258 0.474609 0.993164 0.477539 0.99707 0.473633 1
0 0.527344 1 0.522461 0.991211 0.526367 0.986328 0.53125 0.989258 0.532227 0.994141 0.532227 0.999023
0 0.519531 0.989258 0.514648 0.981445 0.515625 0.976562 0.520508 0.976562 0.524414 0.980469 0.523438 0.985352
0 0.504883 1 0.512695 0.99707 0.517578 0.998047 0.521484 1
0 0.550781 0.927734 0.547852 0.924805 0.544922 0.920898 0.549805 0.918945 0.555664 0.918945 0.563477 0.923828 0.563477 0.929688 0.555664 0.935547 0.552734 0.93457
0 0.474609 0.967773 0.466797 0.96875 0.463867 0.964844 0.463867 0.958984 0.46875 0.955078 0.473633 0.956055 0.477539 0.959961
0 0.482422 0.961914 0.47168 0.957031 0.47168 0.951172 0.477539 0.948242 0.483398 0.949219 0.488281 0.953125
0 0.579102 0.867188 0.572266 0.863281 0.572266 0.856445 0.574219 0.851562 0.579102 0.849609 0.583984 0.852539 0.586914 0.861328
0 0.993164 0.833008 0.985352 0.833984 0.980469 0.833984 0.975586 0.832031 0.974609 0.827148 0.972656 0.822266 0.976562 0.817383 0.979492 0.8125 0.978516 0.806641 0.983398 0.806641 0.988281 0.811523 0.990234 0.816406 0.992188 0.821289
0 1 0.829102 1 0.811523 0.995117 0.8125 0.993164 0.817383 0.993164 0.822266 0.994141 0.827148 0.999023 0.829102
0 0.904297 0.818359 0.894531 0.81543 0.892578 0.810547 0.896484 0.806641 0.904297 0.807617 0.90918 0.813477 0.911133 0.818359
0 0.899414 0.804688 0.893555 0.798828 0.892578 0.793945 0.896484 0.791016 0.902344 0.791016 0.90625 0.793945 0.90918 0.798828
0 0.861328 0.802734 0.857422 0.799805 0.855469 0.793945 0.857422 0.789062 0.863281 0.787109 0.869141 0.788086 0.870117 0.793945 0.867188 0.799805
0 0.856445 0.798828 0.84668 0.797852 0.845703 0.792969 0.845703 0.788086 0.850586 0.78418 0.855469 0.782227 0.860352 0.78418 0.861328 0.790039 0.858398 0.793945
0 0.832031 0.820312 0.825195 0.820312 0.822266 0.8125 0.826172 0.808594 0.831055 0.808594 0.833984 0.813477
0 0.844727 0.813477 0.836914 0.813477 0.834961 0.808594 0.836914 0.803711 0.841797 0.801758 0.84668 0.803711
0 0.832031 0.806641 0.825195 0.804688 0.822266 0.797852 0.827148 0.794922 0.833008 0.796875
0 0.865234 0.776367 0.859375 0.774414 0.860352 0.769531 0.865234 0.768555 0.869141 0.772461
0 0.883789 0.856445 0.878906 0.852539 0.87793 0.84668 0.882812 0.845703 0.887695 0.847656 0.887695 0.852539
0 0.890625 0.888672 0.880859 0.885742 0.876953 0.879883 0.878906 0.87207 0.883789 0.870117 0.890625 0.871094 0.895508 0.870117 0.904297 0.874023 0.902344 0.880859 0.898438 0.883789
0 0.898438 0.904297 0.891602 0.896484 0.895508 0.892578 0.901367 0.892578 0.905273 0.896484 0.905273 0.901367
0 0.879883 0.938477 0.874023 0.932617 0.876953 0.925781 0.881836 0.927734 0.885742 0.932617
0 0.848633 0.929688 0.841797 0.926758 0.839844 0.921875 0.842773 0.915039 0.847656 0.913086 0.850586 0.923828
0 0.824219 0.920898 0.817383 0.917969 0.818359 0.912109 0.823242 0.912109 0.828125 0.916016
0 0.854492 0.895508 0.844727 0.894531 0.841797 0.890625 0.842773 0.882812 0.84668 0.878906 0.848633 0.874023 0.84668 0.869141 0.847656 0.864258 0.853516 0.864258 0.859375 0.867188 0.865234 0.871094 0.867188 0.875977 0.866211 0.880859 0.859375 0.884766 0.856445 0.889648
0 0.746094 1 0.75293 0.992188 0.758789 0.991211 0.763672 0.989258 0.766602 0.994141 0.771484 1
0 0.736328 0.982422 0.732422 0.974609 0.734375 0.969727 0.739258 0.970703 0.742188 0.976562 0.742188 0.981445
0 0.722656 0.983398 0.712891 0.980469 0.708008 0.975586 0.708008 0.966797 0.712891 0.963867 0.717773 0.962891 0.719727 0.969727 0.724609 0.969727 0.728516 0.973633 0.728516 0.979492
0 0.72168 0.957031 0.711914 0.952148 0.708984 0.948242 0.708008 0.942383 0.711914 0.9375 0.716797 0.93457 0.722656 0.93457 0.729492 0.939453 0.731445 0.946289 0.731445 0.952148
0 0.762695 0.956055 0.75293 0.952148 0.75293 0.945312 0.759766 0.944336 0.765625 0.947266 0.767578 0.952148
0 0.785156 0.923828 0.779297 0.920898 0.774414 0.917969 0.773438 0.913086 0.77832 0.910156 0.78418 0.910156 0.789062 0.913086 0.792969 0.920898
0 0.708008 0.924805 0.706055 0.93457 0.702148 0.930664 0.701172 0.925781 0.703125 0.917969 0.707031 0.913086 0.712891 0.915039
0 0.709961 0.908203 0.706055 0.905273 0.703125 0.900391 0.703125 0.893555 0.707031 0.890625 0.711914 0.888672 0.71582 0.895508 0.717773 0.900391 0.716797 0.90625
0 0.686523 0.958984 0.678711 0.958008 0.677734 0.949219 0.682617 0.94043 0.689453 0.947266 0.689453 0.952148
0 0.744141 0.910156 0.734375 0.904297 0.734375 0.899414 0.739258 0.898438 0.744141 0.900391 0.746094 0.905273
0 0.769531 0.892578 0.762695 0.890625 0.760742 0.883789 0.761719 0.87793 0.767578 0.878906 0.771484 0.884766
0 0.78418 0.90332 0.777344 0.900391 0.777344 0.893555 0.78418 0.889648 0.791016 0.890625 0.794922 0.898438 0.791992 0.904297
0 0.825195 0.875 0.817383 0.871094 0.816406 0.863281 0.822266 0.858398 0.828125 0.857422 0.832031 0.863281 0.833008 0.869141
0 0.810547 0.885742 0.804688 0.879883 0.805664 0.874023 0.810547 0.874023 0.81543 0.878906 0.81543 0.883789
0 0.813477 0.905273 0.807617 0.900391 0.808594 0.895508 0.813477 0.893555 0.817383 0.897461
0 0.774414 0.873047 0.765625 0.863281 0.768555 0.857422 0.776367 0.856445 0.780273 0.863281 0.779297 0.869141
0 0.758789 0.871094 0.750977 0.863281 0.75293 0.858398 0.758789 0.859375 0.760742 0.865234
0 0.783203 0.850586 0.773438 0.853516 0.772461 0.84375 0.775391 0.837891 0.785156 0.837891 0.790039 0.84668
0 0.787109 0.831055 0.776367 0.834961 0.773438 0.830078 0.772461 0.821289 0.780273 0.816406 0.788086 0.818359 0.790039 0.827148
0 0.791992 0.803711 0.779297 0.807617 0.777344 0.800781 0.780273 0.793945 0.787109 0.792969 0.792969 0.795898
0 0.794922 0.826172 0.787109 0.824219 0.788086 0.818359 0.792969 0.81543 0.796875 0.819336
0 0.449219 0.918945 0.449219 0.914062 0.454102 0.911133 0.456055 0.916016 0.455078 0.920898 0.450195 0.923828
0 0.546875 0.981445 0.541992 0.977539 0.544922 0.973633 0.549805 0.974609
0 0.577148 0.981445 0.571289 0.976562 0.573242 0.970703 0.578125 0.972656 0.581055 0.976562
0 0.617188 0.948242 0.610352 0.948242 0.612305 0.938477 0.617188 0.936523 0.624023 0.943359 0.625 0.948242
0 0.598633 0.933594 0.588867 0.928711 0.584961 0.925781 0.59082 0.922852 0.595703 0.922852
0 0.626953 0.904297 0.620117 0.911133 0.615234 0.90625 0.614258 0.900391 0.620117 0.899414
0 0.635742 0.908203 0.628906 0.904297 0.629883 0.897461 0.634766 0.897461 0.639648 0.901367 0.640625 0.90625
0 0.65625 0.875977 0.649414 0.871094 0.649414 0.864258 0.65332 0.860352 0.65918 0.863281 0.664062 0.868164
0 0.568359 0.90918 0.556641 0.908203 0.549805 0.907227 0.547852 0.902344 0.546875 0.897461 0.545898 0.892578 0.549805 0.888672 0.560547 0.890625 0.56543 0.892578 0.568359 0.899414
0 0.569336 0.890625 0.563477 0.892578 0.564453 0.883789 0.563477 0.878906 0.560547 0.875 0.566406 0.870117 0.573242 0.879883 0.571289 0.885742
0 0.545898 0.896484 0.542969 0.900391 0.541992 0.90625 0.541992 0.912109 0.546875 0.913086 0.548828 0.908203 0.549805 0.902344
0 0.545898 0.890625 0.541016 0.894531 0.536133 0.892578 0.532227 0.889648 0.533203 0.883789 0.543945 0.885742
0 0.535156 0.875977 0.527344 0.876953 0.527344 0.870117 0.530273 0.866211 0.53125 0.859375 0.53418 0.853516 0.538086 0.856445 0.536133 0.866211
0 0.662109 0.852539 0.666992 0.84668 0.673828 0.84668 0.675781 0.852539 0.671875 0.858398 0.666992 0.858398 0.662109 0.856445
0 0.594727 0.848633 0.586914 0.84668 0.587891 0.838867 0.595703 0.837891 0.600586 0.838867 0.599609 0.844727
0 0.555664 0.863281 0.551758 0.860352 0.548828 0.856445 0.552734 0.851562 0.557617 0.852539 0.558594 0.858398
0 0.556641 0.842773 0.549805 0.839844 0.549805 0.835938 0.553711 0.834961 0.556641 0.838867
0 0.519531 0.853516 0.513672 0.851562 0.512695 0.845703 0.516602 0.841797 0.522461 0.848633
0 0.583984 0.819336 0.578125 0.816406 0.579102 0.806641 0.586914 0.808594 0.588867 0.814453
0 0.600586 0.830078 0.595703 0.828125 0.592773 0.823242 0.595703 0.818359 0.601562 0.820312 0.604492 0.825195
0 0.650391 0.834961 0.65332 0.826172 0.658203 0.827148 0.660156 0.833984 0.657227 0.837891
0 0.652344 0.820312 0.650391 0.81543 0.650391 0.810547 0.650391 0.802734 0.651367 0.797852 0.65918 0.798828 0.665039 0.804688 0.666016 0.810547 0.665039 0.819336 0.65918 0.824219 0.654297 0.825195
0 0.676758 0.792969 0.668945 0.789062 0.668945 0.78125 0.675781 0.777344 0.68457 0.78125 0.68457 0.789062
0 0.665039 0.77832 0.670898 0.785156 0.665039 0.790039 0.660156 0.786133 0.657227 0.78125 0.65625 0.776367 0.661133 0.773438
0 0.636719 0.78418 0.626953 0.78125 0.623047 0.777344 0.624023 0.772461 0.630859 0.771484 0.636719 0.771484 0.641602 0.772461 0.644531 0.77832
0 0.607422 0.783203 0.599609 0.783203 0.594727 0.782227 0.589844 0.779297 0.597656 0.774414 0.606445 0.774414 0.610352 0.77832
0 0.575195 0.798828 0.56543 0.800781 0.56543 0.791016 0.568359 0.783203 0.574219 0.785156 0.577148 0.790039
0 0.539062 0.819336 0.532227 0.814453 0.532227 0.805664 0.536133 0.801758 0.540039 0.801758 0.542969 0.80957
0 0.549805 0.793945 0.541992 0.792969 0.536133 0.789062 0.539062 0.77832 0.543945 0.77832 0.548828 0.782227 0.549805 0.788086
0 0.519531 0.813477 0.511719 0.81543 0.508789 0.811523 0.510742 0.804688 0.519531 0.806641
0 0.494141 0.808594 0.487305 0.808594 0.485352 0.803711 0.488281 0.798828 0.494141 0.798828
0 0.498047 0.794922 0.488281 0.798828 0.482422 0.793945 0.480469 0.788086 0.480469 0.78125 0.485352 0.779297 0.491211 0.780273 0.496094 0.782227 0.49707 0.789062
0 0.518555 0.803711 0.508789 0.802734 0.504883 0.797852 0.50293 0.791016 0.504883 0.78418 0.516602 0.785156 0.523438 0.789062 0.527344 0.792969 0.527344 0.801758
0 0.481445 0.793945 0.479492 0.803711 0.474609 0.804688 0.469727 0.804688 0.464844 0.801758 0.463867 0.796875 0.46875 0.793945 0.470703 0.786133 0.473633 0.780273 0.477539 0.776367 0.480469 0.78125 0.481445 0.787109
0 0.466797 0.795898 0.457031 0.796875 0.453125 0.792969 0.454102 0.786133 0.457031 0.777344 0.458008 0.768555 0.461914 0.771484 0.464844 0.776367 0.469727 0.77832 0.47168 0.782227 0.469727 0.787109
0 0.490234 0.773438 0.482422 0.769531 0.478516 0.765625 0.477539 0.760742 0.479492 0.751953 0.487305 0.754883 0.492188 0.75293 0.49707 0.753906 0.498047 0.759766 0.498047 0.766602 0.49707 0.771484
0 0.508789 0.770508 0.504883 0.764648 0.501953 0.760742 0.5 0.755859 0.504883 0.75293 0.512695 0.756836 0.516602 0.761719 0.515625 0.768555
0 0.412109 0.597656 0.408203 0.604492 0.40332 0.604492 0.400391 0.595703 0.400391 0.588867 0.404297 0.583984 0.411133 0.584961
0 0.398438 0.620117 0.404297 0.625 0.399414 0.630859 0.394531 0.628906 0.392578 0.619141 0.392578 0.611328 0.399414 0.610352
0 0.380859 0.619141 0.371094 0.616211 0.375 0.608398 0.379883 0.608398 0.383789 0.611328
0 0.408203 0.68457 0.394531 0.686523 0.391602 0.681641 0.389648 0.674805 0.392578 0.667969 0.397461 0.668945 0.400391 0.673828 0.401367 0.678711 0.405273 0.674805 0.411133 0.674805 0.412109 0.679688
0 0.427734 0.589844 0.416992 0.583984 0.411133 0.582031 0.40918 0.574219 0.407227 0.569336 0.408203 0.5625 0.415039 0.561523 0.421875 0.564453 0.426758 0.567383 0.433594 0.567383 0.4375 0.571289 0.438477 0.579102 0.436523 0.587891
0 0.399414 0.558594 0.390625 0.556641 0.391602 0.547852 0.396484 0.547852 0.402344 0.549805
0 0.457031 0.566406 0.447266 0.563477 0.44043 0.556641 0.442383 0.547852 0.449219 0.542969 0.457031 0.541992 0.463867 0.546875 0.464844 0.552734 0.463867 0.561523
0 0.448242 0.583008 0.439453 0.576172 0.441406 0.566406 0.448242 0.571289 0.452148 0.575195
0 0.464844 0.612305 0.458008 0.607422 0.458008 0.600586 0.462891 0.599609 0.467773 0.599609 0.470703 0.604492 0.470703 0.610352
0 0.450195 0.665039 0.442383 0.666016 0.442383 0.65918 0.447266 0.657227 0.452148 0.657227
0 0.478516 0.666992 0.469727 0.667969 0.469727 0.661133 0.474609 0.660156 0.479492 0.660156
0 0.510742 0.664062 0.50293 0.663086 0.500977 0.65625 0.505859 0.654297 0.510742 0.655273
0 0.484375 0.646484 0.478516 0.645508 0.478516 0.636719 0.483398 0.635742 0.486328 0.640625
0 0.464844 0.641602 0.458008 0.634766 0.459961 0.628906 0.46582 0.630859 0.469727 0.639648
0 0.5 0.615234 0.493164 0.614258 0.487305 0.610352 0.489258 0.601562 0.498047 0.599609 0.50293 0.603516 0.505859 0.609375
0 0.505859 0.594727 0.492188 0.594727 0.493164 0.582031 0.505859 0.579102 0.512695 0.584961 0.511719 0.589844
0 0.488281 0.544922 0.480469 0.540039 0.483398 0.533203 0.489258 0.53125 0.494141 0.532227 0.495117 0.540039
0 0.380859 0.515625 0.37207 0.519531 0.364258 0.514648 0.357422 0.508789 0.351562 0.504883 0.355469 0.491211 0.360352 0.484375 0.369141 0.485352 0.375 0.493164 0.375977 0.499023 0.375977 0.504883 0.378906 0.509766
0 0.519531 0.514648 0.512695 0.509766 0.515625 0.5 0.523438 0.501953 0.525391 0.507812
0 0.506836 0.510742 0.500977 0.507812 0.500977 0.501953 0.506836 0.500977 0.511719 0.501953
0 0.446289 0.530273 0.436523 0.53125 0.438477 0.523438 0.445312 0.522461 0.451172 0.523438 0.452148 0.529297
0 0.453125 0.594727 0.446289 0.59375 0.446289 0.587891 0.452148 0.583984 0.456055 0.589844
0 0.466797 0.586914 0.459961 0.586914 0.460938 0.580078 0.46582 0.580078
0 0.358398 0.594727 0.365234 0.592773 0.370117 0.59375 0.371094 0.598633 0.366211 0.601562 0.358398 0.601562
0 0.490234 0.575195 0.481445 0.582031 0.470703 0.585938 0.466797 0.582031 0.470703 0.568359 0.477539 0.561523 0.486328 0.558594 0.492188 0.5625 0.49707 0.5625 0.49707 0.572266
0 0.551758 0.577148 0.543945 0.574219 0.537109 0.567383 0.538086 0.557617 0.546875 0.555664 0.554688 0.558594 0.558594 0.5625 0.561523 0.571289
0 0.558594 0.597656 0.547852 0.59375 0.543945 0.587891 0.549805 0.573242 0.557617 0.577148 0.560547 0.583008 0.5625 0.589844
0 0.544922 0.594727 0.537109 0.595703 0.53418 0.589844 0.537109 0.583984 0.542969 0.585938
0 0.535156 0.582031 0.527344 0.582031 0.521484 0.576172 0.522461 0.571289 0.52832 0.567383 0.533203 0.566406 0.537109 0.570312
0 0.574219 0.487305 0.564453 0.474609 0.563477 0.466797 0.567383 0.463867 0.572266 0.464844 0.576172 0.472656
0 0.616211 0.547852 0.607422 0.547852 0.606445 0.540039 0.608398 0.532227 0.613281 0.53125 0.618164 0.530273 0.621094 0.525391 0.626953 0.526367 0.630859 0.536133 0.630859 0.545898 0.626953 0.549805
0 0.626953 0.5625 0.614258 0.563477 0.604492 0.567383 0.600586 0.563477 0.601562 0.554688 0.606445 0.552734 0.609375 0.548828 0.615234 0.544922 0.626953 0.543945 0.633789 0.545898 0.633789 0.554688 0.629883 0.557617
0 0.599609 0.553711 0.589844 0.557617 0.584961 0.553711 0.585938 0.546875 0.589844 0.541016 0.594727 0.540039 0.600586 0.544922
0 0.583008 0.579102 0.569336 0.583008 0.563477 0.578125 0.567383 0.56543 0.579102 0.560547 0.585938 0.561523 0.589844 0.567383 0.588867 0.577148
0 0.710938 0.865234 0.702148 0.863281 0.700195 0.858398 0.702148 0.853516 0.707031 0.851562 0.712891 0.856445
0 0.725586 0.831055 0.716797 0.831055 0.71582 0.819336 0.725586 0.814453 0.733398 0.824219
0 0.712891 0.822266 0.705078 0.821289 0.704102 0.811523 0.708984 0.808594 0.714844 0.810547 0.717773 0.818359
0 0.699219 0.822266 0.689453 0.824219 0.692383 0.808594 0.701172 0.811523 0.703125 0.817383
0 0.734375 0.813477 0.726562 0.816406 0.722656 0.811523 0.724609 0.805664 0.729492 0.803711
0 0.75 0.804688 0.738281 0.804688 0.735352 0.798828 0.737305 0.793945 0.743164 0.788086 0.75 0.791016 0.754883 0.800781
0 0.745117 0.782227 0.74707 0.777344 0.751953 0.777344 0.754883 0.78125 0.753906 0.786133 0.749023 0.789062
0 0.730469 0.783203 0.724609 0.782227 0.720703 0.775391 0.724609 0.771484 0.729492 0.771484 0.732422 0.775391
0 0.806641 0.787109 0.798828 0.783203 0.799805 0.773438 0.811523 0.772461 0.818359 0.78418
0 0.798828 0.782227 0.790039 0.785156 0.787109 0.780273 0.787109 0.768555 0.791992 0.759766 0.797852 0.757812 0.803711 0.757812 0.806641 0.767578 0.801758 0.770508 0.801758 0.775391
0 0.8125 0.759766 0.803711 0.750977 0.800781 0.743164 0.808594 0.738281 0.813477 0.737305 0.818359 0.739258 0.821289 0.743164 0.819336 0.751953
0 0.767578 0.770508 0.759766 0.770508 0.756836 0.762695 0.757812 0.75293 0.761719 0.746094 0.768555 0.743164 0.774414 0.75 0.768555 0.759766 0.765625 0.764648
0 0.737305 0.74707 0.726562 0.746094 0.725586 0.735352 0.733398 0.732422 0.740234 0.737305 0.742188 0.742188
1 0.746094 0.72168 0.735352 0.723633 0.71875 0.734375 0.714844 0.729492 0.714844 0.720703 0.71582 0.713867 0.727539 0.711914 0.733398 0.708008 0.740234 0.702148 0.748047 0.702148 0.757812 0.706055 0.762695 0.710938 0.753906 0.71875
0 0.795898 0.741211 0.787109 0.734375 0.787109 0.726562 0.793945 0.724609 0.801758 0.733398
1 0.536133 0.626953 0.522461 0.628906 0.519531 0.634766 0.511719 0.640625 0.505859 0.640625 0.49707 0.637695 0.493164 0.633789 0.494141 0.625 0.50293 0.625 0.512695 0.623047 0.516602 0.618164 0.521484 0.615234 0.527344 0.615234 0.530273 0.609375 0.535156 0.608398 0.540039 0.608398 0.543945 0.604492 0.548828 0.604492 0.555664 0.609375 0.552734 0.615234 0.544922 0.62207
1 0.591797 0.603516 0.579102 0.609375 0.577148 0.615234 0.571289 0.617188 0.56543 0.616211 0.560547 0.608398 0.571289 0.59668 0.583984 0.589844 0.591797 0.588867 0.598633 0.588867 0.605469 0.582031 0.609375 0.581055 0.62207 0.580078 0.625977 0.585938 0.621094 0.591797 0.607422 0.597656 0.595703 0.600586
0 0.648438 0.580078 0.645508 0.585938 0.635742 0.584961 0.633789 0.578125 0.634766 0.573242 0.642578 0.571289 0.647461 0.573242
0 0.59668 0.730469 0.588867 0.722656 0.59082 0.709961 0.599609 0.712891 0.605469 0.719727 0.604492 0.725586
0 0.617188 0.729492 0.607422 0.720703 0.611328 0.713867 0.62207 0.71582 0.626953 0.717773 0.62793 0.724609
0 0.630859 0.744141 0.623047 0.734375 0.619141 0.72168 0.632812 0.725586 0.635742 0.731445 0.635742 0.737305
0 0.616211 0.712891 0.606445 0.707031 0.600586 0.703125 0.601562 0.694336 0.607422 0.694336 0.614258 0.697266 0.615234 0.702148
0 0.688477 0.679688 0.680664 0.678711 0.671875 0.680664 0.666992 0.678711 0.665039 0.671875 0.665039 0.661133 0.674805 0.658203 0.679688 0.662109 0.68457 0.661133 0.695312 0.661133 0.700195 0.664062 0.701172 0.670898 0.696289 0.675781
0 0.692383 0.698242 0.685547 0.689453 0.6875 0.683594 0.694336 0.68457 0.695312 0.693359
0 0.589844 0.691406 0.594727 0.698242 0.59375 0.708008 0.588867 0.706055 0.582031 0.698242 0.583984 0.69043
0 0.598633 0.686523 0.588867 0.689453 0.584961 0.677734 0.588867 0.672852 0.59668 0.672852 0.602539 0.679688
0 0.519531 0.74707 0.512695 0.744141 0.517578 0.733398 0.52832 0.742188
0 0.545898 0.753906 0.538086 0.748047 0.548828 0.740234 0.557617 0.746094 0.558594 0.75293
0 0.556641 0.697266 0.550781 0.694336 0.551758 0.683594 0.560547 0.692383
0 0.580078 0.679688 0.571289 0.676758 0.570312 0.667969 0.575195 0.666016 0.582031 0.667969 0.584961 0.674805
0 0.569336 0.664062 0.556641 0.654297 0.564453 0.642578 0.578125 0.646484 0.574219 0.65625
0 0.564453 0.648438 0.552734 0.644531 0.549805 0.637695 0.549805 0.625977 0.552734 0.617188 0.5625 0.620117 0.567383 0.625 0.568359 0.634766 0.568359 0.644531
0 0.582031 0.647461 0.573242 0.640625 0.571289 0.628906 0.572266 0.620117 0.577148 0.619141 0.583008 0.621094 0.59082 0.630859 0.586914 0.643555
0 0.601562 0.667969 0.59082 0.672852 0.589844 0.665039 0.597656 0.65625 0.603516 0.65625
0 0.663086 0.666992 0.655273 0.669922 0.652344 0.664062 0.658203 0.655273 0.662109 0.652344 0.670898 0.655273 0.670898 0.660156
0 0.639648 0.673828 0.625 0.679688 0.612305 0.681641 0.615234 0.673828 0.623047 0.669922 0.626953 0.665039 0.637695 0.664062 0.641602 0.667969
0 0.651367 0.611328 0.640625 0.614258 0.634766 0.609375 0.634766 0.601562 0.640625 0.59668 0.645508 0.595703 0.650391 0.592773 0.655273 0.59082 0.658203 0.597656 0.654297 0.606445
0 0.670898 0.609375 0.666016 0.602539 0.663086 0.595703 0.666016 0.589844 0.676758 0.594727 0.680664 0.606445
0 0.674805 0.62207 0.667969 0.618164 0.667969 0.609375 0.675781 0.605469 0.679688 0.608398 0.679688 0.618164
0 0.608398 0.623047 0.592773 0.623047 0.597656 0.615234 0.603516 0.614258 0.601562 0.609375 0.612305 0.613281 0.612305 0.619141
0 0.625977 0.62207 0.615234 0.618164 0.618164 0.607422 0.626953 0.604492 0.630859 0.608398 0.633789 0.613281 0.632812 0.621094
