0 0.0234375 0.000976562 0.0292969 0.00195312 0.03125 0.00878906 0.0253906 0.0107422 0.0214844 0.0078125
1 0.0126953 0 0.0195312 0.00585938 0.0195312 0.0136719 0.015625 0.0205078 0.00683594 0.0244141 0.00292969 0.0302734 0 0.03125 0 0
0 0.158203 0.0205078 0.164062 0.0214844 0.166992 0.0273438 0.163086 0.0322266 0.15625 0.0283203
0 0.150391 0.0419922 0.157227 0.0439453 0.15918 0.0556641 0.15332 0.0585938 0.148438 0.0527344
0 0.104492 0.0224609 0.111328 0.0214844 0.115234 0.0292969 0.107422 0.03125 0.101562 0.0273438
0 0.0576172 0.0507812 0.0654297 0.0546875 0.0654297 0.0634766 0.0566406 0.0634766 0.0537109 0.0566406
0 0.0742188 0.0615234 0.0810547 0.0644531 0.0810547 0.0742188 0.0732422 0.0732422 0.0703125 0.0673828
0 0.142578 0.0859375 0.143555 0.0947266 0.140625 0.0996094 0.131836 0.0996094 0.132812 0.0927734 0.135742 0.0859375
0 0.160156 0.0976562 0.166016 0.103516 0.166016 0.103516 0.162109 0.108398 0.154297 0.106445 0.15332 0.0996094
0 0.166992 0.111328 0.172852 0.113281 0.173828 0.120117 0.166992 0.120117 0.164062 0.113281
0 0.194336 0.148438 0.199219 0.151367 0.200195 0.158203 0.194336 0.15918 0.19043 0.154297
0 0.219727 0.161133 0.22168 0.166992 0.214844 0.169922 0.211914 0.165039 0.211914 0.158203
0 0.249023 0.144531 0.25293 0.151367 0.251953 0.160156 0.245117 0.161133 0.238281 0.154297 0.243164 0.145508
0 0.25293 0.129883 0.255859 0.134766 0.254883 0.139648 0.248047 0.136719 0.24707 0.131836
0 0.231445 0.0625 0.234375 0.0693359 0.228516 0.0722656 0.224609 0.0644531
0 0.235352 0.0947266 0.236328 0.102539 0.229492 0.106445 0.223633 0.0996094 0.225586 0.0908203
0 0.237305 0.0878906 0.233398 0.0927734 0.229492 0.0869141 0.233398 0.0839844
1 0.243164 0.0722656 0.25 0.0722656 0.257812 0.0664062 0.264648 0.0683594 0.264648 0.0751953 0.259766 0.0839844 0.253906 0.0898438 0.246094 0.0947266 0.238281 0.0917969 0.241211 0.0810547 0.232422 0.0761719 0.234375 0.0703125
0 0.0146484 0.102539 0.0234375 0.102539 0.0253906 0.108398 0.0195312 0.112305 0.0126953 0.111328 0.0107422 0.105469
0 0.0273438 0.118164 0.0332031 0.116211 0.0371094 0.119141 0.0332031 0.123047 0.0283203 0.123047
0 0.155273 0.114258 0.161133 0.113281 0.162109 0.119141 0.15625 0.120117
0 0.154297 0.123047 0.158203 0.12207 0.161133 0.12793 0.161133 0.132812 0.15625 0.132812 0.152344 0.126953
1 0 0.109375 0.00683594 0.114258 0.00976562 0.125977 0.00683594 0.134766 0.00585938 0.142578 0.00390625 0.150391 0 0.151367
0 0.203125 0.177734 0.209961 0.177734 0.211914 0.182617 0.208008 0.186523 0.203125 0.18457
0 0.22168 0.170898 0.227539 0.167969 0.232422 0.169922 0.235352 0.175781 0.235352 0.181641 0.231445 0.185547 0.231445 0.185547 0.222656 0.18457 0.219727 0.176758
1 0.114258 0.141602 0.118164 0.148438 0.117188 0.154297 0.117188 0.160156 0.112305 0.160156 0.105469 0.157227 0.105469 0.148438 0.106445 0.141602
1 0.0810547 0.146484 0.0849609 0.144531 0.0927734 0.146484 0.0957031 0.15332 0.100586 0.157227 0.105469 0.161133 0.111328 0.164062 0.113281 0.169922 0.109375 0.172852 0.103516 0.170898 0.0996094 0.166016 0.0947266 0.167969 0.0878906 0.166016 0.0820312 0.15918 0.078125 0.15332 0.0800781 0.149414
1 0.00488281 0.155273 0.0126953 0.15332 0.015625 0.161133 0.0195312 0.167969 0.0263672 0.171875 0.0283203 0.178711 0.0214844 0.179688 0.0126953 0.180664 0.0078125 0.185547 0.00292969 0.185547 0 0.183594 0 0.154297
0 0.242188 0.19043 0.249023 0.192383 0.250977 0.198242 0.249023 0.203125 0.244141 0.203125 0.238281 0.196289
0 0.250977 0.202148 0.255859 0.207031 0.253906 0.213867 0.248047 0.212891 0.244141 0.208008 0.243164 0.203125
1 0.000976562 0.192383 0.00976562 0.19043 0.0175781 0.192383 0.0195312 0.197266 0.0175781 0.202148 0.0205078 0.209961 0.0244141 0.217773 0.0244141 0.226562 0.0195312 0.233398 0.0214844 0.242188 0.0234375 0.248047 0.0195312 0.250977 0.00878906 0.248047 0.00488281 0.25293 0 0.251953
0 0.015625 0.182617 0.0185547 0.179688 0.0224609 0.180664 0.0244141 0.185547 0.0214844 0.1875 0.015625 0.1875
0 0.0556641 0.167969 0.0566406 0.173828 0.0517578 0.174805 0.0507812 0.170898
0 0.0742188 0.167969 0.0820312 0.171875 0.0859375 0.180664 0.0849609 0.189453 0.078125 0.193359 0.0673828 0.191406 0.0644531 0.180664 0.0664062 0.172852
0 0.0986328 0.182617 0.107422 0.186523 0.108398 0.194336 0.106445 0.200195 0.100586 0.201172 0.09375 0.192383 0.0898438 0.186523 0.0917969 0.181641
1 0.124023 0.170898 0.131836 0.170898 0.135742 0.178711 0.134766 0.1875 0.132812 0.192383 0.135742 0.197266 0.138672 0.202148 0.143555 0.207031 0.149414 0.207031 0.154297 0.21582 0.160156 0.223633 0.162109 0.230469 0.160156 0.235352 0.154297 0.232422 0.147461 0.224609 0.141602 0.223633 0.148438 0.234375 0.151367 0.241211 0.147461 0.245117 0.137695 0.242188 0.130859 0.228516 0.126953 0.220703 0.121094 0.21582 0.112305 0.209961 0.108398 0.198242 0.113281 0.19043 0.117188 0.186523 0.110352 0.179688 0.112305 0.171875 0.117188 0.167969 0.119141 0.170898
0 0.15332 0.185547 0.160156 0.180664 0.166016 0.185547 0.166992 0.193359 0.166016 0.203125 0.15918 0.207031 0.151367 0.203125 0.148438 0.191406
0 0.163086 0.206055 0.170898 0.210938 0.172852 0.22168 0.168945 0.227539 0.163086 0.229492 0.157227 0.222656 0.154297 0.210938
1 0.0341797 0.194336 0.0419922 0.194336 0.0478516 0.197266 0.0507812 0.204102 0.0556641 0.208984 0.0576172 0.220703 0.0537109 0.231445 0.0537109 0.231445 0.0439453 0.241211 0.0390625 0.246094 0.03125 0.244141 0.0283203 0.230469 0.0263672 0.223633 0.0263672 0.212891 0.0273438 0.205078 0.0302734 0.199219
0 0.172852 0.222656 0.179688 0.228516 0.183594 0.238281 0.186523 0.246094 0.180664 0.250977 0.170898 0.25 0.162109 0.245117 0.160156 0.237305 0.163086 0.228516
0 0.226562 0.25293 0.229492 0.260742 0.228516 0.267578 0.224609 0.269531 0.217773 0.266602 0.216797 0.25293 0.21875 0.249023
0 0.208008 0.251953 0.212891 0.256836 0.213867 0.264648 0.209961 0.267578 0.203125 0.263672 0.200195 0.255859 0.201172 0.248047 0.203125 0.24707
0 0.192383 0.253906 0.195312 0.262695 0.189453 0.267578 0.182617 0.266602 0.178711 0.259766 0.183594 0.253906
0 0.101562 0.211914 0.110352 0.21582 0.113281 0.222656 0.112305 0.231445 0.111328 0.238281 0.103516 0.238281 0.0986328 0.228516 0.0976562 0.21875 0.0976562 0.21875
0 0.0966797 0.233398 0.0996094 0.240234 0.0996094 0.246094 0.0898438 0.24707 0.0849609 0.240234 0.0849609 0.240234 0.0869141 0.230469
0 0.0185547 0.269531 0.0253906 0.269531 0.0292969 0.275391 0.0273438 0.28125 0.0214844 0.28125 0.0175781 0.275391
0 0.0136719 0.283203 0.0214844 0.28125 0.0244141 0.287109 0.0195312 0.291992 0.0146484 0.289062
0 0.00292969 0.294922 0.0078125 0.290039 0.0126953 0.291992 0.0126953 0.298828 0.00488281 0.299805
0 0.0195312 0.292969 0.0234375 0.290039 0.0273438 0.292969 0.0283203 0.295898 0.0244141 0.299805 0.0195312 0.297852
0 0.0302734 0.28418 0.0351562 0.285156 0.0371094 0.291016 0.0322266 0.292969
0 0.0234375 0.253906 0.0283203 0.25293 0.03125 0.258789 0.0283203 0.261719 0.0244141 0.259766
0 0.0322266 0.268555 0.0371094 0.269531 0.0390625 0.274414 0.0361328 0.277344 0.03125 0.274414
0 0.046875 0.279297 0.0537109 0.285156 0.0566406 0.291992 0.0527344 0.297852 0.0458984 0.293945 0.0458984 0.293945 0.0439453 0.285156
1 0.0859375 0.250977 0.0947266 0.257812 0.0947266 0.271484 0.0878906 0.275391 0.0791016 0.275391 0.0693359 0.270508 0.0703125 0.256836 0.0732422 0.25 0.0800781 0.250977
0 0.175781 0.285156 0.179688 0.291016 0.176758 0.295898 0.167969 0.294922 0.166016 0.285156 0.170898 0.282227
0 0.123047 0.25293 0.126953 0.261719 0.120117 0.266602 0.113281 0.262695 0.115234 0.25293
0 0.142578 0.266602 0.146484 0.274414 0.140625 0.277344 0.136719 0.272461 0.136719 0.272461
0 0.130859 0.277344 0.134766 0.279297 0.133789 0.286133 0.12793 0.289062 0.12207 0.286133 0.12207 0.279297
0 0.162109 0.295898 0.164062 0.301758 0.161133 0.305664 0.15625 0.303711 0.15625 0.298828
0 0.155273 0.305664 0.160156 0.30957 0.160156 0.316406 0.152344 0.317383 0.149414 0.310547
0 0.137695 0.287109 0.145508 0.285156 0.152344 0.292969 0.147461 0.305664 0.147461 0.305664 0.136719 0.306641 0.128906 0.30957 0.121094 0.304688 0.123047 0.294922 0.123047 0.294922 0.12793 0.290039
1 0.103516 0.285156 0.105469 0.286133 0.111328 0.289062 0.114258 0.297852 0.116211 0.311523 0.116211 0.317383 0.110352 0.317383 0.105469 0.307617 0.0986328 0.305664 0.0986328 0.305664 0.0917969 0.298828 0.0908203 0.291016 0.0966797 0.285156
1 0.000976562 0.304688 0.00683594 0.304688 0.0126953 0.302734 0.0224609 0.305664 0.0273438 0.31543 0.0332031 0.324219 0.03125 0.333008 0.0302734 0.336914 0.0361328 0.34082 0.0410156 0.345703 0.0458984 0.34082 0.0439453 0.335938 0.0439453 0.331055 0.0361328 0.323242 0.0341797 0.316406 0.0380859 0.310547 0.0449219 0.306641 0.0527344 0.304688 0.0615234 0.308594 0.0654297 0.316406 0.0664062 0.323242 0.0625 0.330078 0.0634766 0.338867 0.0673828 0.348633 0.0664062 0.355469 0.0634766 0.360352 0.0654297 0.368164 0.0712891 0.371094 0.0742188 0.381836 0.0791016 0.387695 0.0810547 0.395508 0.0810547 0.395508 0.0751953 0.399414 0.0761719 0.40625 0.0683594 0.407227 0.0605469 0.398438 0.0517578 0.392578 0.0449219 0.387695 0.0390625 0.376953 0.0332031 0.370117 0.0253906 0.368164 0.0175781 0.368164 0.00976562 0.360352 0.00292969 0.356445 0 0.353516
0 0.0742188 0.329102 0.0791016 0.327148 0.0810547 0.331055 0.0791016 0.334961 0.0732422 0.332031
0 0.0810547 0.311523 0.0820312 0.318359 0.078125 0.321289 0.0742188 0.316406 0.0751953 0.30957
0 0.0761719 0.341797 0.0810547 0.345703 0.078125 0.349609 0.0732422 0.345703
0 0.0732422 0.354492 0.0791016 0.353516 0.0791016 0.361328 0.0742188 0.361328 0.0722656 0.358398
0 0.0791016 0.378906 0.0830078 0.37793 0.0869141 0.382812 0.0839844 0.385742 0.078125 0.383789
0 0.0888672 0.374023 0.0947266 0.375977 0.0976562 0.381836 0.09375 0.383789 0.0888672 0.383789 0.0859375 0.37793
0 0.0927734 0.370117 0.102539 0.366211 0.109375 0.369141 0.111328 0.374023 0.109375 0.378906 0.103516 0.379883 0.0986328 0.376953
0 0.112305 0.378906 0.121094 0.378906 0.12793 0.384766 0.129883 0.392578 0.125 0.395508 0.118164 0.394531 0.110352 0.387695
0 0.107422 0.356445 0.111328 0.360352 0.111328 0.367188 0.103516 0.365234 0.0996094 0.359375
0 0.115234 0.345703 0.120117 0.349609 0.119141 0.356445 0.113281 0.359375 0.107422 0.355469 0.107422 0.355469 0.107422 0.349609
0 0.120117 0.341797 0.124023 0.342773 0.125 0.347656 0.12207 0.349609 0.116211 0.345703
0 0.110352 0.327148 0.120117 0.331055 0.121094 0.335938 0.119141 0.339844 0.111328 0.341797 0.104492 0.338867 0.102539 0.330078
0 0.133789 0.323242 0.135742 0.333008 0.132812 0.337891 0.125977 0.335938 0.125 0.329102 0.12793 0.323242
0 0.123047 0.308594 0.125 0.313477 0.123047 0.317383 0.116211 0.31543 0.117188 0.308594
0 0.157227 0.316406 0.165039 0.319336 0.165039 0.324219 0.157227 0.326172 0.152344 0.322266
1 0.149414 0.326172 0.152344 0.328125 0.158203 0.327148 0.167969 0.324219 0.175781 0.329102 0.179688 0.334961 0.186523 0.337891 0.194336 0.338867 0.200195 0.341797 0.201172 0.349609 0.199219 0.356445 0.204102 0.364258 0.205078 0.374023 0.207031 0.383789 0.214844 0.391602 0.213867 0.399414 0.208984 0.401367 0.204102 0.396484 0.200195 0.391602 0.192383 0.384766 0.186523 0.379883 0.1875 0.371094 0.179688 0.374023 0.172852 0.371094 0.168945 0.362305 0.165039 0.354492 0.165039 0.344727 0.15625 0.342773 0.152344 0.336914 0.150391 0.329102
0 0.209961 0.40918 0.216797 0.411133 0.219727 0.419922 0.21875 0.425781 0.209961 0.424805 0.206055 0.416992
0 0.161133 0.369141 0.167969 0.37207 0.167969 0.376953 0.164062 0.376953 0.160156 0.37207
0 0.148438 0.368164 0.152344 0.369141 0.15332 0.374023 0.15332 0.374023 0.150391 0.37793 0.146484 0.374023
0 0.165039 0.391602 0.170898 0.392578 0.171875 0.400391 0.168945 0.404297 0.163086 0.401367
0 0.175781 0.414062 0.180664 0.414062 0.183594 0.419922 0.179688 0.422852 0.174805 0.418945
0 0.18457 0.399414 0.188477 0.400391 0.19043 0.40332 0.1875 0.40625
0 0.192383 0.404297 0.195312 0.405273 0.196289 0.40918 0.193359 0.411133 0.19043 0.408203
0 0.201172 0.404297 0.205078 0.405273 0.206055 0.40918 0.202148 0.411133 0.199219 0.408203
0 0.143555 0.383789 0.146484 0.380859 0.147461 0.386719 0.145508 0.388672 0.140625 0.386719
0 0.131836 0.390625 0.137695 0.390625 0.137695 0.395508 0.133789 0.395508
0 0.15918 0.410156 0.165039 0.414062 0.164062 0.416992 0.15918 0.415039
0 0.154297 0.419922 0.160156 0.419922 0.162109 0.424805 0.157227 0.425781
0 0.0253906 0.374023 0.0292969 0.379883 0.0263672 0.382812 0.0224609 0.379883 0.0205078 0.374023
0 0.0253906 0.389648 0.0292969 0.390625 0.0302734 0.394531 0.0253906 0.393555
0 0.0146484 0.393555 0.015625 0.399414 0.0107422 0.402344 0.00585938 0.400391 0.00585938 0.393555 0.00976562 0.393555
0 0.0273438 0.405273 0.0302734 0.412109 0.0263672 0.414062 0.0214844 0.412109 0.0224609 0.407227
0 0.0351562 0.400391 0.0380859 0.399414 0.0400391 0.402344 0.0380859 0.40625 0.0341797 0.404297
0 0.0410156 0.40625 0.0458984 0.40625 0.0458984 0.412109 0.0429688 0.412109 0.0400391 0.411133
0 0.0527344 0.416016 0.0576172 0.417969 0.0595703 0.422852 0.0546875 0.425781 0.0507812 0.422852 0.0507812 0.418945
0 0.0693359 0.415039 0.0742188 0.416992 0.0742188 0.420898 0.0722656 0.423828 0.0673828 0.422852 0.0664062 0.417969
0 0.078125 0.401367 0.0800781 0.404297 0.0791016 0.410156 0.078125 0.413086 0.0751953 0.414062 0.0722656 0.411133 0.0742188 0.405273
0 0.0859375 0.425781 0.0898438 0.431641 0.0869141 0.43457 0.0820312 0.430664 0.0820312 0.424805
0 0.0625 0.430664 0.0683594 0.432617 0.0703125 0.438477 0.0664062 0.441406 0.0585938 0.438477 0.0585938 0.433594
0 0.0820312 0.44043 0.0849609 0.445312 0.0820312 0.449219 0.0761719 0.447266 0.0751953 0.44043
0 0.0556641 0.444336 0.0585938 0.449219 0.0537109 0.454102 0.0498047 0.450195 0.0498047 0.445312
0 0.103516 0.432617 0.110352 0.433594 0.109375 0.438477 0.105469 0.439453 0.104492 0.4375
0 0.114258 0.442383 0.121094 0.443359 0.120117 0.450195 0.115234 0.449219 0.114258 0.444336
0 0.112305 0.395508 0.124023 0.396484 0.130859 0.400391 0.130859 0.400391 0.131836 0.410156 0.125977 0.415039 0.118164 0.415039 0.112305 0.40918 0.106445 0.40332 0.106445 0.397461
1 0.132812 0.412109 0.139648 0.414062 0.144531 0.423828 0.152344 0.428711 0.152344 0.443359 0.146484 0.452148 0.140625 0.456055 0.129883 0.450195 0.126953 0.441406 0.120117 0.438477 0.113281 0.425781 0.114258 0.417969 0.123047 0.415039
0 0.180664 0.425781 0.18457 0.424805 0.186523 0.428711 0.181641 0.429688
0 0.179688 0.447266 0.183594 0.445312 0.18457 0.450195 0.181641 0.451172
0 0.174805 0.452148 0.177734 0.450195 0.179688 0.453125 0.177734 0.456055
0 0.166992 0.455078 0.170898 0.455078 0.170898 0.459961 0.166992 0.459961
1 0.119141 0.458008 0.12793 0.458008 0.136719 0.460938 0.140625 0.46875 0.139648 0.472656 0.148438 0.470703 0.15625 0.474609 0.15918 0.479492 0.162109 0.486328 0.167969 0.486328 0.171875 0.493164 0.168945 0.501953 0.162109 0.50293 0.162109 0.50293 0.151367 0.498047 0.144531 0.489258 0.135742 0.496094 0.12793 0.491211 0.123047 0.483398 0.116211 0.479492 0.110352 0.486328 0.118164 0.488281 0.121094 0.49707 0.118164 0.500977 0.105469 0.499023 0.0976562 0.493164 0.0976562 0.483398 0.09375 0.47168 0.0996094 0.46875 0.103516 0.461914 0.111328 0.458008
0 0.15332 0.447266 0.15918 0.445312 0.162109 0.449219 0.158203 0.453125
0 0.157227 0.462891 0.161133 0.461914 0.165039 0.46582 0.161133 0.469727 0.157227 0.46582
0 0.163086 0.47168 0.166992 0.47168 0.166992 0.477539 0.162109 0.476562
0 0.181641 0.489258 0.183594 0.49707 0.178711 0.500977 0.173828 0.496094 0.173828 0.489258
0 0.18457 0.488281 0.192383 0.488281 0.193359 0.496094 0.188477 0.49707 0.183594 0.494141
0 0.195312 0.487305 0.201172 0.488281 0.203125 0.494141 0.203125 0.494141 0.200195 0.499023 0.194336 0.498047 0.192383 0.492188
0 0.205078 0.485352 0.211914 0.489258 0.209961 0.493164 0.205078 0.492188 0.203125 0.488281
0 0.209961 0.495117 0.212891 0.500977 0.211914 0.504883 0.206055 0.504883 0.202148 0.500977 0.204102 0.496094
0 0.201172 0.501953 0.204102 0.505859 0.201172 0.509766 0.197266 0.50293
0 0.208984 0.507812 0.214844 0.513672 0.21582 0.522461 0.213867 0.527344 0.208008 0.525391 0.204102 0.517578 0.204102 0.509766
0 0.208008 0.526367 0.208984 0.53418 0.204102 0.538086 0.197266 0.536133 0.195312 0.526367 0.199219 0.520508 0.204102 0.520508
1 0.000976562 0.482422 0.0078125 0.487305 0.0117188 0.49707 0.0136719 0.503906 0.00976562 0.508789 0.0185547 0.512695 0.0214844 0.523438 0.0175781 0.52832 0.0175781 0.52832 0.00976562 0.530273 0 0.530273
0 0.00878906 0.486328 0.015625 0.485352 0.0175781 0.489258 0.0175781 0.494141 0.0136719 0.493164 0.00976562 0.492188
0 0.0556641 0.491211 0.0605469 0.493164 0.0625 0.498047 0.0576172 0.500977 0.0537109 0.49707
0 0.0410156 0.505859 0.0449219 0.504883 0.046875 0.510742 0.0410156 0.510742
0 0.0332031 0.510742 0.0371094 0.509766 0.0390625 0.515625 0.0341797 0.516602
0 0.0302734 0.517578 0.0341797 0.519531 0.0322266 0.524414 0.0283203 0.522461
0 0.0693359 0.5 0.0791016 0.50293 0.0878906 0.506836 0.0859375 0.513672 0.078125 0.519531 0.078125 0.519531 0.0732422 0.524414 0.0732422 0.524414 0.0673828 0.523438 0.0615234 0.518555 0.0605469 0.510742 0.0664062 0.50293
0 0.141602 0.5 0.152344 0.504883 0.154297 0.512695 0.154297 0.512695 0.148438 0.517578 0.137695 0.515625 0.131836 0.508789 0.134766 0.50293
0 0.115234 0.50293 0.121094 0.500977 0.121094 0.505859 0.116211 0.505859
0 0.121094 0.512695 0.125977 0.514648 0.125977 0.519531 0.120117 0.518555
0 0.154297 0.514648 0.160156 0.520508 0.161133 0.52832 0.155273 0.530273 0.155273 0.530273 0.147461 0.525391 0.147461 0.525391 0.140625 0.522461 0.138672 0.517578 0.145508 0.516602
0 0.162109 0.53125 0.167969 0.535156 0.166016 0.541016 0.160156 0.540039 0.158203 0.53418
0 0.101562 0.526367 0.110352 0.530273 0.111328 0.539062 0.105469 0.544922 0.0976562 0.543945 0.0976562 0.543945 0.0966797 0.532227
0 0.0898438 0.527344 0.0957031 0.53418 0.09375 0.541992 0.0849609 0.541992 0.0810547 0.533203 0.0830078 0.52832
0 0.0302734 0.525391 0.0400391 0.526367 0.0439453 0.53418 0.0371094 0.539062 0.0371094 0.539062 0.0292969 0.537109 0.0253906 0.529297
0 0.0849609 0.547852 0.0888672 0.549805 0.0888672 0.553711 0.0839844 0.552734
0 0.078125 0.557617 0.0839844 0.558594 0.0830078 0.563477 0.0800781 0.5625
0 0.105469 0.556641 0.111328 0.560547 0.112305 0.570312 0.109375 0.576172 0.100586 0.577148 0.0966797 0.569336 0.0966797 0.560547 0.103516 0.557617
0 0.12793 0.546875 0.130859 0.55957 0.130859 0.55957 0.129883 0.566406 0.120117 0.570312 0.112305 0.567383 0.111328 0.557617 0.116211 0.548828 0.116211 0.548828 0.123047 0.544922
0 0.0878906 0.575195 0.09375 0.583008 0.0908203 0.589844 0.0839844 0.586914 0.0820312 0.579102 0.0859375 0.576172
0 0.0888672 0.59082 0.09375 0.598633 0.0908203 0.603516 0.0849609 0.602539 0.0820312 0.59375
1 0.0527344 0.547852 0.0615234 0.550781 0.0644531 0.55957 0.0576172 0.561523 0.0517578 0.557617 0.0488281 0.552734
0 0.0390625 0.558594 0.0390625 0.564453 0.0351562 0.563477 0.0341797 0.55957
0 0.0253906 0.563477 0.0292969 0.563477 0.0292969 0.567383 0.0263672 0.567383
0 0.0195312 0.572266 0.0214844 0.570312 0.0224609 0.574219 0.0185547 0.575195
1 0.0185547 0.581055 0.0283203 0.576172 0.0390625 0.573242 0.0429688 0.571289 0.0517578 0.56543 0.0595703 0.568359 0.0673828 0.569336 0.0761719 0.575195 0.078125 0.581055 0.0742188 0.584961 0.0732422 0.591797 0.0771484 0.598633 0.0830078 0.602539 0.0878906 0.604492 0.0947266 0.599609 0.0927734 0.589844 0.0927734 0.583008 0.0966797 0.578125 0.104492 0.577148 0.112305 0.572266 0.117188 0.568359 0.124023 0.566406 0.134766 0.5625 0.143555 0.564453 0.151367 0.569336 0.154297 0.576172 0.157227 0.577148 0.162109 0.567383 0.161133 0.554688 0.165039 0.542969 0.169922 0.532227 0.175781 0.530273 0.179688 0.532227 0.186523 0.52832 0.195312 0.533203 0.199219 0.536133 0.208008 0.536133 0.213867 0.543945 0.217773 0.549805 0.225586 0.553711 0.232422 0.558594 0.235352 0.566406 0.235352 0.571289 0.227539 0.579102 0.219727 0.584961 0.212891 0.584961 0.207031 0.575195 0.196289 0.579102 0.191406 0.588867 0.1875 0.592773 0.1875 0.603516 0.192383 0.610352 0.196289 0.623047 0.199219 0.631836 0.199219 0.631836 0.196289 0.638672 0.1875 0.635742 0.177734 0.626953 0.174805 0.619141 0.166016 0.613281 0.155273 0.616211 0.161133 0.631836 0.161133 0.639648 0.15332 0.647461 0.147461 0.655273 0.134766 0.660156 0.132812 0.666992 0.133789 0.676758 0.133789 0.676758 0.125 0.676758 0.112305 0.668945 0.0996094 0.661133 0.0957031 0.649414 0.0820312 0.645508 0.0732422 0.636719 0.0703125 0.62793 0.0615234 0.629883 0.0537109 0.623047 0.046875 0.610352 0.0537109 0.603516 0.0537109 0.603516 0.0566406 0.594727 0.0634766 0.587891 0.0605469 0.580078 0.0498047 0.576172 0.0400391 0.581055 0.03125 0.583984 0.0244141 0.586914
0 0.0371094 0.589844 0.0478516 0.59082 0.0537109 0.599609 0.0458984 0.605469 0.0341797 0.603516 0.0322266 0.594727
0 0.198242 0.579102 0.208008 0.582031 0.208008 0.589844 0.200195 0.592773 0.200195 0.592773 0.193359 0.586914
0 0.186523 0.591797 0.197266 0.59375 0.198242 0.603516 0.192383 0.606445 0.186523 0.601562
0 0.233398 0.600586 0.239258 0.613281 0.232422 0.617188 0.222656 0.616211 0.220703 0.606445 0.224609 0.599609
0 0.237305 0.592773 0.246094 0.595703 0.25 0.606445 0.243164 0.610352 0.236328 0.606445 0.234375 0.599609
0 0.000976562 0.658203 0.00585938 0.666016 0.00390625 0.671875 0 0.669922
0 0 0.674805 0.00488281 0.678711 0.00585938 0.68457 0.00292969 0.6875 0 0.6875
0 0 0.693359 0.0078125 0.691406 0.0107422 0.698242 0.00976562 0.704102 0.00292969 0.706055 0.00292969 0.706055 0 0.701172
1 0.0664062 0.673828 0.0800781 0.674805 0.0800781 0.674805 0.0888672 0.682617 0.0908203 0.69043 0.0878906 0.696289 0.078125 0.697266 0.0712891 0.700195 0.0693359 0.704102 0.0625 0.707031 0.0576172 0.704102 0.0546875 0.698242 0.0478516 0.699219 0.0400391 0.700195 0.0380859 0.693359 0.0449219 0.692383 0.0517578 0.683594 0.0576172 0.682617 0.0605469 0.675781 0.0634766 0.674805
0 0.147461 0.655273 0.155273 0.661133 0.154297 0.670898 0.155273 0.675781 0.150391 0.679688 0.144531 0.679688 0.137695 0.670898 0.136719 0.660156
0 0.0595703 0.711914 0.0615234 0.720703 0.0556641 0.724609 0.0517578 0.719727 0.0537109 0.711914
0 0.0849609 0.711914 0.0898438 0.714844 0.0888672 0.720703 0.0820312 0.719727 0.0800781 0.71582
0 0.132812 0.698242 0.134766 0.706055 0.134766 0.706055 0.132812 0.713867 0.123047 0.713867 0.118164 0.707031 0.123047 0.699219
1 0.178711 0.708984 0.18457 0.716797 0.189453 0.724609 0.189453 0.733398 0.1875 0.740234 0.19043 0.74707 0.189453 0.75293 0.183594 0.750977 0.180664 0.748047 0.176758 0.749023 0.175781 0.753906 0.175781 0.753906 0.169922 0.751953 0.166992 0.74707 0.170898 0.741211 0.165039 0.736328 0.164062 0.728516 0.168945 0.727539 0.166016 0.71875 0.168945 0.709961
0 0.0556641 0.729492 0.0615234 0.733398 0.0664062 0.739258 0.0634766 0.746094 0.0537109 0.746094 0.0507812 0.737305 0.0527344 0.733398
0 0.0810547 0.736328 0.0849609 0.742188 0.0800781 0.746094 0.0693359 0.745117 0.0683594 0.737305 0.0742188 0.733398
0 0.0966797 0.735352 0.104492 0.735352 0.106445 0.742188 0.106445 0.742188 0.102539 0.744141 0.0957031 0.741211 0.0957031 0.741211
0 0.133789 0.764648 0.141602 0.764648 0.144531 0.770508 0.142578 0.775391 0.136719 0.776367 0.133789 0.771484
0 0.104492 0.746094 0.111328 0.746094 0.116211 0.756836 0.116211 0.763672 0.121094 0.771484 0.119141 0.77832 0.109375 0.777344 0.100586 0.768555 0.0986328 0.758789
0 0.0380859 0.731445 0.0439453 0.729492 0.046875 0.734375 0.046875 0.740234 0.0410156 0.739258
0 0.00195312 0.795898 0.0078125 0.797852 0.0107422 0.804688 0.00488281 0.805664 0 0.801758 0 0.801758
0 0.0146484 0.796875 0.0185547 0.797852 0.0214844 0.801758 0.0175781 0.804688 0.0117188 0.801758
0 0.0439453 0.795898 0.0498047 0.797852 0.0498047 0.802734 0.0449219 0.803711 0.0419922 0.800781
0 0.0605469 0.772461 0.0644531 0.777344 0.0615234 0.782227 0.0546875 0.780273 0.0517578 0.773438 0.0556641 0.769531
0 0.0615234 0.74707 0.0625 0.753906 0.0595703 0.762695 0.0556641 0.759766 0.0537109 0.75293 0.0566406 0.748047
0 0.114258 0.791992 0.115234 0.798828 0.111328 0.799805 0.107422 0.792969 0.111328 0.791992
0 0.12207 0.813477 0.12793 0.818359 0.125977 0.823242 0.118164 0.823242 0.114258 0.817383 0.117188 0.813477
0 0.136719 0.835938 0.142578 0.838867 0.141602 0.848633 0.135742 0.847656 0.133789 0.841797
0 0.0996094 0.823242 0.102539 0.831055 0.0986328 0.832031 0.09375 0.829102 0.09375 0.822266
0 0.102539 0.832031 0.112305 0.833984 0.112305 0.833984 0.113281 0.841797 0.113281 0.841797 0.104492 0.84375 0.100586 0.837891
0 0.0664062 0.808594 0.0761719 0.8125 0.0761719 0.820312 0.0693359 0.821289 0.0625 0.819336 0.0625 0.813477
0 0.0380859 0.841797 0.0439453 0.84082 0.0458984 0.844727 0.0429688 0.848633 0.0380859 0.84668 0.0380859 0.84668
0 0.105469 0.848633 0.115234 0.850586 0.116211 0.858398 0.111328 0.862305 0.105469 0.859375 0.103516 0.853516
0 0.123047 0.851562 0.131836 0.855469 0.131836 0.863281 0.124023 0.863281 0.119141 0.856445 0.119141 0.856445
0 0.136719 0.851562 0.142578 0.856445 0.142578 0.860352 0.137695 0.863281 0.132812 0.857422
0 0.136719 0.864258 0.140625 0.868164 0.140625 0.874023 0.135742 0.875977 0.133789 0.871094
0 0.0371094 0.884766 0.0449219 0.886719 0.0458984 0.894531 0.0458984 0.894531 0.0371094 0.897461 0.0371094 0.897461 0.03125 0.892578
0 0.0478516 0.894531 0.0546875 0.895508 0.0585938 0.902344 0.0556641 0.911133 0.0488281 0.911133 0.0449219 0.904297 0.0478516 0.898438
0 0.101562 0.900391 0.107422 0.908203 0.102539 0.914062 0.0957031 0.913086 0.09375 0.904297
0 0.0869141 0.911133 0.0898438 0.918945 0.0849609 0.922852 0.0771484 0.920898 0.078125 0.913086
0 0.107422 0.930664 0.113281 0.935547 0.113281 0.941406 0.107422 0.942383 0.103516 0.9375
0 0.0908203 0.920898 0.0966797 0.923828 0.0966797 0.928711 0.0888672 0.930664 0.0839844 0.924805 0.0839844 0.924805
1 0 0.891602 0.00976562 0.896484 0.0195312 0.901367 0.0283203 0.901367 0.0332031 0.908203 0.0361328 0.916016 0.0351562 0.923828 0.0400391 0.924805 0.0439453 0.931641 0.046875 0.93457 0.0527344 0.944336 0.0527344 0.952148 0.0576172 0.954102 0.0634766 0.955078 0.0703125 0.955078 0.0732422 0.959961 0.0732422 0.96875 0.0615234 0.970703 0.0576172 0.974609 0.0498047 0.975586 0.046875 0.980469 0.0449219 0.987305 0.0361328 0.987305 0.03125 0.991211 0.03125 0.999023 0 1
0 0.078125 0.959961 0.0869141 0.958008 0.0917969 0.960938 0.0917969 0.96875 0.0898438 0.975586 0.0869141 0.980469 0.0810547 0.982422 0.0761719 0.977539 0.0761719 0.966797
0 0.108398 0.963867 0.116211 0.960938 0.121094 0.964844 0.123047 0.97168 0.118164 0.975586 0.111328 0.975586 0.106445 0.97168 0.106445 0.97168
0 0.158203 0.981445 0.166992 0.979492 0.171875 0.983398 0.171875 0.983398 0.171875 0.989258 0.164062 0.990234 0.15625 0.992188 0.15332 0.988281
0 0.18457 0.964844 0.192383 0.964844 0.192383 0.964844 0.192383 0.970703 0.1875 0.972656 0.183594 0.969727
0 0.211914 0.927734 0.21875 0.926758 0.222656 0.933594 0.220703 0.938477 0.212891 0.938477 0.208984 0.932617 0.208984 0.932617
0 0.257812 0.912109 0.261719 0.911133 0.265625 0.916992 0.261719 0.919922 0.257812 0.917969
0 0.198242 0.902344 0.202148 0.908203 0.202148 0.908203 0.202148 0.916992 0.196289 0.917969 0.189453 0.914062 0.189453 0.914062 0.189453 0.905273 0.192383 0.904297
0 0.170898 0.947266 0.176758 0.957031 0.172852 0.964844 0.162109 0.963867 0.160156 0.953125 0.165039 0.946289
0 0.166016 0.905273 0.171875 0.90918 0.171875 0.916992 0.164062 0.917969 0.157227 0.912109 0.160156 0.907227 0.160156 0.907227
0 0.161133 0.889648 0.164062 0.897461 0.15918 0.90332 0.15918 0.90332 0.15332 0.901367 0.152344 0.891602
0 0.165039 0.889648 0.169922 0.889648 0.173828 0.894531 0.172852 0.904297 0.168945 0.90625 0.162109 0.902344
0 0.173828 0.888672 0.182617 0.888672 0.182617 0.888672 0.188477 0.895508 0.189453 0.902344 0.18457 0.905273 0.18457 0.905273 0.177734 0.90332 0.173828 0.897461
1 0.208984 0.882812 0.217773 0.889648 0.219727 0.898438 0.21875 0.90918 0.21582 0.915039 0.212891 0.919922 0.208008 0.916992 0.207031 0.911133 0.203125 0.908203 0.199219 0.904297 0.196289 0.896484 0.201172 0.885742
0 0.236328 0.895508 0.244141 0.896484 0.244141 0.901367 0.240234 0.904297 0.235352 0.901367
0 0.251953 0.876953 0.253906 0.885742 0.249023 0.887695 0.249023 0.887695 0.244141 0.882812 0.24707 0.875977
0 0.207031 0.871094 0.213867 0.871094 0.213867 0.876953 0.208984 0.876953
0 0.15625 0.87793 0.15918 0.883789 0.15625 0.888672 0.15625 0.888672 0.150391 0.886719 0.150391 0.886719 0.152344 0.876953
0 0.258789 0.866211 0.263672 0.867188 0.263672 0.867188 0.263672 0.87207 0.258789 0.874023 0.254883 0.870117
0 0.243164 0.837891 0.24707 0.837891 0.249023 0.842773 0.249023 0.849609 0.244141 0.851562 0.240234 0.847656 0.241211 0.839844
0 0.237305 0.834961 0.239258 0.841797 0.237305 0.844727 0.229492 0.84668 0.223633 0.84082 0.229492 0.838867
0 0.208008 0.834961 0.212891 0.832031 0.216797 0.835938 0.217773 0.84375 0.214844 0.84668 0.209961 0.84375 0.208984 0.837891
0 0.173828 0.839844 0.181641 0.838867 0.183594 0.842773 0.183594 0.84668 0.177734 0.847656 0.174805 0.84375
0 0.15332 0.818359 0.157227 0.818359 0.158203 0.823242 0.155273 0.824219 0.150391 0.822266
1 0.186523 0.823242 0.192383 0.823242 0.193359 0.817383 0.199219 0.816406 0.202148 0.824219 0.205078 0.831055 0.205078 0.831055 0.204102 0.836914 0.205078 0.842773 0.202148 0.84668 0.196289 0.845703 0.195312 0.835938 0.189453 0.834961 0.18457 0.828125
0 0.164062 0.796875 0.166992 0.799805 0.166016 0.806641 0.157227 0.807617 0.154297 0.800781 0.158203 0.794922
0 0.229492 0.791016 0.233398 0.794922 0.230469 0.797852 0.226562 0.795898
0 0.219727 0.790039 0.224609 0.790039 0.224609 0.794922 0.220703 0.794922
0 0.224609 0.775391 0.230469 0.78125 0.230469 0.786133 0.223633 0.787109 0.223633 0.787109 0.220703 0.782227
0 0.233398 0.763672 0.239258 0.767578 0.238281 0.774414 0.232422 0.776367 0.227539 0.772461
1 0.210938 0.775391 0.213867 0.780273 0.209961 0.783203 0.205078 0.787109 0.196289 0.786133 0.193359 0.77832 0.194336 0.769531 0.202148 0.769531 0.205078 0.775391
0 0.274414 0.80957 0.277344 0.813477 0.274414 0.819336 0.274414 0.819336 0.267578 0.816406 0.267578 0.808594
0 0.248047 0.789062 0.251953 0.793945 0.248047 0.797852 0.243164 0.794922 0.243164 0.790039
0 0.220703 0.729492 0.225586 0.732422 0.225586 0.738281 0.225586 0.738281 0.219727 0.740234 0.216797 0.733398
0 0.214844 0.742188 0.21875 0.743164 0.21582 0.748047 0.208984 0.75293 0.207031 0.748047
0 0.203125 0.751953 0.207031 0.75293 0.207031 0.756836 0.203125 0.758789
0 0.196289 0.757812 0.201172 0.759766 0.203125 0.761719 0.203125 0.765625 0.200195 0.767578 0.196289 0.763672
0 0.233398 0.00585938 0.239258 0.0078125 0.240234 0.0166016 0.235352 0.0195312 0.230469 0.0136719
0 0.239258 0.0175781 0.244141 0.0195312 0.244141 0.0263672 0.240234 0.0244141
1 0.258789 0.0273438 0.266602 0.0332031 0.271484 0.0380859 0.279297 0.0488281 0.282227 0.0585938 0.273438 0.0615234 0.265625 0.0576172 0.262695 0.0400391 0.256836 0.0351562
0 0.289062 0.0292969 0.292969 0.0380859 0.292969 0.0478516 0.286133 0.0498047 0.279297 0.0429688 0.275391 0.0390625 0.275391 0.0390625 0.276367 0.0302734
0 0.311523 0.015625 0.320312 0.0146484 0.322266 0.0195312 0.322266 0.0195312 0.316406 0.0273438 0.316406 0.0273438 0.304688 0.0341797 0.299805 0.0292969 0.301758 0.0195312
0 0.287109 0.0957031 0.289062 0.106445 0.28418 0.111328 0.28418 0.111328 0.285156 0.121094 0.279297 0.124023 0.279297 0.124023 0.272461 0.116211 0.272461 0.116211 0.273438 0.0996094
0 0.352539 0.0390625 0.360352 0.0498047 0.359375 0.0585938 0.347656 0.0644531 0.337891 0.0576172 0.337891 0.0576172 0.334961 0.0449219 0.341797 0.0371094
0 0.401367 0.0449219 0.40918 0.0488281 0.40918 0.0556641 0.40332 0.0595703 0.396484 0.0546875 0.396484 0.0546875
0 0.373047 0.0830078 0.380859 0.0888672 0.375 0.0986328 0.365234 0.0996094 0.361328 0.0888672 0.362305 0.0830078
0 0.34668 0.111328 0.355469 0.115234 0.355469 0.12207 0.348633 0.121094
0 0.339844 0.125977 0.345703 0.131836 0.344727 0.139648 0.336914 0.142578 0.332031 0.133789
0 0.307617 0.162109 0.311523 0.172852 0.311523 0.172852 0.305664 0.177734 0.294922 0.175781 0.294922 0.175781 0.293945 0.165039 0.297852 0.160156
0 0.304688 0.179688 0.314453 0.180664 0.316406 0.191406 0.316406 0.191406 0.310547 0.196289 0.302734 0.192383
0 0.325195 0.188477 0.334961 0.1875 0.334961 0.1875 0.339844 0.196289 0.339844 0.196289 0.333984 0.204102 0.323242 0.202148 0.321289 0.193359
0 0.373047 0.130859 0.375977 0.136719 0.371094 0.139648 0.367188 0.133789
0 0.360352 0.0976562 0.363281 0.102539 0.358398 0.105469 0.356445 0.0996094
0 0.391602 0.102539 0.401367 0.111328 0.397461 0.124023 0.386719 0.128906 0.376953 0.128906 0.374023 0.119141 0.375 0.108398
0 0.419922 0.0800781 0.421875 0.09375 0.408203 0.100586 0.408203 0.100586 0.396484 0.0927734 0.397461 0.0820312 0.410156 0.0761719
0 0.416016 0.137695 0.421875 0.141602 0.420898 0.148438 0.415039 0.152344 0.410156 0.147461 0.40918 0.139648
0 0.455078 0.138672 0.459961 0.144531 0.458008 0.150391 0.452148 0.150391 0.452148 0.150391 0.447266 0.143555
0 0.543945 0.0136719 0.547852 0.0214844 0.551758 0.0175781 0.550781 0.0136719
0 0.55957 0.00488281 0.568359 0.00390625 0.570312 0.00878906 0.566406 0.0126953 0.5625 0.0107422
1 0.56543 0.0185547 0.567383 0.03125 0.568359 0.0439453 0.569336 0.0537109 0.569336 0.0625 0.566406 0.0644531 0.55957 0.0615234 0.551758 0.0605469 0.547852 0.0517578 0.547852 0.0517578 0.547852 0.0390625 0.547852 0.0292969 0.551758 0.0195312 0.557617 0.015625
0 0.498047 0.0332031 0.501953 0.0380859 0.501953 0.0380859 0.500977 0.0429688 0.494141 0.0429688 0.492188 0.0361328
0 0.526367 0.0673828 0.535156 0.0683594 0.538086 0.0751953 0.533203 0.0791016 0.525391 0.0791016 0.524414 0.0732422
0 0.472656 0.0849609 0.476562 0.0849609 0.476562 0.0908203 0.47168 0.0908203
0 0.494141 0.0820312 0.50293 0.0839844 0.503906 0.0917969 0.498047 0.0947266 0.491211 0.0898438 0.491211 0.0898438
1 0.480469 0.107422 0.486328 0.103516 0.494141 0.103516 0.494141 0.103516 0.501953 0.102539 0.508789 0.0996094 0.514648 0.101562 0.519531 0.107422 0.524414 0.112305 0.532227 0.116211 0.53418 0.126953 0.530273 0.137695 0.520508 0.139648 0.508789 0.136719 0.508789 0.136719 0.506836 0.125 0.506836 0.125 0.50293 0.117188 0.493164 0.117188 0.493164 0.117188 0.481445 0.115234
0 0.544922 0.0839844 0.552734 0.0859375 0.555664 0.0947266 0.549805 0.0976562 0.542969 0.0927734
0 0.572266 0.0810547 0.580078 0.0849609 0.578125 0.0917969 0.571289 0.0908203 0.571289 0.0908203
0 0.545898 0.131836 0.554688 0.134766 0.553711 0.141602 0.544922 0.140625 0.539062 0.134766
0 0.563477 0.118164 0.566406 0.123047 0.5625 0.126953 0.557617 0.124023 0.557617 0.120117
0 0.569336 0.126953 0.575195 0.130859 0.577148 0.138672 0.573242 0.142578 0.568359 0.140625 0.566406 0.132812
1 0.589844 0.0224609 0.598633 0.0234375 0.606445 0.0214844 0.614258 0.0273438 0.621094 0.0292969 0.623047 0.0361328 0.620117 0.0390625 0.614258 0.0390625 0.606445 0.0390625 0.597656 0.0380859 0.591797 0.0400391 0.582031 0.0390625 0.579102 0.0332031 0.580078 0.0253906
0 0.597656 0.145508 0.603516 0.148438 0.603516 0.148438 0.602539 0.155273 0.594727 0.158203 0.585938 0.155273 0.585938 0.155273 0.586914 0.144531
1 0.504883 0.0380859 0.513672 0.0371094 0.525391 0.0371094 0.53125 0.0419922 0.53418 0.0498047 0.529297 0.0527344 0.518555 0.0546875 0.511719 0.0517578 0.509766 0.0585938 0.501953 0.0585938 0.495117 0.0507812 0.496094 0.0449219
0 0.633789 0.00683594 0.641602 0.00683594 0.645508 0.0136719 0.641602 0.0195312 0.641602 0.0195312 0.634766 0.0185547 0.630859 0.0136719
0 0.675781 0.0429688 0.68457 0.0419922 0.6875 0.0458984 0.68457 0.0517578 0.673828 0.0507812 0.671875 0.0449219
0 0.6875 0.0546875 0.693359 0.0556641 0.692383 0.0625 0.6875 0.0615234
1 0.661133 0.0576172 0.666992 0.0585938 0.666992 0.0673828 0.661133 0.0703125 0.655273 0.0742188 0.649414 0.0732422 0.651367 0.0664062 0.657227 0.0625
1 0.65332 0.119141 0.661133 0.117188 0.666016 0.126953 0.665039 0.135742 0.664062 0.147461 0.664062 0.147461 0.660156 0.152344 0.660156 0.152344 0.654297 0.149414 0.654297 0.149414 0.654297 0.133789 0.651367 0.126953
1 0.670898 0.0751953 0.680664 0.0722656 0.685547 0.0771484 0.685547 0.0810547 0.688477 0.0839844 0.685547 0.0878906 0.677734 0.0888672 0.668945 0.0859375 0.668945 0.0859375 0.660156 0.0839844 0.658203 0.0761719 0.664062 0.0712891
1 0.634766 0.0898438 0.642578 0.0917969 0.644531 0.100586 0.647461 0.108398 0.647461 0.115234 0.636719 0.117188 0.626953 0.115234 0.616211 0.118164 0.609375 0.114258 0.599609 0.112305 0.585938 0.112305 0.584961 0.104492 0.59082 0.102539 0.601562 0.104492 0.614258 0.0986328 0.619141 0.106445 0.625977 0.103516 0.630859 0.104492
0 0.640625 0.0673828 0.645508 0.0732422 0.640625 0.0791016 0.632812 0.0751953 0.633789 0.0673828
0 0.678711 0.114258 0.68457 0.118164 0.686523 0.128906 0.686523 0.128906 0.678711 0.133789 0.673828 0.130859 0.673828 0.130859 0.675781 0.123047 0.673828 0.117188
0 0.686523 0.0234375 0.693359 0.0263672 0.693359 0.0332031 0.688477 0.0341797 0.682617 0.0283203
0 0.74707 0.0146484 0.751953 0.0175781 0.751953 0.0234375 0.746094 0.0244141 0.743164 0.0205078
0 0.738281 0.0205078 0.739258 0.0263672 0.734375 0.0292969 0.730469 0.0244141 0.730469 0.0205078
0 0.71582 0.0302734 0.722656 0.0302734 0.723633 0.0361328 0.716797 0.0380859 0.713867 0.0351562
0 0.756836 0.0634766 0.760742 0.0732422 0.753906 0.0791016 0.753906 0.0791016 0.744141 0.078125 0.743164 0.0683594 0.748047 0.0664062
0 0.734375 0.104492 0.741211 0.105469 0.741211 0.114258 0.735352 0.116211 0.731445 0.110352
0 0.749023 0.12793 0.743164 0.128906 0.739258 0.133789 0.743164 0.136719 0.750977 0.136719 0.750977 0.131836
0 0.766602 0.0263672 0.774414 0.0253906 0.777344 0.0332031 0.774414 0.0419922 0.764648 0.0449219 0.758789 0.0390625 0.758789 0.0322266
0 0.783203 0.0673828 0.791992 0.0673828 0.794922 0.078125 0.791016 0.0800781 0.782227 0.0791016 0.77832 0.0722656
0 0.792969 0.0966797 0.800781 0.0996094 0.799805 0.107422 0.799805 0.107422 0.793945 0.103516
0 0.769531 0.115234 0.776367 0.114258 0.776367 0.121094 0.771484 0.124023 0.767578 0.119141
0 0.787109 0.101562 0.794922 0.104492 0.797852 0.109375 0.793945 0.118164 0.783203 0.12207 0.776367 0.117188 0.776367 0.117188 0.776367 0.108398
1 0.810547 0 0.807617 0.00585938 0.802734 0.0078125 0.801758 0.0166016 0.801758 0.0263672 0.793945 0.0292969 0.789062 0.03125 0.789062 0.0400391 0.789062 0.0400391 0.791016 0.0439453 0.797852 0.0419922 0.805664 0.0429688 0.807617 0.0498047 0.80957 0.0566406 0.810547 0.0654297 0.819336 0.0644531 0.822266 0.0644531 0.825195 0.0546875 0.821289 0.046875 0.816406 0.0390625 0.807617 0.0341797 0.806641 0.0185547 0.8125 0.015625 0.816406 0.0117188 0.820312 0 0.820312 0
1 0.836914 0 0.837891 0.0078125 0.838867 0.0166016 0.838867 0.0253906 0.838867 0.0380859 0.845703 0.0371094 0.845703 0.0371094 0.849609 0.0341797 0.855469 0.0341797 0.859375 0.0273438 0.855469 0.0224609 0.854492 0.0126953 0.851562 0.00488281 0.851562 0
0 0.827148 0.0625 0.832031 0.0625 0.834961 0.0683594 0.834961 0.0683594 0.833008 0.0722656 0.827148 0.0722656
0 0.827148 0.0751953 0.835938 0.0761719 0.837891 0.0839844 0.837891 0.0839844 0.830078 0.0849609 0.827148 0.0800781 0.827148 0.0800781
0 0.830078 0.0859375 0.839844 0.0888672 0.838867 0.0966797 0.833984 0.0996094 0.829102 0.0947266
0 0.833984 0.116211 0.84082 0.113281 0.850586 0.114258 0.852539 0.124023 0.845703 0.128906 0.836914 0.126953 0.832031 0.123047
0 0.863281 0.0703125 0.866211 0.0771484 0.859375 0.0820312 0.855469 0.0771484 0.856445 0.0703125
0 0.862305 0.104492 0.870117 0.109375 0.870117 0.109375 0.867188 0.121094 0.867188 0.121094 0.859375 0.121094 0.859375 0.121094 0.855469 0.113281 0.857422 0.107422
0 0.800781 0.115234 0.804688 0.120117 0.797852 0.123047 0.794922 0.119141
0 0.759766 0.126953 0.764648 0.126953 0.764648 0.132812 0.760742 0.131836
0 0.75293 0.129883 0.756836 0.128906 0.757812 0.132812 0.75293 0.133789
0 0.750977 0.12207 0.753906 0.123047 0.753906 0.12793 0.75 0.125977
0 0.797852 0.126953 0.803711 0.12793 0.806641 0.135742 0.806641 0.144531 0.798828 0.145508 0.795898 0.138672
0 0.920898 0.0351562 0.924805 0.0332031 0.927734 0.0371094 0.925781 0.0429688 0.920898 0.0390625
0 0.921875 0.00390625 0.929688 0.00585938 0.928711 0.0126953 0.925781 0.0126953 0.921875 0.00976562
0 0.982422 0.260742 0.991211 0.260742 0.993164 0.272461 0.988281 0.276367 0.980469 0.270508 0.980469 0.270508
0 0.958984 0.257812 0.964844 0.256836 0.964844 0.264648 0.958984 0.264648
1 0.867188 0.24707 0.876953 0.246094 0.881836 0.258789 0.881836 0.258789 0.878906 0.267578 0.878906 0.267578 0.881836 0.275391 0.886719 0.285156 0.885742 0.293945 0.880859 0.293945 0.876953 0.282227 0.871094 0.27832 0.866211 0.269531 0.869141 0.258789
0 0.886719 0.3125 0.891602 0.313477 0.891602 0.313477 0.891602 0.318359 0.886719 0.318359 0.886719 0.318359
0 0.892578 0.320312 0.898438 0.320312 0.898438 0.326172 0.892578 0.325195
0 0.881836 0.328125 0.886719 0.328125 0.886719 0.328125 0.886719 0.334961 0.881836 0.333984
0 0.868164 0.331055 0.862305 0.336914 0.863281 0.342773 0.87207 0.34082 0.87207 0.332031
0 0.868164 0.30957 0.869141 0.298828 0.87793 0.295898 0.882812 0.299805 0.884766 0.308594 0.884766 0.308594 0.879883 0.314453 0.879883 0.314453 0.875977 0.3125 0.875 0.308594
0 0.791992 0.211914 0.796875 0.211914 0.798828 0.21875 0.792969 0.21875
0 0.775391 0.238281 0.780273 0.244141 0.780273 0.253906 0.772461 0.254883 0.767578 0.245117
0 0.772461 0.253906 0.776367 0.264648 0.774414 0.271484 0.774414 0.271484 0.765625 0.271484 0.762695 0.259766 0.765625 0.253906
0 0.78418 0.269531 0.792969 0.267578 0.797852 0.275391 0.789062 0.277344 0.78418 0.276367
0 0.791016 0.28125 0.797852 0.285156 0.796875 0.294922 0.789062 0.292969 0.785156 0.285156
0 0.873047 0.225586 0.876953 0.226562 0.876953 0.231445 0.871094 0.231445 0.871094 0.231445
0 0.624023 0.150391 0.640625 0.152344 0.644531 0.165039 0.637695 0.174805 0.625977 0.173828 0.625977 0.173828 0.620117 0.162109
0 0.648438 0.158203 0.657227 0.160156 0.657227 0.160156 0.658203 0.166016 0.652344 0.167969 0.644531 0.165039
0 0.59668 0.15918 0.606445 0.160156 0.606445 0.171875 0.59375 0.173828 0.585938 0.166992 0.586914 0.162109 0.586914 0.162109
0 0.686523 0.178711 0.692383 0.193359 0.6875 0.203125 0.681641 0.211914 0.681641 0.211914 0.674805 0.212891 0.670898 0.202148 0.670898 0.202148 0.673828 0.185547 0.677734 0.178711
0 0.756836 0.173828 0.759766 0.173828 0.759766 0.181641 0.755859 0.180664
0 0.749023 0.179688 0.753906 0.177734 0.755859 0.183594 0.750977 0.18457
0 0.707031 0.223633 0.716797 0.224609 0.716797 0.224609 0.717773 0.236328 0.717773 0.236328 0.711914 0.243164 0.703125 0.242188 0.700195 0.228516
0 0.767578 0.27832 0.773438 0.280273 0.773438 0.28418 0.762695 0.289062 0.762695 0.289062 0.755859 0.285156 0.759766 0.27832
0 0.77832 0.301758 0.782227 0.302734 0.782227 0.308594 0.777344 0.30957
0 0.769531 0.305664 0.772461 0.310547 0.772461 0.310547 0.772461 0.317383 0.764648 0.318359 0.762695 0.310547
0 0.750977 0.28125 0.750977 0.288086 0.744141 0.289062 0.744141 0.280273
0 0.75 0.288086 0.753906 0.292969 0.753906 0.292969 0.754883 0.302734 0.749023 0.303711 0.745117 0.293945 0.745117 0.293945
0 0.757812 0.310547 0.761719 0.31543 0.763672 0.326172 0.761719 0.333008 0.755859 0.331055 0.751953 0.318359 0.751953 0.30957
0 0.722656 0.28125 0.733398 0.282227 0.738281 0.288086 0.738281 0.298828 0.738281 0.298828 0.731445 0.302734 0.724609 0.301758 0.724609 0.301758 0.723633 0.291992
0 0.712891 0.296875 0.72168 0.294922 0.723633 0.302734 0.717773 0.306641 0.711914 0.301758
0 0.705078 0.255859 0.712891 0.258789 0.71582 0.267578 0.712891 0.272461 0.704102 0.272461 0.701172 0.263672
0 0.686523 0.262695 0.695312 0.264648 0.695312 0.264648 0.694336 0.270508 0.686523 0.272461
0 0.675781 0.261719 0.685547 0.264648 0.685547 0.264648 0.686523 0.277344 0.68457 0.285156 0.678711 0.289062 0.674805 0.291992 0.667969 0.290039 0.667969 0.290039 0.666016 0.280273 0.673828 0.272461
0 0.607422 0.208008 0.617188 0.206055 0.623047 0.210938 0.623047 0.210938 0.623047 0.222656 0.615234 0.227539 0.607422 0.220703 0.607422 0.220703
0 0.637695 0.248047 0.644531 0.25 0.648438 0.258789 0.643555 0.265625 0.633789 0.263672 0.632812 0.251953
0 0.620117 0.270508 0.624023 0.279297 0.615234 0.286133 0.609375 0.283203 0.610352 0.273438
0 0.602539 0.279297 0.610352 0.279297 0.610352 0.286133 0.605469 0.287109
0 0.59082 0.27832 0.600586 0.27832 0.600586 0.27832 0.604492 0.291016 0.601562 0.297852 0.594727 0.297852 0.594727 0.297852 0.588867 0.288086
0 0.607422 0.296875 0.615234 0.305664 0.614258 0.314453 0.601562 0.313477 0.601562 0.313477 0.599609 0.301758
0 0.570312 0.28125 0.574219 0.289062 0.567383 0.294922 0.557617 0.289062 0.557617 0.289062 0.55957 0.280273
0 0.576172 0.256836 0.578125 0.264648 0.573242 0.266602 0.570312 0.258789 0.570312 0.258789
0 0.530273 0.244141 0.53418 0.244141 0.537109 0.250977 0.532227 0.253906 0.527344 0.250977
0 0.513672 0.262695 0.521484 0.268555 0.517578 0.276367 0.511719 0.275391 0.509766 0.267578
0 0.505859 0.291016 0.511719 0.300781 0.511719 0.300781 0.508789 0.308594 0.501953 0.305664 0.5 0.294922
0 0.470703 0.300781 0.479492 0.299805 0.483398 0.305664 0.481445 0.311523 0.47168 0.30957 0.47168 0.30957
0 0.496094 0.253906 0.503906 0.257812 0.503906 0.257812 0.50293 0.265625 0.494141 0.270508 0.490234 0.261719
0 0.461914 0.258789 0.466797 0.265625 0.46582 0.271484 0.458984 0.273438 0.452148 0.269531 0.454102 0.260742
0 0.44043 0.219727 0.445312 0.227539 0.443359 0.237305 0.443359 0.237305 0.433594 0.237305 0.431641 0.228516 0.433594 0.22168
0 0.423828 0.228516 0.425781 0.236328 0.425781 0.245117 0.419922 0.245117 0.413086 0.240234 0.413086 0.233398
0 0.416992 0.181641 0.422852 0.182617 0.422852 0.182617 0.422852 0.191406 0.418945 0.19043 0.415039 0.186523 0.415039 0.186523
0 0.432617 0.180664 0.433594 0.186523 0.428711 0.1875 0.427734 0.181641
0 0.436523 0.180664 0.443359 0.180664 0.442383 0.185547 0.436523 0.185547
0 0.411133 0.15625 0.417969 0.15625 0.419922 0.161133 0.411133 0.162109
0 0.414062 0.166992 0.420898 0.171875 0.419922 0.178711 0.411133 0.175781
0 0.399414 0.186523 0.410156 0.1875 0.411133 0.196289 0.411133 0.196289 0.402344 0.202148 0.397461 0.196289
0 0.453125 0.194336 0.460938 0.202148 0.458008 0.210938 0.448242 0.211914 0.448242 0.211914 0.446289 0.201172
0 0.411133 0.255859 0.417969 0.254883 0.418945 0.259766 0.413086 0.261719
0 0.335938 0.238281 0.337891 0.230469 0.341797 0.226562 0.349609 0.226562 0.351562 0.236328 0.351562 0.236328 0.347656 0.240234
0 0.371094 0.193359 0.37207 0.206055 0.364258 0.206055 0.359375 0.197266 0.364258 0.193359
0 0.274414 0.226562 0.277344 0.235352 0.271484 0.243164 0.263672 0.239258 0.262695 0.227539
0 0.251953 0.245117 0.262695 0.243164 0.265625 0.251953 0.258789 0.259766 0.25 0.257812
0 0.206055 0.313477 0.214844 0.314453 0.216797 0.322266 0.211914 0.326172 0.206055 0.322266 0.206055 0.322266
0 0.232422 0.28125 0.241211 0.286133 0.241211 0.295898 0.239258 0.303711 0.232422 0.302734 0.229492 0.294922 0.222656 0.290039 0.222656 0.282227
0 0.246094 0.293945 0.254883 0.301758 0.250977 0.308594 0.250977 0.308594 0.243164 0.302734
0 0.260742 0.30957 0.259766 0.317383 0.251953 0.320312 0.248047 0.310547 0.248047 0.310547 0.25293 0.304688
0 0.263672 0.310547 0.271484 0.311523 0.272461 0.320312 0.264648 0.322266 0.260742 0.314453
0 0.259766 0.324219 0.270508 0.326172 0.272461 0.333984 0.264648 0.338867 0.260742 0.333008
0 0.266602 0.338867 0.274414 0.338867 0.275391 0.347656 0.269531 0.348633 0.269531 0.348633
0 0.272461 0.351562 0.277344 0.350586 0.27832 0.356445 0.274414 0.356445
0 0.257812 0.338867 0.261719 0.34082 0.262695 0.345703 0.257812 0.344727
0 0.240234 0.320312 0.246094 0.321289 0.246094 0.321289 0.249023 0.326172 0.243164 0.331055 0.238281 0.326172 0.238281 0.326172
0 0.301758 0.277344 0.305664 0.282227 0.304688 0.289062 0.298828 0.288086 0.294922 0.28125
0 0.331055 0.287109 0.341797 0.291016 0.34082 0.301758 0.336914 0.305664 0.331055 0.302734 0.328125 0.294922
0 0.262695 0.363281 0.265625 0.359375 0.270508 0.360352 0.271484 0.367188 0.267578 0.369141 0.264648 0.366211
0 0.448242 0.322266 0.454102 0.322266 0.454102 0.327148 0.448242 0.327148
0 0.457031 0.31543 0.466797 0.314453 0.466797 0.322266 0.466797 0.322266 0.460938 0.323242 0.457031 0.320312
0 0.509766 0.307617 0.517578 0.307617 0.519531 0.3125 0.516602 0.318359 0.508789 0.316406
0 0.518555 0.329102 0.524414 0.329102 0.524414 0.333984 0.518555 0.333984
0 0.509766 0.334961 0.516602 0.335938 0.516602 0.335938 0.516602 0.341797 0.512695 0.344727 0.509766 0.341797
0 0.518555 0.34668 0.521484 0.349609 0.518555 0.351562 0.515625 0.348633
0 0.518555 0.356445 0.523438 0.357422 0.522461 0.365234 0.517578 0.364258
0 0.572266 0.31543 0.576172 0.321289 0.575195 0.326172 0.570312 0.325195 0.566406 0.316406
0 0.59082 0.350586 0.594727 0.353516 0.594727 0.357422 0.589844 0.355469
1 0.640625 0.351562 0.639648 0.361328 0.644531 0.367188 0.644531 0.375977 0.636719 0.375977 0.629883 0.363281 0.625977 0.353516 0.631836 0.347656
0 0.695312 0.357422 0.705078 0.359375 0.707031 0.369141 0.704102 0.371094 0.700195 0.367188 0.695312 0.365234
0 0.704102 0.302734 0.710938 0.303711 0.713867 0.308594 0.707031 0.311523
0 0.696289 0.305664 0.703125 0.308594 0.703125 0.31543 0.696289 0.318359 0.693359 0.3125
0 0.681641 0.311523 0.689453 0.311523 0.689453 0.316406 0.686523 0.317383 0.681641 0.316406
0 0.688477 0.317383 0.693359 0.319336 0.698242 0.325195 0.700195 0.333984 0.698242 0.337891 0.691406 0.334961 0.6875 0.326172
0 0.8125 0.295898 0.817383 0.294922 0.817383 0.300781 0.813477 0.299805
0 0.814453 0.330078 0.819336 0.330078 0.819336 0.335938 0.814453 0.333984
0 0.895508 0.34375 0.901367 0.34375 0.902344 0.351562 0.896484 0.351562
1 0.990234 0.286133 0.993164 0.28418 0.99707 0.290039 1 0.306641 1 0.327148 0.993164 0.328125 0.993164 0.328125 0.991211 0.323242 0.996094 0.322266 0.99707 0.316406 0.990234 0.3125 0.988281 0.303711 0.991211 0.299805 0.987305 0.292969
0 0.977539 0.217773 0.983398 0.21875 0.983398 0.224609 0.977539 0.223633
0 1 0.447266 0.991211 0.449219 0.991211 0.449219 0.986328 0.458984 0.990234 0.463867 1 0.46582
0 0.977539 0.44043 0.983398 0.44043 0.987305 0.447266 0.986328 0.450195 0.980469 0.450195 0.975586 0.445312
0 0.901367 0.352539 0.905273 0.359375 0.905273 0.368164 0.896484 0.369141 0.889648 0.363281 0.892578 0.352539
0 0.912109 0.359375 0.917969 0.361328 0.917969 0.367188 0.913086 0.367188
0 0.895508 0.375 0.904297 0.375977 0.905273 0.384766 0.899414 0.388672 0.893555 0.382812
0 0.905273 0.410156 0.908203 0.416992 0.90332 0.422852 0.898438 0.418945 0.899414 0.413086
1 0.912109 0.430664 0.918945 0.43457 0.922852 0.443359 0.917969 0.444336 0.913086 0.449219 0.907227 0.448242 0.899414 0.448242 0.890625 0.452148 0.882812 0.453125 0.878906 0.446289 0.882812 0.44043 0.891602 0.4375 0.898438 0.435547 0.901367 0.430664
0 0.861328 0.442383 0.871094 0.444336 0.874023 0.453125 0.868164 0.458984 0.858398 0.456055
0 0.890625 0.461914 0.899414 0.460938 0.90625 0.467773 0.90625 0.467773 0.904297 0.477539 0.895508 0.476562 0.888672 0.469727
0 0.825195 0.432617 0.830078 0.44043 0.829102 0.449219 0.822266 0.447266 0.817383 0.439453 0.816406 0.432617
0 0.871094 0.420898 0.878906 0.419922 0.878906 0.429688 0.87207 0.428711
0 0.858398 0.423828 0.868164 0.432617 0.868164 0.432617 0.866211 0.438477 0.858398 0.436523 0.856445 0.427734
0 0.875 0.386719 0.879883 0.389648 0.87793 0.398438 0.868164 0.398438 0.867188 0.390625 0.867188 0.390625
0 0.834961 0.323242 0.841797 0.322266 0.842773 0.329102 0.836914 0.329102
0 0.842773 0.331055 0.84668 0.337891 0.84082 0.34375 0.833984 0.344727 0.832031 0.334961 0.836914 0.333008
0 0.817383 0.336914 0.824219 0.339844 0.824219 0.345703 0.817383 0.347656 0.8125 0.342773
0 0.856445 0.394531 0.858398 0.401367 0.853516 0.40332 0.849609 0.398438 0.849609 0.392578
0 0.808594 0.390625 0.817383 0.395508 0.819336 0.40332 0.819336 0.412109 0.808594 0.414062 0.808594 0.414062 0.802734 0.40918 0.800781 0.394531
0 0.831055 0.394531 0.839844 0.397461 0.839844 0.402344 0.833984 0.404297 0.829102 0.399414 0.829102 0.399414
0 0.759766 0.351562 0.759766 0.364258 0.750977 0.370117 0.744141 0.363281 0.74707 0.349609 0.75293 0.347656
0 0.738281 0.336914 0.744141 0.337891 0.746094 0.345703 0.739258 0.349609 0.734375 0.34668
1 0.758789 0.380859 0.762695 0.390625 0.760742 0.397461 0.753906 0.399414 0.743164 0.402344 0.734375 0.40332 0.724609 0.402344 0.71582 0.40625 0.702148 0.413086 0.702148 0.413086 0.693359 0.414062 0.683594 0.410156 0.683594 0.410156 0.682617 0.399414 0.680664 0.391602 0.686523 0.392578 0.691406 0.396484 0.696289 0.401367 0.705078 0.398438 0.710938 0.391602 0.71875 0.389648 0.724609 0.391602 0.733398 0.393555 0.739258 0.390625 0.748047 0.390625 0.749023 0.383789 0.753906 0.379883
0 0.711914 0.355469 0.719727 0.356445 0.719727 0.356445 0.719727 0.363281 0.712891 0.363281 0.708984 0.358398
0 0.760742 0.423828 0.768555 0.430664 0.768555 0.430664 0.769531 0.44043 0.761719 0.443359 0.755859 0.438477 0.753906 0.429688
0 0.751953 0.433594 0.755859 0.443359 0.753906 0.448242 0.742188 0.446289 0.739258 0.436523
0 0.724609 0.428711 0.729492 0.4375 0.729492 0.4375 0.724609 0.443359 0.716797 0.44043 0.716797 0.433594
0 0.709961 0.423828 0.709961 0.430664 0.709961 0.430664 0.705078 0.430664 0.704102 0.424805
0 0.666016 0.396484 0.671875 0.400391 0.671875 0.410156 0.665039 0.414062 0.658203 0.410156 0.660156 0.397461 0.660156 0.397461
0 0.648438 0.415039 0.65625 0.419922 0.657227 0.427734 0.652344 0.433594 0.652344 0.44043 0.644531 0.44043 0.641602 0.428711 0.639648 0.419922
0 0.540039 0.393555 0.546875 0.390625 0.548828 0.395508 0.543945 0.400391 0.539062 0.397461
0 0.436523 0.392578 0.444336 0.393555 0.444336 0.401367 0.438477 0.40332 0.43457 0.398438
0 0.424805 0.422852 0.430664 0.423828 0.431641 0.430664 0.425781 0.430664
0 0.415039 0.429688 0.422852 0.428711 0.424805 0.436523 0.424805 0.436523 0.419922 0.44043 0.413086 0.435547 0.413086 0.435547
1 0.4375 0.327148 0.447266 0.329102 0.451172 0.333008 0.458008 0.336914 0.457031 0.342773 0.451172 0.344727 0.456055 0.352539 0.456055 0.352539 0.453125 0.357422 0.449219 0.366211 0.443359 0.365234 0.442383 0.354492 0.442383 0.354492 0.433594 0.348633 0.424805 0.336914 0.422852 0.331055 0.418945 0.323242 0.422852 0.317383 0.422852 0.317383 0.428711 0.327148
0 0.522461 0.366211 0.52832 0.367188 0.530273 0.373047 0.522461 0.373047 0.522461 0.373047
0 0.399414 0.373047 0.404297 0.376953 0.400391 0.381836 0.395508 0.379883 0.394531 0.375 0.394531 0.375
0 0.366211 0.369141 0.371094 0.369141 0.37207 0.373047 0.368164 0.373047
0 0.367188 0.399414 0.371094 0.399414 0.37207 0.405273 0.367188 0.405273
0 0.324219 0.37207 0.330078 0.373047 0.331055 0.379883 0.326172 0.385742 0.316406 0.381836 0.316406 0.381836 0.314453 0.374023
0 0.34082 0.431641 0.342773 0.44043 0.336914 0.441406 0.335938 0.436523
0 0.277344 0.396484 0.28418 0.396484 0.288086 0.40332 0.280273 0.405273
0 0.286133 0.429688 0.291992 0.430664 0.294922 0.435547 0.294922 0.435547 0.291992 0.439453 0.286133 0.4375
1 0.253906 0.400391 0.259766 0.397461 0.265625 0.402344 0.265625 0.408203 0.260742 0.40918 0.261719 0.417969 0.268555 0.420898 0.270508 0.428711 0.270508 0.439453 0.267578 0.444336 0.258789 0.441406 0.258789 0.441406 0.253906 0.429688 0.254883 0.418945 0.250977 0.411133 0.25 0.404297
0 0.304688 0.385742 0.310547 0.386719 0.310547 0.390625 0.305664 0.389648
0 0.286133 0.387695 0.290039 0.387695 0.291016 0.391602 0.286133 0.391602
0 0.296875 0.382812 0.300781 0.383789 0.299805 0.388672 0.295898 0.388672
0 0.298828 0.401367 0.295898 0.40332 0.295898 0.408203 0.301758 0.407227
0 0.210938 0.429688 0.22168 0.429688 0.227539 0.44043 0.22168 0.445312 0.211914 0.443359 0.207031 0.43457
0 0.22168 0.447266 0.229492 0.453125 0.229492 0.462891 0.220703 0.461914 0.214844 0.456055 0.214844 0.448242
0 0.224609 0.460938 0.230469 0.466797 0.230469 0.466797 0.230469 0.475586 0.22168 0.474609 0.216797 0.469727 0.216797 0.462891 0.216797 0.462891
0 0.241211 0.457031 0.253906 0.456055 0.254883 0.461914 0.246094 0.464844 0.239258 0.466797 0.237305 0.462891
1 0.231445 0.479492 0.236328 0.490234 0.236328 0.490234 0.232422 0.495117 0.232422 0.504883 0.222656 0.507812 0.21582 0.500977 0.21582 0.495117 0.216797 0.486328 0.224609 0.479492
0 0.227539 0.517578 0.233398 0.523438 0.233398 0.532227 0.227539 0.535156 0.227539 0.535156 0.22168 0.529297 0.22168 0.518555
0 0.235352 0.532227 0.240234 0.539062 0.236328 0.544922 0.229492 0.543945 0.227539 0.536133
0 0.253906 0.511719 0.257812 0.518555 0.250977 0.521484 0.246094 0.518555 0.246094 0.518555 0.246094 0.512695
1 0.271484 0.464844 0.27832 0.470703 0.28125 0.478516 0.28125 0.478516 0.288086 0.476562 0.292969 0.472656 0.291016 0.463867 0.294922 0.458008 0.300781 0.463867 0.303711 0.472656 0.303711 0.480469 0.298828 0.481445 0.290039 0.484375 0.28418 0.490234 0.285156 0.499023 0.285156 0.499023 0.27832 0.50293 0.273438 0.499023 0.271484 0.492188 0.271484 0.492188 0.263672 0.492188 0.254883 0.491211 0.25293 0.49707 0.245117 0.495117 0.244141 0.487305 0.244141 0.487305 0.251953 0.487305 0.258789 0.482422 0.258789 0.473633 0.261719 0.464844 0.266602 0.461914
0 0.262695 0.507812 0.267578 0.505859 0.269531 0.512695 0.265625 0.516602
0 0.28125 0.50293 0.291016 0.505859 0.291992 0.510742 0.287109 0.513672 0.280273 0.512695 0.277344 0.505859
0 0.306641 0.492188 0.311523 0.499023 0.311523 0.505859 0.304688 0.509766 0.299805 0.503906 0.303711 0.498047
0 0.311523 0.518555 0.318359 0.521484 0.322266 0.52832 0.318359 0.53125 0.30957 0.530273 0.307617 0.523438
0 0.295898 0.530273 0.302734 0.533203 0.302734 0.533203 0.301758 0.540039 0.294922 0.541992 0.290039 0.539062 0.289062 0.53418
0 0.352539 0.521484 0.358398 0.519531 0.359375 0.523438 0.359375 0.527344 0.354492 0.527344
0 0.326172 0.517578 0.332031 0.517578 0.333008 0.522461 0.328125 0.524414 0.324219 0.521484
0 0.341797 0.480469 0.350586 0.477539 0.356445 0.482422 0.361328 0.491211 0.354492 0.496094 0.345703 0.500977 0.345703 0.500977 0.339844 0.49707 0.337891 0.486328
0 0.328125 0.444336 0.334961 0.444336 0.333984 0.451172 0.328125 0.450195 0.328125 0.450195
0 0.453125 0.501953 0.457031 0.507812 0.453125 0.513672 0.453125 0.513672 0.446289 0.510742 0.445312 0.504883
0 0.463867 0.521484 0.470703 0.527344 0.470703 0.527344 0.469727 0.536133 0.46582 0.538086 0.459961 0.53418 0.459961 0.53418 0.458984 0.526367
1 0.414062 0.516602 0.418945 0.515625 0.424805 0.514648 0.431641 0.511719 0.436523 0.510742 0.443359 0.509766 0.446289 0.513672 0.443359 0.517578 0.415039 0.522461
0 0.432617 0.459961 0.436523 0.458984 0.4375 0.464844 0.4375 0.464844 0.432617 0.466797 0.432617 0.466797
0 0.494141 0.518555 0.498047 0.523438 0.496094 0.52832 0.489258 0.52832 0.486328 0.523438 0.488281 0.518555
0 0.545898 0.488281 0.550781 0.493164 0.550781 0.493164 0.547852 0.498047 0.540039 0.499023 0.537109 0.495117 0.537109 0.488281
0 0.555664 0.504883 0.558594 0.508789 0.554688 0.511719 0.548828 0.506836
0 0.574219 0.492188 0.578125 0.493164 0.579102 0.498047 0.574219 0.5 0.570312 0.496094
0 0.572266 0.516602 0.576172 0.518555 0.575195 0.523438 0.573242 0.526367 0.569336 0.524414 0.568359 0.519531
0 0.636719 0.388672 0.643555 0.390625 0.644531 0.397461 0.641602 0.401367 0.641602 0.401367 0.633789 0.40332 0.629883 0.396484
0 0.75293 0.464844 0.759766 0.470703 0.760742 0.478516 0.760742 0.478516 0.756836 0.481445 0.749023 0.477539 0.746094 0.470703 0.746094 0.470703 0.746094 0.46582
0 0.81543 0.459961 0.818359 0.46875 0.814453 0.473633 0.806641 0.47168 0.804688 0.462891 0.806641 0.457031
0 0.842773 0.456055 0.852539 0.462891 0.853516 0.46875 0.848633 0.47168 0.839844 0.46582 0.836914 0.458008
0 0.97168 0.53418 0.973633 0.544922 0.96875 0.550781 0.961914 0.546875 0.961914 0.533203
0 0.984375 0.616211 0.991211 0.617188 0.993164 0.625 0.993164 0.625 0.987305 0.628906 0.980469 0.624023 0.980469 0.624023
0 0.907227 0.598633 0.914062 0.599609 0.914062 0.599609 0.914062 0.608398 0.90625 0.609375 0.900391 0.603516
0 0.868164 0.560547 0.87793 0.558594 0.879883 0.56543 0.874023 0.569336 0.868164 0.566406 0.868164 0.566406
0 0.838867 0.567383 0.848633 0.567383 0.851562 0.576172 0.847656 0.580078 0.838867 0.578125 0.838867 0.578125 0.836914 0.571289
0 0.870117 0.597656 0.87793 0.600586 0.879883 0.611328 0.879883 0.611328 0.873047 0.615234 0.873047 0.615234 0.862305 0.611328 0.861328 0.598633
1 0.833008 0.5 0.842773 0.503906 0.850586 0.506836 0.853516 0.512695 0.847656 0.516602 0.836914 0.518555 0.834961 0.520508 0.836914 0.527344 0.84668 0.526367 0.855469 0.527344 0.862305 0.53125 0.862305 0.53418 0.847656 0.538086 0.833984 0.539062 0.826172 0.53418 0.824219 0.525391 0.820312 0.515625 0.824219 0.505859
1 0.783203 0.496094 0.790039 0.49707 0.794922 0.508789 0.801758 0.513672 0.810547 0.518555 0.818359 0.526367 0.821289 0.533203 0.818359 0.543945 0.816406 0.547852 0.81543 0.554688 0.804688 0.558594 0.790039 0.560547 0.780273 0.563477 0.765625 0.56543 0.754883 0.560547 0.748047 0.554688 0.748047 0.554688 0.75 0.545898 0.749023 0.535156 0.749023 0.535156 0.759766 0.536133 0.758789 0.546875 0.764648 0.552734 0.777344 0.550781 0.789062 0.550781 0.795898 0.545898 0.802734 0.543945 0.797852 0.533203 0.803711 0.520508 0.794922 0.522461 0.788086 0.518555 0.780273 0.503906
0 0.743164 0.553711 0.75 0.560547 0.749023 0.570312 0.734375 0.572266 0.730469 0.561523 0.726562 0.554688 0.728516 0.545898
0 0.773438 0.634766 0.776367 0.637695 0.774414 0.645508 0.774414 0.645508 0.763672 0.642578 0.762695 0.634766 0.762695 0.634766
0 0.615234 0.577148 0.620117 0.575195 0.624023 0.580078 0.624023 0.585938 0.619141 0.588867 0.614258 0.583984
0 0.567383 0.614258 0.579102 0.617188 0.579102 0.624023 0.568359 0.626953 0.560547 0.626953 0.558594 0.619141
0 0.561523 0.592773 0.567383 0.592773 0.567383 0.600586 0.5625 0.599609
0 0.511719 0.586914 0.519531 0.584961 0.524414 0.592773 0.523438 0.601562 0.514648 0.603516 0.514648 0.603516 0.510742 0.59668 0.510742 0.59668
0 0.516602 0.616211 0.523438 0.612305 0.530273 0.621094 0.535156 0.633789 0.53125 0.641602 0.524414 0.640625
0 0.477539 0.594727 0.485352 0.59375 0.487305 0.602539 0.481445 0.605469 0.477539 0.602539
0 0.469727 0.598633 0.474609 0.597656 0.477539 0.602539 0.476562 0.607422 0.46875 0.606445
0 0.454102 0.597656 0.462891 0.597656 0.46582 0.603516 0.462891 0.606445 0.454102 0.605469
0 0.411133 0.538086 0.419922 0.538086 0.421875 0.545898 0.416016 0.548828 0.40918 0.543945
0 0.427734 0.535156 0.436523 0.536133 0.438477 0.544922 0.432617 0.548828 0.424805 0.544922
0 0.397461 0.549805 0.40332 0.553711 0.40332 0.553711 0.401367 0.561523 0.394531 0.557617
0 0.333008 0.555664 0.326172 0.560547 0.328125 0.564453 0.334961 0.564453
0 0.230469 0.576172 0.242188 0.580078 0.242188 0.580078 0.244141 0.59082 0.231445 0.595703 0.223633 0.59668 0.21875 0.587891 0.21875 0.587891
0 0.242188 0.545898 0.25 0.554688 0.25 0.554688 0.245117 0.563477 0.235352 0.560547 0.233398 0.550781 0.233398 0.550781
0 0.244141 0.56543 0.25 0.570312 0.24707 0.577148 0.238281 0.574219 0.238281 0.574219 0.238281 0.56543
0 0.261719 0.575195 0.270508 0.581055 0.270508 0.591797 0.257812 0.59375 0.251953 0.583008 0.254883 0.577148
0 0.271484 0.572266 0.280273 0.573242 0.280273 0.583008 0.273438 0.584961 0.268555 0.577148
0 0.279297 0.568359 0.288086 0.568359 0.289062 0.577148 0.282227 0.577148 0.282227 0.577148
0 0.25 0.619141 0.256836 0.618164 0.259766 0.623047 0.256836 0.625977 0.25 0.624023
0 0.262695 0.629883 0.269531 0.629883 0.273438 0.635742 0.271484 0.639648 0.265625 0.637695
0 0.300781 0.613281 0.304688 0.612305 0.305664 0.616211 0.302734 0.618164
0 0.274414 0.646484 0.280273 0.645508 0.282227 0.651367 0.27832 0.65332
0 0.285156 0.665039 0.290039 0.663086 0.291992 0.668945 0.287109 0.669922
0 0.293945 0.674805 0.297852 0.674805 0.297852 0.681641 0.292969 0.681641
0 0.307617 0.676758 0.303711 0.678711 0.308594 0.680664
0 0.310547 0.626953 0.313477 0.625 0.31543 0.629883 0.311523 0.633789
0 0.331055 0.662109 0.330078 0.670898 0.322266 0.669922 0.323242 0.663086
0 0.334961 0.664062 0.341797 0.666016 0.341797 0.674805 0.332031 0.675781
0 0.289062 0.710938 0.296875 0.707031 0.296875 0.71582 0.291016 0.71875
0 0.298828 0.706055 0.305664 0.704102 0.306641 0.711914 0.299805 0.716797 0.299805 0.716797
0 0.408203 0.626953 0.413086 0.636719 0.412109 0.645508 0.40332 0.651367 0.400391 0.640625 0.396484 0.631836 0.399414 0.624023
0 0.426758 0.646484 0.435547 0.654297 0.431641 0.662109 0.423828 0.662109 0.418945 0.65332 0.418945 0.65332
0 0.439453 0.625977 0.450195 0.625977 0.449219 0.645508 0.44043 0.649414 0.44043 0.649414 0.436523 0.637695
0 0.46875 0.619141 0.479492 0.625 0.481445 0.635742 0.481445 0.635742 0.477539 0.644531 0.470703 0.639648
1 0.443359 0.648438 0.454102 0.644531 0.461914 0.648438 0.474609 0.644531 0.484375 0.651367 0.490234 0.665039 0.49707 0.667969 0.503906 0.677734 0.511719 0.688477 0.511719 0.688477 0.520508 0.705078 0.525391 0.71582 0.514648 0.724609 0.505859 0.730469 0.489258 0.731445 0.478516 0.72168 0.473633 0.710938 0.476562 0.701172 0.485352 0.702148 0.490234 0.699219 0.484375 0.686523 0.478516 0.694336 0.460938 0.691406 0.458008 0.68457 0.455078 0.672852 0.450195 0.663086 0.441406 0.65625
0 0.40625 0.678711 0.417969 0.680664 0.419922 0.691406 0.415039 0.697266 0.407227 0.692383 0.407227 0.692383
0 0.399414 0.692383 0.411133 0.694336 0.412109 0.708008 0.412109 0.708008 0.405273 0.713867 0.393555 0.710938 0.389648 0.698242
0 0.310547 0.71875 0.317383 0.717773 0.317383 0.724609 0.310547 0.723633
0 0.351562 0.703125 0.361328 0.701172 0.361328 0.701172 0.364258 0.709961 0.357422 0.713867 0.348633 0.709961 0.348633 0.709961
0 0.466797 0.769531 0.47168 0.773438 0.47168 0.780273 0.463867 0.78125 0.463867 0.772461
0 0.474609 0.767578 0.480469 0.771484 0.482422 0.77832 0.475586 0.78125 0.472656 0.776367 0.472656 0.776367
0 0.484375 0.773438 0.491211 0.777344 0.491211 0.783203 0.485352 0.785156 0.482422 0.782227
0 0.381836 0.776367 0.388672 0.773438 0.392578 0.780273 0.391602 0.790039 0.384766 0.791016 0.379883 0.782227
0 0.288086 0.814453 0.288086 0.819336 0.28418 0.821289 0.282227 0.816406
0 0.290039 0.824219 0.293945 0.825195 0.294922 0.830078 0.290039 0.829102
0 0.297852 0.835938 0.300781 0.835938 0.300781 0.84082 0.297852 0.84082
0 0.301758 0.844727 0.305664 0.844727 0.306641 0.848633 0.302734 0.849609
0 0.271484 0.847656 0.270508 0.852539 0.264648 0.850586 0.263672 0.84375 0.263672 0.84375 0.267578 0.84375
0 0.280273 0.856445 0.280273 0.861328 0.276367 0.861328 0.275391 0.855469
0 0.286133 0.866211 0.291016 0.868164 0.291992 0.873047 0.288086 0.874023 0.28418 0.871094
0 0.399414 0.822266 0.402344 0.827148 0.40332 0.834961 0.396484 0.835938 0.396484 0.835938 0.391602 0.831055 0.393555 0.823242 0.393555 0.823242
0 0.357422 0.829102 0.362305 0.834961 0.357422 0.839844 0.349609 0.837891 0.349609 0.829102
0 0.487305 0.786133 0.494141 0.788086 0.494141 0.788086 0.494141 0.796875 0.487305 0.796875 0.483398 0.790039 0.483398 0.790039
0 0.499023 0.789062 0.503906 0.792969 0.504883 0.798828 0.498047 0.800781 0.494141 0.793945
0 0.496094 0.834961 0.496094 0.844727 0.488281 0.848633 0.477539 0.844727 0.476562 0.833984 0.486328 0.829102
0 0.429688 0.819336 0.431641 0.828125 0.425781 0.829102 0.420898 0.822266 0.420898 0.822266 0.420898 0.81543
0 0.288086 0.898438 0.290039 0.904297 0.286133 0.90918 0.279297 0.907227 0.279297 0.898438
0 0.30957 0.888672 0.3125 0.897461 0.3125 0.897461 0.305664 0.902344 0.295898 0.896484 0.302734 0.890625
0 0.319336 0.907227 0.321289 0.913086 0.31543 0.915039 0.3125 0.90918
0 0.333008 0.964844 0.338867 0.96582 0.339844 0.97168 0.333984 0.973633
0 0.332031 0.944336 0.339844 0.945312 0.34082 0.955078 0.331055 0.957031 0.331055 0.957031 0.327148 0.951172 0.327148 0.951172
0 0.237305 0.932617 0.241211 0.938477 0.237305 0.94043 0.234375 0.935547
0 0.297852 0.967773 0.298828 0.974609 0.293945 0.974609 0.293945 0.974609 0.291992 0.969727 0.291992 0.969727 0.294922 0.96582
0 0.316406 0.999023 0.319336 0.992188 0.328125 0.992188 0.329102 1
0 0.336914 0.982422 0.34375 0.983398 0.344727 0.989258 0.338867 0.990234
0 0.375977 0.964844 0.376953 0.970703 0.373047 0.974609 0.370117 0.970703 0.370117 0.963867
0 0.350586 0.916992 0.355469 0.917969 0.356445 0.923828 0.352539 0.924805
0 0.438477 0.958984 0.44043 0.963867 0.43457 0.96582 0.43457 0.96582 0.431641 0.960938
0 0.416016 0.970703 0.416016 0.975586 0.408203 0.975586 0.408203 0.969727 0.412109 0.970703
0 0.417969 0.852539 0.424805 0.854492 0.424805 0.854492 0.423828 0.863281 0.415039 0.862305 0.410156 0.855469
0 0.408203 0.874023 0.408203 0.884766 0.408203 0.884766 0.400391 0.887695 0.397461 0.87793 0.397461 0.87793
0 0.463867 0.853516 0.477539 0.851562 0.478516 0.861328 0.466797 0.862305 0.466797 0.862305
0 0.475586 0.870117 0.483398 0.882812 0.480469 0.888672 0.472656 0.886719 0.462891 0.881836 0.462891 0.881836 0.459961 0.874023 0.459961 0.874023 0.462891 0.869141
0 0.491211 0.875977 0.498047 0.876953 0.498047 0.876953 0.498047 0.881836 0.493164 0.880859
0 0.510742 0.866211 0.514648 0.867188 0.514648 0.87207 0.507812 0.869141
0 0.53125 0.849609 0.537109 0.848633 0.537109 0.853516
0 0.533203 0.857422 0.540039 0.858398 0.541016 0.864258 0.541016 0.864258 0.532227 0.862305 0.532227 0.862305
0 0.509766 0.904297 0.517578 0.904297 0.520508 0.912109 0.515625 0.915039 0.509766 0.911133
0 0.537109 0.902344 0.543945 0.90625 0.542969 0.916016 0.535156 0.912109 0.535156 0.912109
0 0.545898 0.917969 0.550781 0.918945 0.551758 0.923828 0.545898 0.926758 0.540039 0.919922
0 0.557617 0.90918 0.56543 0.912109 0.56543 0.919922 0.56543 0.919922 0.558594 0.923828 0.550781 0.916992
0 0.430664 0.933594 0.429688 0.943359 0.420898 0.944336 0.419922 0.932617 0.423828 0.932617
0 0.467773 0.938477 0.467773 0.947266 0.467773 0.947266 0.462891 0.954102 0.458984 0.950195 0.458984 0.950195 0.455078 0.938477 0.455078 0.938477 0.458008 0.93457
0 0.492188 0.954102 0.482422 0.953125 0.481445 0.962891 0.485352 0.96582 0.485352 0.96582 0.494141 0.966797
0 0.514648 0.941406 0.526367 0.945312 0.522461 0.956055 0.522461 0.956055 0.515625 0.955078 0.511719 0.949219
0 0.525391 0.946289 0.53418 0.947266 0.536133 0.953125 0.529297 0.958984 0.523438 0.957031
0 0.344727 0.999023 0.350586 0.995117 0.355469 0.999023
0 0.379883 0.998047 0.384766 0.994141 0.384766 0.994141 0.390625 0.994141 0.392578 0.999023
0 0.416016 0.999023 0.422852 0.993164 0.430664 0.995117 0.433594 0.999023
0 0.5 1 0.501953 0.990234 0.508789 0.987305 0.513672 0.991211 0.514648 0.99707 0.511719 1
0 0.408203 0.913086 0.414062 0.911133 0.416016 0.916016 0.410156 0.918945
0 0.604492 0.888672 0.611328 0.889648 0.611328 0.889648 0.610352 0.896484 0.605469 0.896484 0.601562 0.892578
0 0.618164 0.896484 0.624023 0.896484 0.624023 0.90332 0.624023 0.90332 0.617188 0.90332 0.614258 0.899414
0 0.620117 0.90625 0.623047 0.911133 0.618164 0.916016 0.611328 0.913086 0.610352 0.907227
0 0.642578 0.990234 0.645508 0.994141 0.645508 1 0.636719 1 0.636719 1 0.634766 0.992188 0.635742 0.989258
0 0.661133 0.944336 0.666016 0.946289 0.666016 0.952148 0.662109 0.956055 0.65625 0.957031 0.65625 0.957031 0.655273 0.950195
0 0.651367 0.926758 0.658203 0.931641 0.654297 0.933594 0.646484 0.933594 0.645508 0.928711
0 0.569336 0.868164 0.573242 0.873047 0.573242 0.873047 0.570312 0.878906 0.570312 0.878906 0.5625 0.875977 0.561523 0.868164
0 0.648438 0.910156 0.657227 0.913086 0.657227 0.913086 0.65625 0.920898 0.648438 0.922852 0.640625 0.918945 0.639648 0.910156 0.643555 0.910156
0 0.552734 0.761719 0.557617 0.766602 0.557617 0.766602 0.553711 0.773438 0.545898 0.768555 0.545898 0.763672
0 0.548828 0.744141 0.555664 0.74707 0.555664 0.74707 0.555664 0.755859 0.547852 0.755859 0.542969 0.75
1 0.555664 0.802734 0.563477 0.80957 0.55957 0.81543 0.551758 0.824219 0.544922 0.830078 0.544922 0.830078 0.535156 0.829102 0.535156 0.829102 0.532227 0.822266 0.532227 0.8125 0.532227 0.8125 0.541016 0.808594 0.548828 0.808594
0 0.579102 0.796875 0.585938 0.797852 0.585938 0.802734 0.578125 0.802734
0 0.5625 0.796875 0.568359 0.793945 0.571289 0.797852 0.564453 0.800781
0 0.578125 0.811523 0.586914 0.811523 0.587891 0.819336 0.581055 0.819336
0 0.586914 0.819336 0.59375 0.820312 0.594727 0.824219 0.588867 0.826172
0 0.591797 0.832031 0.59668 0.832031 0.59668 0.832031 0.598633 0.836914 0.592773 0.837891
0 0.59375 0.845703 0.603516 0.845703 0.603516 0.845703 0.605469 0.855469 0.597656 0.857422 0.59375 0.852539
0 0.558594 0.777344 0.56543 0.776367 0.566406 0.785156 0.561523 0.787109 0.556641 0.78418
0 0.584961 0.734375 0.589844 0.737305 0.589844 0.744141 0.584961 0.744141 0.582031 0.738281
0 0.597656 0.736328 0.604492 0.739258 0.603516 0.743164 0.597656 0.742188
0 0.607422 0.746094 0.614258 0.74707 0.616211 0.751953 0.615234 0.755859 0.609375 0.755859 0.607422 0.751953
0 0.491211 0.755859 0.49707 0.75293 0.498047 0.759766 0.493164 0.762695 0.490234 0.760742
1 0.543945 0.667969 0.553711 0.669922 0.55957 0.679688 0.55957 0.686523 0.558594 0.693359 0.551758 0.694336 0.551758 0.694336 0.545898 0.686523 0.545898 0.686523 0.541016 0.677734
0 0.52832 0.644531 0.538086 0.644531 0.538086 0.644531 0.539062 0.651367 0.539062 0.651367 0.532227 0.65332 0.527344 0.649414
0 0.533203 0.654297 0.541016 0.65625 0.541992 0.663086 0.537109 0.665039 0.532227 0.661133
0 0.554688 0.693359 0.560547 0.695312 0.557617 0.700195 0.551758 0.698242
0 0.558594 0.699219 0.564453 0.702148 0.561523 0.708008 0.556641 0.704102
0 0.570312 0.708984 0.570312 0.71582 0.56543 0.71582 0.5625 0.710938 0.5625 0.705078
0 0.571289 0.713867 0.577148 0.71875 0.575195 0.723633 0.568359 0.723633 0.566406 0.716797
0 0.573242 0.723633 0.579102 0.727539 0.579102 0.733398 0.574219 0.732422 0.572266 0.728516
0 0.589844 0.62793 0.59668 0.629883 0.598633 0.640625 0.594727 0.643555 0.59082 0.637695 0.59082 0.637695
0 0.594727 0.651367 0.605469 0.654297 0.608398 0.666016 0.608398 0.666016 0.601562 0.671875 0.592773 0.669922 0.591797 0.661133
0 0.602539 0.672852 0.609375 0.675781 0.610352 0.683594 0.605469 0.685547 0.598633 0.679688
0 0.618164 0.693359 0.621094 0.700195 0.618164 0.703125 0.611328 0.698242 0.613281 0.693359
0 0.635742 0.726562 0.643555 0.735352 0.639648 0.745117 0.631836 0.746094 0.62793 0.737305 0.62793 0.728516 0.62793 0.728516
0 0.640625 0.742188 0.650391 0.746094 0.650391 0.753906 0.640625 0.755859 0.637695 0.749023 0.637695 0.749023
0 0.785156 0.998047 0.785156 0.986328 0.785156 0.986328 0.793945 0.978516 0.803711 0.983398 0.810547 0.988281 0.816406 1
0 0.791992 0.959961 0.801758 0.964844 0.802734 0.975586 0.792969 0.975586 0.788086 0.969727 0.788086 0.969727 0.780273 0.969727 0.779297 0.964844 0.786133 0.958984
0 0.850586 0.980469 0.860352 0.981445 0.865234 0.987305 0.867188 1 0.847656 1 0.848633 0.988281
0 0.828125 0.951172 0.833984 0.958008 0.833008 0.964844 0.824219 0.96582 0.819336 0.957031 0.821289 0.952148
0 0.834961 0.941406 0.839844 0.945312 0.84082 0.951172 0.835938 0.950195
0 0.737305 0.869141 0.737305 0.876953 0.731445 0.87793 0.730469 0.870117
0 0.741211 0.874023 0.749023 0.876953 0.749023 0.882812 0.740234 0.883789
1 0.779297 0.875977 0.785156 0.891602 0.785156 0.891602 0.788086 0.902344 0.798828 0.899414 0.80957 0.905273 0.820312 0.90918 0.817383 0.916992 0.816406 0.927734 0.807617 0.929688 0.795898 0.933594 0.783203 0.929688 0.775391 0.916992 0.767578 0.900391 0.760742 0.887695 0.768555 0.874023 0.768555 0.874023
0 0.756836 0.816406 0.762695 0.820312 0.762695 0.826172 0.755859 0.828125 0.753906 0.823242
1 0.785156 0.831055 0.791016 0.828125 0.796875 0.832031 0.795898 0.845703 0.798828 0.854492 0.803711 0.850586 0.808594 0.849609 0.808594 0.849609 0.80957 0.841797 0.816406 0.84375 0.825195 0.84375 0.825195 0.84375 0.836914 0.842773 0.847656 0.845703 0.851562 0.855469 0.851562 0.866211 0.84375 0.867188 0.836914 0.871094 0.831055 0.883789 0.831055 0.90332 0.829102 0.912109 0.818359 0.90918 0.80957 0.90332 0.796875 0.898438 0.789062 0.890625 0.791992 0.876953 0.788086 0.869141 0.780273 0.866211 0.775391 0.87207 0.761719 0.865234 0.755859 0.850586 0.762695 0.841797
0 0.819336 0.789062 0.833984 0.791992 0.835938 0.800781 0.828125 0.804688 0.817383 0.803711 0.813477 0.796875 0.813477 0.796875
0 0.799805 0.802734 0.807617 0.804688 0.807617 0.804688 0.806641 0.811523 0.797852 0.813477 0.793945 0.808594
0 0.624023 0.764648 0.630859 0.768555 0.629883 0.775391 0.623047 0.775391 0.623047 0.775391 0.621094 0.769531
1 0.802734 0.743164 0.810547 0.750977 0.80957 0.759766 0.808594 0.766602 0.818359 0.769531 0.818359 0.77832 0.8125 0.78418 0.8125 0.78418 0.805664 0.789062 0.797852 0.791992 0.793945 0.782227 0.790039 0.771484 0.791016 0.761719 0.796875 0.757812 0.797852 0.75
0 0.695312 0.696289 0.705078 0.700195 0.705078 0.707031 0.698242 0.710938 0.689453 0.707031 0.689453 0.700195
0 0.705078 0.674805 0.708984 0.682617 0.708008 0.694336 0.700195 0.695312 0.691406 0.69043 0.691406 0.69043 0.69043 0.681641 0.696289 0.675781
0 0.768555 0.671875 0.770508 0.680664 0.767578 0.685547 0.757812 0.682617 0.757812 0.672852 0.761719 0.667969
0 0.748047 0.675781 0.755859 0.677734 0.755859 0.677734 0.756836 0.68457 0.751953 0.6875 0.746094 0.683594 0.746094 0.683594
0 0.739258 0.675781 0.745117 0.686523 0.741211 0.689453 0.734375 0.688477 0.732422 0.677734 0.732422 0.677734
1 0.796875 0.689453 0.802734 0.699219 0.808594 0.709961 0.814453 0.71875 0.8125 0.723633 0.808594 0.730469 0.797852 0.731445 0.796875 0.720703 0.789062 0.717773 0.785156 0.710938 0.796875 0.708008 0.796875 0.700195 0.790039 0.698242 0.788086 0.691406 0.791016 0.68457 0.791016 0.68457 0.796875 0.680664
0 0.786133 0.722656 0.791992 0.720703 0.795898 0.724609 0.794922 0.728516 0.787109 0.728516
0 0.814453 0.666016 0.820312 0.665039 0.822266 0.670898 0.819336 0.672852
0 0.811523 0.658203 0.817383 0.657227 0.818359 0.661133 0.814453 0.664062 0.80957 0.662109
1 0.705078 0.658203 0.709961 0.65625 0.713867 0.65918 0.717773 0.65332 0.723633 0.649414 0.727539 0.65625 0.730469 0.65332 0.735352 0.649414 0.738281 0.645508 0.740234 0.648438 0.746094 0.648438 0.753906 0.646484 0.757812 0.651367 0.751953 0.655273 0.748047 0.664062 0.742188 0.666992 0.732422 0.662109 0.725586 0.666992 0.720703 0.674805 0.712891 0.677734 0.702148 0.675781 0.697266 0.671875 0.696289 0.664062 0.701172 0.657227
0 0.805664 0.634766 0.808594 0.637695 0.808594 0.643555 0.804688 0.640625
0 0.813477 0.633789 0.819336 0.634766 0.818359 0.639648 0.8125 0.638672
0 0.822266 0.632812 0.828125 0.633789 0.828125 0.637695 0.822266 0.637695
0 0.967773 0.558594 0.96875 0.567383 0.962891 0.569336 0.960938 0.5625
1 0.879883 0.628906 0.890625 0.633789 0.892578 0.641602 0.898438 0.645508 0.898438 0.661133 0.898438 0.661133 0.896484 0.667969 0.896484 0.667969 0.891602 0.673828 0.884766 0.668945 0.884766 0.668945 0.884766 0.65625 0.87793 0.650391 0.876953 0.634766
0 0.791992 0.648438 0.802734 0.652344 0.804688 0.660156 0.798828 0.664062 0.791992 0.654297
0 0.864258 0.693359 0.870117 0.693359 0.87207 0.698242 0.869141 0.702148 0.860352 0.701172 0.860352 0.701172 0.861328 0.692383
0 0.857422 0.674805 0.863281 0.674805 0.864258 0.679688 0.857422 0.680664
0 0.845703 0.704102 0.854492 0.705078 0.858398 0.71582 0.855469 0.72168 0.849609 0.71875
0 0.818359 0.748047 0.827148 0.749023 0.827148 0.749023 0.829102 0.757812 0.823242 0.759766 0.819336 0.754883
0 1 0.707031 0.992188 0.708008 0.992188 0.708008 0.991211 0.71582 0.994141 0.719727 1 0.72168 1 0.72168
0 0.978516 0.626953 0.978516 0.631836 0.974609 0.632812 0.973633 0.625
0 0.941406 0.654297 0.946289 0.65918 0.946289 0.666016 0.939453 0.665039 0.9375 0.658203
0 0.96582 0.673828 0.969727 0.683594 0.963867 0.688477 0.957031 0.681641 0.958008 0.672852 0.958008 0.672852
0 0.87793 0.705078 0.889648 0.706055 0.894531 0.711914 0.893555 0.720703 0.885742 0.724609 0.87793 0.720703 0.875 0.709961 0.875 0.709961
0 0.866211 0.730469 0.87793 0.732422 0.87793 0.740234 0.865234 0.741211 0.861328 0.735352 0.861328 0.735352
0 0.980469 0.75 0.987305 0.753906 0.987305 0.762695 0.981445 0.764648 0.975586 0.758789
0 0.96875 0.758789 0.978516 0.761719 0.979492 0.769531 0.970703 0.770508 0.966797 0.763672
0 0.837891 0.830078 0.844727 0.828125 0.844727 0.832031 0.84082 0.836914 0.835938 0.835938
1 0.865234 0.814453 0.87207 0.818359 0.875977 0.827148 0.882812 0.832031 0.881836 0.836914 0.869141 0.835938 0.863281 0.829102
0 0.987305 0.797852 0.993164 0.796875 0.993164 0.799805 0.989258 0.802734
0 0.999023 0.803711 0.992188 0.807617 0.993164 0.8125 1 0.813477
0 0.916016 0.806641 0.917969 0.8125 0.912109 0.814453 0.912109 0.814453 0.911133 0.808594
0 0.921875 0.825195 0.929688 0.825195 0.932617 0.831055 0.927734 0.835938 0.920898 0.832031
0 0.9375 0.835938 0.938477 0.842773 0.933594 0.844727 0.931641 0.839844
1 0.873047 0.844727 0.875977 0.851562 0.875977 0.851562 0.883789 0.852539 0.887695 0.861328 0.890625 0.870117 0.892578 0.879883 0.889648 0.885742 0.889648 0.891602 0.882812 0.895508 0.878906 0.889648 0.871094 0.890625 0.866211 0.876953 0.862305 0.875977 0.857422 0.870117 0.851562 0.866211 0.851562 0.854492 0.859375 0.850586 0.863281 0.84668
1 0.948242 0.876953 0.950195 0.886719 0.957031 0.885742 0.961914 0.895508 0.964844 0.90918 0.964844 0.90918 0.962891 0.915039 0.955078 0.917969 0.951172 0.925781 0.942383 0.927734 0.939453 0.914062 0.932617 0.904297 0.933594 0.894531 0.938477 0.880859
0 0.998047 0.897461 0.99707 0.908203 0.984375 0.912109 0.975586 0.908203 0.976562 0.900391 0.988281 0.895508 0.993164 0.894531
0 0.887695 0.916016 0.899414 0.917969 0.904297 0.927734 0.90332 0.939453 0.900391 0.947266 0.889648 0.944336 0.889648 0.944336 0.884766 0.933594 0.884766 0.924805
0 0.850586 0.967773 0.854492 0.967773 0.854492 0.97168 0.849609 0.972656
0 0.886719 0.949219 0.894531 0.948242 0.899414 0.955078 0.899414 0.966797 0.893555 0.972656 0.889648 0.96875 0.889648 0.96875 0.887695 0.957031
0 0.901367 0.967773 0.90918 0.975586 0.90918 0.985352 0.904297 0.987305 0.895508 0.985352 0.895508 0.985352 0.891602 0.976562 0.893555 0.970703
0 0.879883 0.999023 0.883789 0.992188 0.893555 0.992188 0.895508 0.995117 0.896484 1
0 0.907227 0.966797 0.913086 0.962891 0.918945 0.967773 0.916992 0.976562 0.916992 0.976562 0.914062 0.983398 0.90918 0.980469
0 0.904297 0.946289 0.913086 0.948242 0.916992 0.957031 0.912109 0.963867 0.905273 0.960938
0 0.917969 0.975586 0.925781 0.981445 0.924805 0.990234 0.916016 0.990234 0.913086 0.984375 0.913086 0.984375
0 0.947266 0.946289 0.948242 0.962891 0.942383 0.964844 0.936523 0.953125 0.9375 0.945312 0.941406 0.941406
0 0.959961 0.94043 0.96875 0.942383 0.96875 0.942383 0.969727 0.950195 0.964844 0.949219 0.957031 0.948242
