1 0.22168 0.0117188 0.229492 0.015625 0.228516 0.0263672 0.227539 0.0380859 0.219727 0.0429688 0.214844 0.0361328 0.217773 0.0253906 0.212891 0.0166016
1 0.333984 0.0244141 0.344727 0.0273438 0.34375 0.0429688 0.338867 0.0546875 0.327148 0.0527344 0.325195 0.0341797
1 0.333008 0.0869141 0.347656 0.0898438 0.359375 0.0908203 0.368164 0.0927734 0.368164 0.100586 0.355469 0.106445 0.335938 0.101562 0.327148 0.0947266
1 0.248047 0.0908203 0.261719 0.0927734 0.266602 0.105469 0.260742 0.118164 0.25 0.123047 0.244141 0.107422
1 0.0888672 0 0.107422 0.000976562 0.110352 0.015625 0.108398 0.0283203 0.107422 0.0390625 0.101562 0.0419922 0.0957031 0.0214844 0.0898438 0.0390625 0.0878906 0.0527344 0.0820312 0.0595703 0.0722656 0.0595703 0.0673828 0.0458984 0.0732422 0.0341797 0.0791016 0.0205078 0.0732422 0.0136719 0.078125 0.00488281 0.0849609 0.00683594
0 0.162109 0.125 0.172852 0.125977 0.178711 0.135742 0.172852 0.143555 0.172852 0.144531 0.15918 0.141602 0.15625 0.128906
0 0.0332031 0.078125 0.0419922 0.0791016 0.0429688 0.0859375 0.0341797 0.0859375
0 0.00390625 0.0917969 0.0166016 0.0908203 0.0214844 0.101562 0.0175781 0.108398 0.00683594 0.107422 0 0.104492
0 0.0595703 0.0947266 0.0703125 0.0947266 0.0703125 0.103516 0.0576172 0.110352 0.0537109 0.103516
0 0.0869141 0.0908203 0.0927734 0.0927734 0.0927734 0.0976562 0.0859375 0.0966797
0 0.0830078 0.0976562 0.0898438 0.100586 0.0898438 0.108398 0.0839844 0.114258 0.0800781 0.104492
0 0.0957031 0.107422 0.104492 0.112305 0.103516 0.121094 0.103516 0.121094 0.0957031 0.12207 0.0908203 0.116211
0 0.146484 0.0976562 0.15625 0.100586 0.158203 0.112305 0.141602 0.117188 0.134766 0.104492
0 0.167969 0.0556641 0.175781 0.0605469 0.176758 0.0693359 0.167969 0.0673828
1 0.138672 0.120117 0.150391 0.116211 0.155273 0.12207 0.150391 0.133789 0.151367 0.133789 0.150391 0.144531 0.150391 0.15332 0.146484 0.15918 0.131836 0.15918 0.124023 0.15332 0.125 0.145508 0.134766 0.142578 0.134766 0.124023
1 0.226562 0.188477 0.237305 0.19043 0.241211 0.202148 0.240234 0.214844 0.228516 0.220703 0.216797 0.212891 0.219727 0.194336
0 0.0742188 0.125 0.0810547 0.129883 0.0810547 0.137695 0.0722656 0.134766
0 0.0566406 0.155273 0.0654297 0.154297 0.0683594 0.166016 0.0664062 0.172852 0.0576172 0.168945
0 0.0478516 0.200195 0.0517578 0.201172 0.0517578 0.207031 0.0458984 0.206055
0 0.046875 0.209961 0.0546875 0.213867 0.0527344 0.222656 0.046875 0.223633 0.0429688 0.217773
0 0.0449219 0.231445 0.0517578 0.230469 0.0527344 0.235352 0.046875 0.236328 0.046875 0.236328
0 0.0449219 0.242188 0.0527344 0.242188 0.0517578 0.25 0.0439453 0.250977
1 0.0224609 0.268555 0.0322266 0.268555 0.0449219 0.265625 0.0517578 0.276367 0.0478516 0.288086 0.0341797 0.289062 0.0341797 0.289062 0.0224609 0.286133 0.0136719 0.277344 0.0146484 0.266602
0 0.0429688 0.291016 0.0488281 0.291992 0.0488281 0.299805 0.0419922 0.296875
0 0.03125 0.311523 0.0410156 0.311523 0.0410156 0.319336 0.0322266 0.323242 0.0283203 0.317383
0 0.117188 0.306641 0.12207 0.313477 0.119141 0.323242 0.112305 0.321289 0.108398 0.310547
0 0.131836 0.306641 0.137695 0.308594 0.136719 0.314453 0.130859 0.313477
0 0.109375 0.331055 0.116211 0.333984 0.119141 0.34082 0.113281 0.344727 0.113281 0.344727 0.105469 0.34082
0 0.120117 0.336914 0.12793 0.337891 0.129883 0.342773 0.12207 0.34668
0 0.131836 0.327148 0.139648 0.329102 0.141602 0.336914 0.141602 0.336914 0.132812 0.337891 0.130859 0.331055
1 0.226562 0.330078 0.245117 0.332031 0.244141 0.337891 0.237305 0.338867 0.236328 0.341797 0.226562 0.341797 0.217773 0.338867 0.214844 0.331055
0 0.282227 0.333008 0.290039 0.333008 0.293945 0.339844 0.285156 0.34082 0.28125 0.337891
0 0.0546875 0.279297 0.0585938 0.277344 0.0625 0.28125 0.0605469 0.283203 0.0566406 0.280273
0 0.0175781 0.299805 0.0234375 0.301758 0.0302734 0.300781 0.0302734 0.306641 0.0273438 0.313477 0.0195312 0.314453 0.015625 0.306641
0 0.0527344 0.34375 0.0595703 0.350586 0.0605469 0.355469 0.0537109 0.354492 0.0478516 0.348633
0 0.0791016 0.362305 0.078125 0.373047 0.0732422 0.376953 0.0654297 0.37207 0.0644531 0.361328
0 0.0400391 0.375 0.0449219 0.384766 0.0400391 0.392578 0.0332031 0.390625 0.0292969 0.382812
0 0.0556641 0.375 0.0654297 0.376953 0.0634766 0.386719 0.0556641 0.385742 0.0556641 0.385742
0 0.0644531 0.456055 0.0703125 0.455078 0.0742188 0.463867 0.0664062 0.46582
0 0.0556641 0.477539 0.0634766 0.484375 0.0625 0.49707 0.0625 0.503906 0.0537109 0.504883 0.0478516 0.501953 0.0419922 0.491211 0.046875 0.478516
1 0.0341797 0.496094 0.0380859 0.500977 0.0380859 0.512695 0.0380859 0.520508 0.0332031 0.527344 0.0341797 0.532227 0.0283203 0.536133 0.0175781 0.536133 0.00585938 0.535156 0.00585938 0.541016 0 0.544922 0 0.527344 0.00195312 0.518555 0.00488281 0.518555 0.0126953 0.512695 0.0244141 0.508789 0.0253906 0.501953 0.0302734 0.500977
0 0 0.553711 0.00683594 0.555664 0.00878906 0.5625 0.00585938 0.566406 0 0.56543
0 0.0273438 0.543945 0.0351562 0.547852 0.0361328 0.556641 0.0361328 0.556641 0.03125 0.557617 0.0244141 0.553711
1 0.0273438 0.56543 0.0332031 0.569336 0.0322266 0.583008 0.0322266 0.589844 0.0166016 0.592773 0.0107422 0.588867 0.0166016 0.581055 0.0205078 0.569336
1 0.172852 0.550781 0.180664 0.549805 0.189453 0.558594 0.199219 0.552734 0.208008 0.551758 0.212891 0.554688 0.212891 0.561523 0.22168 0.564453 0.223633 0.575195 0.219727 0.581055 0.214844 0.586914 0.209961 0.59082 0.200195 0.585938 0.197266 0.581055 0.194336 0.587891 0.192383 0.597656 0.183594 0.599609 0.170898 0.594727 0.166016 0.59668 0.160156 0.59375 0.15918 0.586914 0.148438 0.585938 0.149414 0.592773 0.150391 0.597656 0.143555 0.597656 0.143555 0.597656 0.137695 0.595703 0.141602 0.602539 0.138672 0.610352 0.138672 0.615234 0.134766 0.617188 0.129883 0.610352 0.12793 0.598633 0.12207 0.602539 0.12207 0.611328 0.111328 0.613281 0.102539 0.609375 0.108398 0.599609 0.113281 0.588867 0.109375 0.584961 0.108398 0.574219 0.113281 0.569336 0.117188 0.563477 0.125977 0.561523 0.12207 0.554688 0.125 0.545898 0.119141 0.541992 0.119141 0.541992 0.124023 0.536133 0.125 0.537109 0.132812 0.539062 0.139648 0.541016 0.145508 0.541992 0.15918 0.544922
0 0.0800781 0.549805 0.0878906 0.548828 0.0888672 0.555664 0.0800781 0.557617
1 0.0595703 0.556641 0.0673828 0.558594 0.0751953 0.561523 0.0839844 0.5625 0.0888672 0.566406 0.0966797 0.567383 0.0996094 0.577148 0.0986328 0.585938 0.0908203 0.587891 0.0859375 0.59082 0.0859375 0.59082 0.0830078 0.597656 0.0722656 0.599609 0.0644531 0.594727 0.0693359 0.59082 0.0703125 0.580078 0.0712891 0.568359 0.0585938 0.567383 0.0556641 0.558594
0 0.182617 0.611328 0.189453 0.611328 0.191406 0.619141 0.185547 0.62207 0.180664 0.616211
0 0.200195 0.609375 0.208008 0.614258 0.206055 0.618164 0.199219 0.616211 0.196289 0.612305
0 0.207031 0.625977 0.212891 0.62793 0.213867 0.62793 0.212891 0.632812 0.208008 0.631836
0 0.03125 0.589844 0.0380859 0.598633 0.0361328 0.604492 0.0253906 0.602539 0.0244141 0.59375
0 0.0507812 0.601562 0.0576172 0.601562 0.0576172 0.606445 0.0517578 0.607422
0 0.0546875 0.587891 0.0595703 0.589844 0.0615234 0.595703 0.0527344 0.59375
0 0 0.623047 0.00488281 0.624023 0.00390625 0.635742 0 0.634766
1 0.03125 0.62793 0.0351562 0.629883 0.0419922 0.625 0.046875 0.624023 0.0527344 0.618164 0.0625 0.62207 0.0644531 0.629883 0.0683594 0.637695 0.0820312 0.641602 0.0898438 0.645508 0.0908203 0.652344 0.0898438 0.662109 0.0898438 0.662109 0.0976562 0.665039 0.101562 0.669922 0.0996094 0.674805 0.0927734 0.679688 0.09375 0.682617 0.104492 0.682617 0.110352 0.677734 0.111328 0.670898 0.105469 0.660156 0.109375 0.654297 0.114258 0.646484 0.113281 0.635742 0.111328 0.625977 0.111328 0.625977 0.119141 0.623047 0.126953 0.626953 0.131836 0.631836 0.141602 0.632812 0.151367 0.634766 0.149414 0.647461 0.144531 0.658203 0.143555 0.664062 0.149414 0.668945 0.145508 0.673828 0.140625 0.679688 0.139648 0.686523 0.145508 0.693359 0.145508 0.693359 0.143555 0.700195 0.137695 0.704102 0.132812 0.708008 0.130859 0.713867 0.12207 0.712891 0.118164 0.720703 0.110352 0.720703 0.103516 0.71582 0.0927734 0.714844 0.0859375 0.709961 0.0839844 0.700195 0.0927734 0.697266 0.0820312 0.69043 0.0820312 0.680664 0.0791016 0.671875 0.078125 0.681641 0.0712891 0.680664 0.0683594 0.692383 0.0634766 0.704102 0.0654297 0.710938 0.0634766 0.71875 0.0585938 0.72168 0.0537109 0.726562 0.0507812 0.733398 0.0488281 0.741211 0.0410156 0.741211 0.03125 0.740234 0.0234375 0.744141 0.0244141 0.75293 0.0224609 0.758789 0.0146484 0.756836 0.00585938 0.746094 0.00683594 0.733398 0.00488281 0.724609 0 0.723633 0 0.713867 0.0078125 0.71582 0.0107422 0.706055 0.00488281 0.701172 0.00390625 0.69043 0.00976562 0.676758 0.00488281 0.669922 0 0.666992 0 0.635742 0.00488281 0.638672 0.0136719 0.634766 0.0185547 0.625 0.0263672 0.623047
1 0.132812 0.714844 0.140625 0.71875 0.145508 0.727539 0.145508 0.734375 0.149414 0.743164 0.149414 0.749023 0.148438 0.757812 0.152344 0.760742 0.152344 0.761719 0.158203 0.756836 0.167969 0.755859 0.173828 0.761719 0.175781 0.770508 0.180664 0.769531 0.178711 0.759766 0.186523 0.755859 0.194336 0.759766 0.197266 0.769531 0.197266 0.774414 0.19043 0.776367 0.182617 0.776367 0.173828 0.777344 0.170898 0.786133 0.164062 0.787109 0.15332 0.786133 0.146484 0.787109 0.138672 0.785156 0.131836 0.791016 0.119141 0.786133 0.115234 0.780273 0.12207 0.770508 0.121094 0.760742 0.114258 0.756836 0.109375 0.751953 0.108398 0.757812 0.108398 0.757812 0.0986328 0.758789 0.0917969 0.75293 0.0888672 0.744141 0.0917969 0.735352 0.0996094 0.731445 0.108398 0.736328 0.109375 0.727539 0.115234 0.724609 0.12207 0.720703 0.125 0.712891
0 0.151367 0.71875 0.155273 0.722656 0.154297 0.728516 0.148438 0.726562 0.148438 0.720703
0 0.160156 0.71875 0.165039 0.72168 0.164062 0.726562 0.15918 0.725586
0 0.110352 0.759766 0.116211 0.759766 0.119141 0.766602 0.113281 0.770508 0.106445 0.767578
0 0 0.733398 0.00390625 0.733398 0.00390625 0.738281 0 0.740234
0 0 0.744141 0.00585938 0.748047 0.0078125 0.754883 0.00292969 0.753906
1 0 0.757812 0.0117188 0.767578 0.0214844 0.766602 0.0263672 0.760742 0.0400391 0.759766 0.0400391 0.768555 0.046875 0.772461 0.0556641 0.772461 0.0673828 0.775391 0.0673828 0.786133 0.0625 0.797852 0.0537109 0.797852 0.0478516 0.788086 0.0351562 0.786133 0.0263672 0.779297 0.0185547 0.78418 0.0185547 0.791992 0.0117188 0.793945 0 0.794922 0.000976562 0.786133 0.00585938 0.782227 0.00585938 0.783203 0.00292969 0.779297 0 0.779297
0 0 0.80957 0.00683594 0.811523 0.00683594 0.817383 0 0.816406
1 0 0.824219 0.00488281 0.824219 0.00878906 0.831055 0.0185547 0.833984 0.0244141 0.833008 0.0283203 0.826172 0.03125 0.824219 0.0302734 0.814453 0.0332031 0.811523 0.0380859 0.807617 0.0488281 0.807617 0.0498047 0.814453 0.0410156 0.816406 0.0390625 0.824219 0.0371094 0.834961 0.0361328 0.839844 0.0283203 0.844727 0.015625 0.844727 0.00683594 0.841797 0 0.84082
1 0.0605469 0.808594 0.0722656 0.81543 0.0791016 0.814453 0.0869141 0.816406 0.09375 0.819336 0.0986328 0.819336 0.0966797 0.810547 0.102539 0.803711 0.103516 0.794922 0.108398 0.790039 0.116211 0.791016 0.123047 0.797852 0.12793 0.796875 0.134766 0.789062 0.141602 0.788086 0.150391 0.790039 0.148438 0.795898 0.150391 0.800781 0.146484 0.810547 0.146484 0.819336 0.143555 0.827148 0.134766 0.827148 0.12793 0.832031 0.132812 0.838867 0.130859 0.845703 0.130859 0.845703 0.12207 0.845703 0.114258 0.849609 0.105469 0.847656 0.105469 0.837891 0.101562 0.829102 0.0947266 0.830078 0.0957031 0.835938 0.0898438 0.837891 0.0888672 0.828125 0.0800781 0.829102 0.0722656 0.827148 0.0673828 0.828125 0.0615234 0.824219 0.0556641 0.814453
1 0.124023 0.848633 0.130859 0.853516 0.131836 0.865234 0.125977 0.873047 0.119141 0.874023 0.107422 0.875 0.0986328 0.87793 0.09375 0.875977 0.0927734 0.866211 0.100586 0.855469 0.108398 0.861328 0.110352 0.851562 0.119141 0.853516
0 0.141602 0.855469 0.148438 0.859375 0.149414 0.866211 0.147461 0.869141 0.137695 0.867188 0.137695 0.868164 0.135742 0.858398
0 0.142578 0.871094 0.147461 0.871094 0.147461 0.875977 0.142578 0.875977
0 0.0117188 0.871094 0.0195312 0.874023 0.0175781 0.87793 0.00976562 0.875977
0 0.0126953 0.878906 0.0195312 0.880859 0.0205078 0.887695 0.0136719 0.887695 0.0107422 0.881836
1 0 0.890625 0.0107422 0.893555 0.015625 0.888672 0.0205078 0.889648 0.0214844 0.893555 0.0302734 0.896484 0.0332031 0.907227 0.0273438 0.914062 0.0234375 0.922852 0.0166016 0.926758 0.0117188 0.915039 0.000976562 0.915039 0.000976562 0.911133
1 0.0537109 0.876953 0.0615234 0.879883 0.0673828 0.883789 0.0742188 0.886719 0.0722656 0.895508 0.0751953 0.902344 0.0830078 0.90332 0.0898438 0.905273 0.0908203 0.912109 0.0810547 0.913086 0.0712891 0.913086 0.0625 0.90918 0.0576172 0.90625 0.0507812 0.90918 0.0390625 0.910156 0.0390625 0.911133 0.0302734 0.901367 0.0390625 0.892578 0.0507812 0.889648
0 0.100586 0.887695 0.109375 0.888672 0.109375 0.897461 0.103516 0.902344 0.0966797 0.896484
1 0.121094 0.880859 0.131836 0.879883 0.134766 0.885742 0.132812 0.889648 0.126953 0.891602 0.126953 0.90332 0.135742 0.907227 0.144531 0.912109 0.152344 0.911133 0.15625 0.918945 0.152344 0.926758 0.141602 0.925781 0.132812 0.925781 0.125977 0.915039 0.118164 0.913086 0.111328 0.90332 0.114258 0.895508 0.113281 0.887695
0 0.111328 0.916992 0.116211 0.916992 0.117188 0.924805 0.110352 0.921875
0 0.136719 0.897461 0.143555 0.898438 0.144531 0.905273 0.136719 0.90625
1 0.148438 0.889648 0.152344 0.882812 0.146484 0.876953 0.155273 0.875 0.163086 0.869141 0.173828 0.870117 0.178711 0.878906 0.175781 0.883789 0.180664 0.890625 0.179688 0.901367 0.173828 0.905273 0.170898 0.911133 0.171875 0.918945 0.164062 0.919922 0.162109 0.908203 0.155273 0.904297 0.151367 0.90625 0.146484 0.899414
0 0.175781 0.913086 0.180664 0.916992 0.181641 0.923828 0.176758 0.924805 0.170898 0.917969
1 0.000976562 0.926758 0.00683594 0.930664 0.0117188 0.9375 0.0146484 0.943359 0.00878906 0.946289 0.00292969 0.943359 0 0.942383
0 0.0302734 0.917969 0.0332031 0.923828 0.0253906 0.929688 0.0234375 0.921875 0.0253906 0.916992
0 0.0507812 0.927734 0.0585938 0.933594 0.0556641 0.938477 0.0488281 0.936523 0.0439453 0.931641
0 0.0654297 0.920898 0.0673828 0.927734 0.0634766 0.933594 0.0595703 0.930664 0.0566406 0.924805
1 0.0224609 0.952148 0.0371094 0.953125 0.0371094 0.960938 0.0283203 0.96875 0.0263672 0.976562 0.0166016 0.977539 0.00976562 0.96875 0.0136719 0.955078
1 0.000976562 0.977539 0.00878906 0.978516 0.0185547 0.982422 0.0224609 0.991211 0.0283203 0.993164 0.0332031 1 0 1 0 0.991211 0.00488281 0.994141 0.0117188 0.993164 0.0126953 0.986328 0.00488281 0.984375 0.00488281 0.984375
0 0.143555 0.933594 0.150391 0.933594 0.152344 0.938477 0.148438 0.941406 0.143555 0.9375
1 0.160156 0.928711 0.167969 0.930664 0.167969 0.94043 0.166016 0.946289 0.165039 0.958008 0.165039 0.961914 0.15918 0.958984 0.152344 0.958008 0.142578 0.958008 0.134766 0.954102 0.134766 0.946289 0.141602 0.946289 0.15625 0.945312 0.15625 0.933594
1 0.100586 0.978516 0.106445 0.974609 0.113281 0.974609 0.123047 0.973633 0.123047 0.973633 0.125977 0.981445 0.12793 0.988281 0.131836 0.993164 0.136719 0.986328 0.144531 0.984375 0.160156 0.980469 0.172852 0.977539 0.173828 0.977539 0.183594 0.977539 0.196289 0.974609 0.204102 0.975586 0.211914 0.983398 0.222656 0.986328 0.226562 0.993164 0.225586 1 0.109375 1 0.104492 0.992188 0.0996094 0.984375
0 0.188477 0.958984 0.193359 0.959961 0.193359 0.96582 0.188477 0.964844
0 0.200195 0.953125 0.208008 0.952148 0.210938 0.956055 0.210938 0.964844 0.205078 0.964844 0.199219 0.958984
0 0.21582 0.957031 0.224609 0.958008 0.225586 0.966797 0.219727 0.96875 0.214844 0.963867
0 0.198242 0.899414 0.201172 0.90332 0.200195 0.911133 0.195312 0.90918 0.192383 0.901367
0 0.204102 0.90625 0.212891 0.90625 0.212891 0.913086 0.207031 0.917969 0.200195 0.915039
0 0.234375 0.917969 0.236328 0.924805 0.227539 0.926758 0.227539 0.920898
0 0.234375 0.925781 0.237305 0.929688 0.237305 0.935547 0.229492 0.935547 0.224609 0.927734
0 0.25 0.926758 0.260742 0.926758 0.261719 0.936523 0.258789 0.942383 0.248047 0.941406 0.249023 0.941406 0.24707 0.932617
0 0.265625 0.912109 0.273438 0.913086 0.280273 0.918945 0.27832 0.922852 0.268555 0.922852 0.264648 0.917969
1 0.28125 0.926758 0.289062 0.923828 0.291992 0.929688 0.295898 0.9375 0.289062 0.938477 0.285156 0.944336 0.279297 0.944336 0.277344 0.957031 0.279297 0.966797 0.275391 0.979492 0.273438 1 0.258789 1 0.261719 0.97168 0.262695 0.957031 0.267578 0.949219 0.265625 0.942383 0.270508 0.932617 0.266602 0.925781 0.270508 0.921875
1 0.299805 0.899414 0.307617 0.897461 0.314453 0.901367 0.31543 0.90918 0.313477 0.913086 0.311523 0.923828 0.310547 0.935547 0.30957 0.950195 0.308594 0.958984 0.300781 0.960938 0.294922 0.949219 0.297852 0.936523 0.295898 0.923828 0.301758 0.910156 0.297852 0.905273
0 0.357422 0.951172 0.363281 0.949219 0.367188 0.951172 0.369141 0.957031 0.363281 0.958008
1 0.34375 0.927734 0.349609 0.926758 0.355469 0.928711 0.355469 0.946289 0.351562 0.954102 0.339844 0.953125 0.338867 0.935547
0 0.34668 0.90625 0.354492 0.907227 0.356445 0.916016 0.348633 0.918945 0.344727 0.914062
0 0.202148 0.875977 0.208984 0.875 0.212891 0.879883 0.209961 0.887695 0.200195 0.886719 0.198242 0.879883
0 0.222656 0.864258 0.223633 0.871094 0.220703 0.875 0.21582 0.874023 0.21582 0.865234
1 0.25293 0.90332 0.256836 0.904297 0.257812 0.912109 0.254883 0.916992 0.25 0.920898 0.248047 0.913086 0.25293 0.90918
0 0.322266 0.881836 0.330078 0.881836 0.331055 0.888672 0.323242 0.893555 0.317383 0.888672
0 0.280273 0.862305 0.286133 0.861328 0.290039 0.867188 0.290039 0.873047 0.280273 0.870117
0 0.280273 0.87207 0.285156 0.873047 0.287109 0.880859 0.283203 0.884766 0.276367 0.881836
0 0.365234 0.84375 0.37207 0.848633 0.373047 0.856445 0.366211 0.859375 0.361328 0.851562 0.360352 0.845703
0 0.379883 0.848633 0.388672 0.852539 0.391602 0.860352 0.390625 0.867188 0.383789 0.87207 0.375977 0.869141 0.376953 0.859375 0.37207 0.852539
0 0.379883 0.873047 0.388672 0.875977 0.390625 0.885742 0.390625 0.895508 0.378906 0.897461 0.37207 0.890625 0.367188 0.886719 0.367188 0.87793
0 0.350586 0.883789 0.355469 0.889648 0.354492 0.899414 0.344727 0.899414 0.344727 0.899414 0.34082 0.888672
1 0.202148 0.817383 0.211914 0.81543 0.21582 0.821289 0.21582 0.832031 0.214844 0.847656 0.21875 0.850586 0.21875 0.859375 0.214844 0.870117 0.203125 0.870117 0.198242 0.862305 0.203125 0.84375 0.201172 0.827148
1 0.240234 0.818359 0.244141 0.823242 0.250977 0.828125 0.253906 0.820312 0.258789 0.823242 0.260742 0.832031 0.256836 0.835938 0.24707 0.837891 0.245117 0.845703 0.243164 0.855469 0.244141 0.861328 0.245117 0.861328 0.238281 0.866211 0.238281 0.866211 0.233398 0.858398 0.227539 0.849609 0.232422 0.84375 0.233398 0.826172
1 0.296875 0.839844 0.302734 0.84375 0.307617 0.851562 0.307617 0.856445 0.298828 0.852539 0.292969 0.851562 0.286133 0.847656 0.286133 0.842773 0.291992 0.844727
1 0.354492 0.78418 0.364258 0.787109 0.367188 0.795898 0.365234 0.801758 0.362305 0.814453 0.362305 0.820312 0.355469 0.822266 0.355469 0.822266 0.349609 0.814453 0.349609 0.814453 0.354492 0.798828 0.349609 0.788086
0 0.325195 0.816406 0.333008 0.817383 0.333008 0.823242 0.324219 0.822266
1 0.305664 0.802734 0.311523 0.805664 0.3125 0.813477 0.31543 0.819336 0.307617 0.818359 0.297852 0.819336 0.296875 0.80957
1 0.207031 0.72168 0.217773 0.717773 0.22168 0.723633 0.227539 0.726562 0.228516 0.733398 0.228516 0.741211 0.231445 0.746094 0.242188 0.745117 0.25293 0.749023 0.258789 0.743164 0.258789 0.743164 0.266602 0.745117 0.270508 0.755859 0.271484 0.765625 0.264648 0.768555 0.262695 0.775391 0.266602 0.78418 0.269531 0.794922 0.263672 0.801758 0.261719 0.806641 0.265625 0.81543 0.259766 0.816406 0.253906 0.8125 0.246094 0.8125 0.238281 0.805664 0.232422 0.795898 0.230469 0.780273 0.22168 0.780273 0.21582 0.772461 0.213867 0.765625 0.222656 0.765625 0.222656 0.758789 0.21875 0.745117 0.21875 0.745117 0.217773 0.737305 0.212891 0.743164 0.204102 0.740234 0.207031 0.727539
0 0.188477 0.779297 0.197266 0.777344 0.203125 0.782227 0.202148 0.788086 0.192383 0.788086 0.186523 0.785156
1 0.287109 0.72168 0.293945 0.724609 0.294922 0.732422 0.292969 0.738281 0.295898 0.743164 0.293945 0.750977 0.293945 0.750977 0.287109 0.75293 0.28418 0.746094 0.288086 0.740234 0.285156 0.736328 0.285156 0.729492
0 0.170898 0.65918 0.177734 0.660156 0.177734 0.665039 0.170898 0.665039
0 0.173828 0.645508 0.179688 0.641602 0.182617 0.645508 0.182617 0.651367 0.175781 0.650391
1 0.202148 0.638672 0.212891 0.645508 0.214844 0.65625 0.21875 0.657227 0.222656 0.65332 0.227539 0.65625 0.232422 0.666016 0.234375 0.674805 0.231445 0.683594 0.231445 0.691406 0.231445 0.700195 0.22168 0.702148 0.212891 0.699219 0.209961 0.692383 0.201172 0.694336 0.194336 0.694336 0.195312 0.694336 0.195312 0.703125 0.200195 0.707031 0.200195 0.71875 0.19043 0.716797 0.18457 0.710938 0.178711 0.707031 0.173828 0.712891 0.160156 0.712891 0.154297 0.708008 0.154297 0.708008 0.155273 0.697266 0.164062 0.69043 0.165039 0.680664 0.15625 0.678711 0.152344 0.672852 0.152344 0.673828 0.15625 0.670898 0.162109 0.672852 0.170898 0.669922 0.181641 0.669922 0.189453 0.671875 0.200195 0.667969 0.192383 0.662109 0.192383 0.662109 0.19043 0.652344 0.189453 0.643555 0.196289 0.643555
0 0.289062 0.703125 0.294922 0.704102 0.294922 0.709961 0.287109 0.708984
0 0.27832 0.645508 0.283203 0.645508 0.28418 0.651367 0.279297 0.649414
0 0.288086 0.644531 0.296875 0.643555 0.295898 0.649414 0.291992 0.651367 0.288086 0.649414
1 0.25 0.632812 0.256836 0.635742 0.263672 0.637695 0.269531 0.640625 0.271484 0.645508 0.263672 0.646484 0.260742 0.655273 0.259766 0.664062 0.258789 0.672852 0.258789 0.680664 0.259766 0.680664 0.254883 0.688477 0.253906 0.694336 0.257812 0.702148 0.261719 0.708984 0.258789 0.716797 0.250977 0.710938 0.244141 0.710938 0.245117 0.703125 0.237305 0.701172 0.235352 0.69043 0.237305 0.681641 0.241211 0.674805 0.244141 0.669922 0.245117 0.660156 0.238281 0.655273 0.241211 0.644531 0.240234 0.634766
0 0.321289 0.646484 0.332031 0.646484 0.334961 0.65332 0.331055 0.65918 0.321289 0.65918 0.316406 0.655273 0.314453 0.647461 0.31543 0.647461
0 0.24707 0.621094 0.250977 0.621094 0.25 0.626953 0.246094 0.626953
0 0.246094 0.608398 0.25 0.608398 0.250977 0.613281 0.248047 0.615234 0.244141 0.612305
0 0.263672 0.617188 0.272461 0.616211 0.272461 0.62207 0.268555 0.624023
0 0.253906 0.546875 0.257812 0.552734 0.261719 0.557617 0.260742 0.567383 0.256836 0.575195 0.256836 0.575195 0.250977 0.569336 0.242188 0.563477 0.242188 0.550781
0 0.267578 0.564453 0.279297 0.566406 0.27832 0.575195 0.272461 0.578125 0.268555 0.570312
1 0.282227 0.581055 0.291016 0.588867 0.302734 0.589844 0.308594 0.591797 0.316406 0.594727 0.327148 0.59375 0.333984 0.600586 0.335938 0.609375 0.331055 0.612305 0.325195 0.606445 0.330078 0.603516 0.325195 0.601562 0.319336 0.601562 0.320312 0.609375 0.317383 0.617188 0.308594 0.616211 0.304688 0.611328 0.298828 0.603516 0.291016 0.601562 0.283203 0.599609 0.273438 0.598633 0.265625 0.592773 0.269531 0.582031
1 0.102539 0.416992 0.112305 0.410156 0.124023 0.40918 0.134766 0.414062 0.138672 0.407227 0.148438 0.412109 0.158203 0.40625 0.164062 0.415039 0.176758 0.415039 0.174805 0.402344 0.179688 0.392578 0.191406 0.391602 0.204102 0.393555 0.208984 0.386719 0.216797 0.384766 0.222656 0.391602 0.225586 0.397461 0.231445 0.401367 0.226562 0.408203 0.225586 0.416016 0.231445 0.419922 0.232422 0.408203 0.238281 0.402344 0.242188 0.387695 0.251953 0.380859 0.262695 0.381836 0.270508 0.384766 0.274414 0.400391 0.275391 0.408203 0.290039 0.408203 0.295898 0.414062 0.304688 0.415039 0.307617 0.421875 0.297852 0.421875 0.294922 0.429688 0.286133 0.424805 0.283203 0.431641 0.28418 0.441406 0.288086 0.446289 0.297852 0.4375 0.308594 0.435547 0.314453 0.427734 0.323242 0.421875 0.337891 0.422852 0.353516 0.423828 0.364258 0.425781 0.370117 0.431641 0.375 0.439453 0.384766 0.442383 0.389648 0.451172 0.385742 0.454102 0.376953 0.453125 0.37207 0.470703 0.367188 0.489258 0.365234 0.5 0.355469 0.503906 0.349609 0.493164 0.347656 0.481445 0.337891 0.484375 0.325195 0.480469 0.310547 0.476562 0.306641 0.486328 0.300781 0.491211 0.300781 0.491211 0.288086 0.490234 0.271484 0.483398 0.268555 0.488281 0.260742 0.494141 0.261719 0.507812 0.269531 0.509766 0.272461 0.520508 0.267578 0.52832 0.254883 0.523438 0.249023 0.541016 0.236328 0.540039 0.220703 0.539062 0.207031 0.540039 0.192383 0.540039 0.18457 0.537109 0.176758 0.540039 0.175781 0.546875 0.175781 0.546875 0.170898 0.547852 0.161133 0.543945 0.157227 0.536133 0.150391 0.521484 0.151367 0.505859 0.162109 0.49707 0.164062 0.488281 0.151367 0.486328 0.135742 0.481445 0.12793 0.466797 0.128906 0.454102 0.132812 0.446289 0.124023 0.447266 0.109375 0.449219 0.100586 0.43457 0.0947266 0.426758
0 0.351562 0.514648 0.359375 0.523438 0.359375 0.524414 0.352539 0.535156 0.344727 0.538086 0.339844 0.53125 0.339844 0.517578
0 0.376953 0.518555 0.386719 0.523438 0.385742 0.53125 0.385742 0.532227 0.37793 0.535156 0.374023 0.527344
0 0.335938 0.347656 0.34668 0.351562 0.342773 0.360352 0.329102 0.363281 0.325195 0.354492
0 0.369141 0.332031 0.37793 0.331055 0.382812 0.334961 0.380859 0.341797 0.369141 0.338867
1 0.345703 0.300781 0.355469 0.307617 0.358398 0.320312 0.350586 0.326172 0.345703 0.335938 0.341797 0.347656 0.324219 0.348633 0.321289 0.327148 0.322266 0.313477 0.326172 0.299805
0 0.446289 0.291016 0.454102 0.292969 0.454102 0.303711 0.449219 0.300781
0 0.40332 0.304688 0.40918 0.31543 0.402344 0.320312 0.390625 0.316406 0.390625 0.305664
0 0.44043 0.335938 0.451172 0.339844 0.451172 0.349609 0.442383 0.34375
0 0.425781 0.374023 0.43457 0.375 0.44043 0.379883 0.439453 0.392578 0.424805 0.391602 0.418945 0.381836
0 0.384766 0.383789 0.394531 0.381836 0.396484 0.388672 0.391602 0.395508 0.384766 0.392578
0 0.427734 0.402344 0.433594 0.40332 0.43457 0.412109 0.427734 0.412109
0 0.408203 0.416992 0.416992 0.414062 0.422852 0.420898 0.417969 0.424805 0.408203 0.425781
0 0.421875 0.446289 0.428711 0.449219 0.426758 0.454102 0.420898 0.452148
0 0.43457 0.447266 0.438477 0.452148 0.4375 0.460938 0.431641 0.459961 0.428711 0.454102
0 0.446289 0.456055 0.453125 0.456055 0.456055 0.462891 0.451172 0.466797 0.445312 0.462891
0 0.495117 0.432617 0.501953 0.432617 0.503906 0.438477 0.500977 0.441406 0.496094 0.438477
0 0.488281 0.444336 0.49707 0.443359 0.499023 0.450195 0.495117 0.455078 0.488281 0.452148
1 0.467773 0.454102 0.474609 0.459961 0.472656 0.46875 0.475586 0.472656 0.484375 0.46582 0.491211 0.46875 0.491211 0.46875 0.489258 0.479492 0.484375 0.484375 0.484375 0.492188 0.467773 0.487305 0.458008 0.492188 0.451172 0.485352 0.455078 0.478516 0.462891 0.476562 0.463867 0.461914
0 0.398438 0.472656 0.412109 0.474609 0.419922 0.480469 0.416992 0.488281 0.405273 0.490234 0.396484 0.484375
1 0.423828 0.496094 0.433594 0.49707 0.441406 0.494141 0.447266 0.5 0.444336 0.510742 0.448242 0.516602 0.456055 0.521484 0.455078 0.52832 0.441406 0.527344 0.429688 0.52832 0.430664 0.541992 0.4375 0.545898 0.4375 0.533203 0.445312 0.530273 0.451172 0.533203 0.452148 0.544922 0.452148 0.553711 0.461914 0.552734 0.461914 0.552734 0.47168 0.563477 0.472656 0.564453 0.466797 0.568359 0.461914 0.576172 0.453125 0.577148 0.450195 0.583984 0.4375 0.583984 0.426758 0.577148 0.424805 0.568359 0.417969 0.556641 0.40918 0.538086 0.416016 0.530273 0.413086 0.523438 0.415039 0.511719 0.408203 0.505859 0.408203 0.492188
0 0.457031 0.50293 0.461914 0.506836 0.462891 0.515625 0.454102 0.514648 0.450195 0.505859
0 0.462891 0.494141 0.470703 0.493164 0.473633 0.500977 0.473633 0.500977 0.46875 0.505859 0.462891 0.501953
0 0.480469 0.500977 0.488281 0.501953 0.488281 0.508789 0.483398 0.512695 0.474609 0.508789
0 0.456055 0.537109 0.461914 0.536133 0.464844 0.540039 0.461914 0.546875 0.455078 0.546875
0 0.489258 0.514648 0.496094 0.519531 0.494141 0.52832 0.484375 0.526367 0.484375 0.518555
1 0.526367 0.480469 0.535156 0.481445 0.543945 0.475586 0.549805 0.476562 0.549805 0.486328 0.553711 0.496094 0.560547 0.5 0.560547 0.506836 0.56543 0.510742 0.570312 0.522461 0.571289 0.522461 0.56543 0.526367 0.552734 0.519531 0.542969 0.519531 0.539062 0.523438 0.53418 0.517578 0.52832 0.517578 0.521484 0.516602 0.516602 0.509766 0.52832 0.506836 0.529297 0.498047 0.522461 0.501953 0.512695 0.500977 0.509766 0.490234
0 0.547852 0.523438 0.556641 0.521484 0.561523 0.526367 0.560547 0.535156 0.551758 0.533203
1 0.532227 0.53125 0.541016 0.530273 0.546875 0.538086 0.550781 0.547852 0.547852 0.560547 0.541992 0.560547 0.537109 0.553711 0.53125 0.556641 0.532227 0.560547 0.52832 0.571289 0.52832 0.582031 0.530273 0.589844 0.540039 0.592773 0.545898 0.599609 0.548828 0.609375 0.545898 0.615234 0.535156 0.615234 0.524414 0.610352 0.516602 0.615234 0.505859 0.611328 0.506836 0.595703 0.491211 0.59668 0.485352 0.591797 0.487305 0.582031 0.475586 0.582031 0.473633 0.572266 0.482422 0.569336 0.479492 0.55957 0.477539 0.546875 0.477539 0.547852 0.483398 0.541992 0.484375 0.533203 0.493164 0.533203 0.5 0.535156 0.508789 0.53418 0.518555 0.533203 0.526367 0.536133 0.53125 0.542969
0 0.454102 0.582031 0.461914 0.581055 0.461914 0.586914 0.456055 0.587891
0 0.469727 0.579102 0.477539 0.580078 0.477539 0.586914 0.470703 0.589844 0.46582 0.585938
0 0.421875 0.581055 0.428711 0.580078 0.429688 0.585938 0.422852 0.587891
1 0.356445 0.59375 0.365234 0.59375 0.374023 0.594727 0.386719 0.601562 0.393555 0.607422 0.395508 0.617188 0.40332 0.621094 0.413086 0.625 0.418945 0.634766 0.417969 0.644531 0.410156 0.646484 0.40918 0.638672 0.398438 0.638672 0.398438 0.647461 0.392578 0.645508 0.393555 0.632812 0.385742 0.630859 0.386719 0.620117 0.380859 0.615234 0.368164 0.615234 0.361328 0.613281 0.356445 0.614258 0.355469 0.62207 0.349609 0.620117 0.350586 0.610352 0.356445 0.607422 0.353516 0.600586
0 0.454102 0.652344 0.458984 0.65332 0.458984 0.660156 0.452148 0.65918
1 0.366211 0.65332 0.375 0.652344 0.382812 0.655273 0.390625 0.655273 0.398438 0.657227 0.398438 0.665039 0.392578 0.666992 0.381836 0.661133 0.37207 0.664062 0.364258 0.661133
0 0.53125 0.664062 0.530273 0.669922 0.525391 0.668945 0.525391 0.664062
0 0.519531 0.675781 0.527344 0.677734 0.527344 0.683594 0.519531 0.683594
0 0.509766 0.672852 0.515625 0.674805 0.515625 0.679688 0.509766 0.677734
1 0.447266 0.664062 0.453125 0.665039 0.46582 0.664062 0.46875 0.669922 0.474609 0.670898 0.474609 0.675781 0.462891 0.674805 0.448242 0.673828 0.446289 0.689453 0.441406 0.696289 0.441406 0.696289 0.43457 0.694336 0.433594 0.682617 0.438477 0.673828 0.443359 0.674805
0 0.423828 0.789062 0.43457 0.790039 0.436523 0.799805 0.431641 0.8125 0.422852 0.80957 0.420898 0.797852
0 0.431641 0.813477 0.439453 0.8125 0.441406 0.819336 0.436523 0.823242 0.429688 0.819336
1 0.393555 0.792969 0.398438 0.791992 0.40332 0.798828 0.400391 0.80957 0.399414 0.822266 0.396484 0.829102 0.396484 0.842773 0.390625 0.84668 0.381836 0.845703 0.378906 0.836914 0.379883 0.828125 0.385742 0.826172 0.388672 0.81543 0.387695 0.800781
0 0.536133 0.810547 0.543945 0.80957 0.550781 0.816406 0.550781 0.827148 0.545898 0.831055 0.535156 0.828125 0.535156 0.829102 0.530273 0.814453
0 0.552734 0.81543 0.560547 0.816406 0.5625 0.821289 0.557617 0.825195 0.557617 0.825195 0.550781 0.822266
0 0.423828 0.832031 0.424805 0.839844 0.418945 0.84082 0.417969 0.834961 0.419922 0.833984
0 0.4375 0.826172 0.444336 0.829102 0.444336 0.833984 0.436523 0.833008
0 0.429688 0.853516 0.435547 0.853516 0.4375 0.860352 0.431641 0.861328 0.426758 0.857422
0 0.457031 0.850586 0.462891 0.851562 0.461914 0.860352 0.455078 0.856445
0 0.467773 0.841797 0.473633 0.841797 0.474609 0.849609 0.470703 0.847656
0 0.417969 0.876953 0.421875 0.881836 0.417969 0.886719 0.417969 0.886719 0.410156 0.881836 0.412109 0.875977
1 0.53125 1 0.530273 0.993164 0.538086 0.992188 0.546875 0.990234 0.546875 0.979492 0.546875 0.96875 0.546875 0.96875 0.554688 0.958984 0.564453 0.958984 0.570312 0.958008 0.571289 0.946289 0.583008 0.94043 0.597656 0.94043 0.608398 0.943359 0.608398 0.952148 0.608398 0.963867 0.599609 0.975586 0.605469 0.980469 0.599609 0.989258 0.603516 1
0 0.609375 0.927734 0.617188 0.924805 0.625977 0.927734 0.625 0.93457 0.618164 0.93457 0.609375 0.932617
1 0.618164 0.977539 0.625 0.978516 0.62207 0.990234 0.62207 1 0.611328 1 0.612305 0.990234 0.615234 0.984375
1 0.738281 0.9375 0.746094 0.9375 0.751953 0.947266 0.75 0.958984 0.755859 0.967773 0.764648 0.973633 0.770508 0.983398 0.763672 0.992188 0.772461 1 0.701172 0.99707 0.694336 0.984375 0.702148 0.975586 0.710938 0.97168 0.708984 0.956055 0.708984 0.957031 0.716797 0.952148 0.712891 0.939453 0.712891 0.939453 0.726562 0.938477
0 0.782227 0.950195 0.789062 0.958984 0.78418 0.969727 0.771484 0.970703 0.765625 0.960938 0.765625 0.952148
1 0.585938 0.830078 0.59375 0.835938 0.59375 0.835938 0.59082 0.84668 0.59082 0.84668 0.576172 0.842773 0.575195 0.830078 0.579102 0.821289 0.584961 0.821289
1 0.576172 0.780273 0.585938 0.780273 0.585938 0.791992 0.585938 0.799805 0.59668 0.803711 0.598633 0.810547 0.59375 0.813477 0.581055 0.810547 0.573242 0.804688 0.574219 0.792969
0 0.642578 0.676758 0.648438 0.677734 0.648438 0.686523 0.640625 0.683594 0.640625 0.683594
0 0.675781 0.629883 0.682617 0.630859 0.683594 0.637695 0.676758 0.641602 0.670898 0.636719
0 0.685547 0.635742 0.695312 0.635742 0.696289 0.643555 0.691406 0.648438 0.682617 0.644531
1 0.644531 0.586914 0.654297 0.583984 0.65918 0.572266 0.666016 0.571289 0.672852 0.566406 0.678711 0.572266 0.689453 0.570312 0.689453 0.570312 0.701172 0.572266 0.712891 0.571289 0.71582 0.580078 0.714844 0.591797 0.711914 0.599609 0.712891 0.605469 0.71582 0.623047 0.704102 0.628906 0.68457 0.628906 0.671875 0.62793 0.663086 0.633789 0.651367 0.630859 0.652344 0.615234 0.654297 0.607422 0.663086 0.602539 0.668945 0.604492 0.668945 0.59375 0.65625 0.594727
0 0.625977 0.604492 0.631836 0.605469 0.630859 0.613281 0.625977 0.613281
0 0.629883 0.558594 0.634766 0.560547 0.637695 0.568359 0.630859 0.568359
0 0.688477 0.551758 0.694336 0.553711 0.692383 0.560547 0.68457 0.55957
1 0.535156 0.56543 0.541992 0.56543 0.548828 0.569336 0.547852 0.587891 0.541016 0.591797 0.532227 0.584961
0 0.749023 0.564453 0.754883 0.564453 0.754883 0.573242 0.749023 0.571289
1 0.589844 0.505859 0.601562 0.505859 0.601562 0.516602 0.594727 0.529297 0.584961 0.526367 0.581055 0.513672
0 0.645508 0.516602 0.651367 0.522461 0.649414 0.52832 0.641602 0.526367 0.639648 0.520508
0 0.613281 0.491211 0.625977 0.496094 0.62793 0.504883 0.619141 0.508789 0.609375 0.500977
0 0.613281 0.416016 0.621094 0.422852 0.62207 0.435547 0.611328 0.44043 0.598633 0.433594 0.599609 0.419922
1 0.796875 0.47168 0.794922 0.483398 0.794922 0.483398 0.799805 0.498047 0.797852 0.516602 0.788086 0.517578 0.773438 0.518555 0.757812 0.514648 0.749023 0.506836 0.749023 0.506836 0.75 0.484375 0.760742 0.485352 0.764648 0.477539 0.777344 0.475586
0 0.500977 0.349609 0.517578 0.355469 0.514648 0.362305 0.50293 0.367188 0.489258 0.363281 0.489258 0.351562
0 0.491211 0.380859 0.498047 0.383789 0.495117 0.392578 0.485352 0.390625
0 0.514648 0.390625 0.519531 0.395508 0.519531 0.396484 0.516602 0.404297 0.509766 0.400391
0 0.518555 0.364258 0.521484 0.373047 0.516602 0.375977 0.510742 0.370117
1 0.511719 0.244141 0.524414 0.248047 0.539062 0.25293 0.540039 0.267578 0.540039 0.275391 0.551758 0.277344 0.557617 0.268555 0.5625 0.260742 0.571289 0.261719 0.572266 0.274414 0.5625 0.27832 0.561523 0.290039 0.549805 0.293945 0.53125 0.290039 0.524414 0.273438 0.527344 0.261719 0.518555 0.256836 0.508789 0.250977
1 0.899414 0.0595703 0.907227 0.0605469 0.913086 0.0644531 0.919922 0.0625 0.925781 0.0654297 0.932617 0.0683594 0.942383 0.0703125 0.947266 0.0732422 0.948242 0.0732422 0.958984 0.0761719 0.963867 0.0771484 0.961914 0.0839844 0.954102 0.0859375 0.951172 0.0947266 0.938477 0.0966797 0.933594 0.0917969 0.93457 0.0791016 0.923828 0.0771484 0.917969 0.0732422 0.911133 0.0712891 0.901367 0.0673828
1 0.979492 0.0869141 0.985352 0.0869141 0.994141 0.0908203 1 0.09375 1 0.105469 0.991211 0.0976562 0.982422 0.0986328 0.975586 0.0917969
0 0.896484 0.210938 0.90332 0.210938 0.905273 0.22168 0.896484 0.220703
0 0.897461 0.304688 0.90332 0.306641 0.90332 0.3125 0.896484 0.311523
1 0.898438 0.313477 0.904297 0.316406 0.901367 0.324219 0.901367 0.324219 0.899414 0.331055 0.892578 0.328125 0.892578 0.318359
0 0.890625 0.331055 0.900391 0.331055 0.902344 0.339844 0.898438 0.342773 0.892578 0.34082
0 0.890625 0.352539 0.897461 0.351562 0.897461 0.358398 0.891602 0.357422
0 0.96875 0.383789 0.966797 0.391602 0.966797 0.391602 0.961914 0.391602 0.960938 0.382812
0 0.970703 0.392578 0.974609 0.400391 0.97168 0.412109 0.966797 0.40625 0.966797 0.397461
0 0.987305 0.389648 0.990234 0.398438 0.985352 0.404297 0.979492 0.40332 0.976562 0.392578 0.980469 0.387695
0 0.974609 0.435547 0.980469 0.446289 0.972656 0.451172 0.972656 0.451172 0.961914 0.446289 0.966797 0.43457
0 0.994141 0.4375 1 0.433594 1 0.446289 0.994141 0.448242 0.991211 0.441406
1 0.890625 0.501953 0.890625 0.513672 0.890625 0.521484 0.886719 0.523438 0.884766 0.517578 0.883789 0.507812
0 0.986328 0.469727 0.994141 0.470703 0.994141 0.477539 0.985352 0.477539
0 0.990234 0.5 0.996094 0.501953 0.996094 0.507812 0.990234 0.506836
1 0.900391 0.508789 0.913086 0.506836 0.923828 0.508789 0.926758 0.521484 0.927734 0.542969 0.925781 0.552734 0.918945 0.555664 0.907227 0.558594 0.905273 0.580078 0.90625 0.597656 0.907227 0.605469 0.900391 0.609375 0.890625 0.605469 0.890625 0.605469 0.891602 0.585938 0.893555 0.568359 0.893555 0.548828 0.893555 0.549805 0.891602 0.538086 0.895508 0.519531
1 0.864258 0.561523 0.875 0.560547 0.884766 0.563477 0.885742 0.571289 0.87793 0.576172 0.863281 0.577148 0.858398 0.568359 0.858398 0.568359
1 0.798828 0.576172 0.802734 0.574219 0.806641 0.578125 0.807617 0.584961 0.806641 0.595703 0.805664 0.600586 0.808594 0.607422 0.806641 0.613281 0.801758 0.610352 0.800781 0.599609 0.797852 0.585938
1 0.854492 0.609375 0.863281 0.607422 0.873047 0.602539 0.882812 0.603516 0.884766 0.614258 0.881836 0.625 0.87793 0.634766 0.868164 0.637695 0.856445 0.636719 0.844727 0.632812 0.831055 0.628906 0.830078 0.62207 0.837891 0.621094 0.834961 0.613281 0.838867 0.605469 0.842773 0.606445
0 0.767578 0.615234 0.773438 0.616211 0.775391 0.62207 0.767578 0.624023
0 0.844727 0.637695 0.84668 0.638672 0.84668 0.644531 0.841797 0.644531
0 0.847656 0.648438 0.859375 0.647461 0.866211 0.654297 0.863281 0.660156 0.855469 0.661133 0.845703 0.654297 0.845703 0.654297
1 0.999023 0.607422 0.991211 0.609375 0.983398 0.607422 0.973633 0.610352 0.973633 0.610352 0.966797 0.612305 0.96582 0.618164 0.970703 0.623047 0.969727 0.637695 0.970703 0.649414 0.967773 0.65625 0.96582 0.665039 0.972656 0.671875 0.980469 0.673828 0.992188 0.669922 0.996094 0.65918 1 0.65918
0 0.902344 0.616211 0.908203 0.615234 0.908203 0.62207 0.90332 0.621094
1 0.917969 0.639648 0.925781 0.641602 0.936523 0.639648 0.939453 0.646484 0.930664 0.651367 0.923828 0.65332 0.917969 0.65918 0.90918 0.658203 0.905273 0.649414 0.908203 0.644531 0.90918 0.639648
1 0.885742 0.642578 0.889648 0.645508 0.895508 0.646484 0.90332 0.648438 0.904297 0.655273 0.894531 0.658203 0.893555 0.651367 0.887695 0.652344 0.886719 0.655273 0.878906 0.651367 0.879883 0.645508
0 0.967773 0.682617 0.967773 0.691406 0.957031 0.692383 0.955078 0.6875 0.959961 0.682617
0 0.902344 0.664062 0.905273 0.671875 0.902344 0.674805 0.893555 0.671875 0.896484 0.664062
0 0.844727 0.668945 0.853516 0.668945 0.856445 0.672852 0.851562 0.676758 0.84668 0.680664 0.841797 0.679688 0.839844 0.673828
1 0.87207 0.674805 0.889648 0.673828 0.892578 0.678711 0.898438 0.68457 0.901367 0.691406 0.891602 0.694336 0.885742 0.698242 0.875 0.695312 0.874023 0.689453 0.867188 0.682617
0 0.742188 0.628906 0.74707 0.628906 0.74707 0.633789 0.743164 0.632812
0 0.757812 0.65918 0.764648 0.661133 0.767578 0.666992 0.761719 0.670898 0.758789 0.666992
1 0.749023 0.654297 0.753906 0.655273 0.755859 0.661133 0.754883 0.668945 0.758789 0.674805 0.757812 0.680664 0.754883 0.68457 0.755859 0.69043 0.750977 0.691406 0.744141 0.686523 0.74707 0.680664 0.743164 0.674805 0.746094 0.671875 0.745117 0.664062 0.748047 0.65918
1 0.793945 0.636719 0.802734 0.633789 0.808594 0.642578 0.8125 0.654297 0.806641 0.660156 0.806641 0.660156 0.799805 0.663086 0.799805 0.668945 0.807617 0.671875 0.816406 0.676758 0.814453 0.680664 0.804688 0.685547 0.795898 0.682617 0.788086 0.678711 0.786133 0.668945 0.791016 0.666992 0.791992 0.65625 0.789062 0.644531
0 0.731445 0.717773 0.732422 0.726562 0.730469 0.739258 0.722656 0.736328 0.723633 0.719727
0 0.776367 0.701172 0.78418 0.703125 0.797852 0.702148 0.799805 0.710938 0.799805 0.710938 0.791992 0.71582 0.779297 0.716797 0.772461 0.707031
1 0.830078 0.688477 0.834961 0.694336 0.841797 0.699219 0.84082 0.710938 0.836914 0.71875 0.830078 0.722656 0.830078 0.722656 0.822266 0.716797 0.820312 0.703125 0.814453 0.695312 0.818359 0.69043
0 0.841797 0.708008 0.84668 0.707031 0.850586 0.709961 0.845703 0.713867
0 0.841797 0.717773 0.84668 0.717773 0.847656 0.72168 0.842773 0.725586
0 0.851562 0.724609 0.857422 0.723633 0.864258 0.726562 0.863281 0.732422 0.856445 0.734375
1 0.879883 0.717773 0.883789 0.727539 0.889648 0.732422 0.889648 0.738281 0.883789 0.742188 0.875977 0.735352 0.871094 0.738281 0.868164 0.729492 0.875977 0.724609
1 0.892578 0.765625 0.898438 0.767578 0.90625 0.762695 0.913086 0.765625 0.908203 0.773438 0.904297 0.78418 0.904297 0.794922 0.896484 0.794922 0.885742 0.796875 0.876953 0.792969 0.881836 0.779297 0.879883 0.769531 0.885742 0.764648
1 1 0.713867 0.992188 0.712891 0.980469 0.709961 0.977539 0.704102 0.96875 0.705078 0.958984 0.700195 0.951172 0.702148 0.950195 0.711914 0.949219 0.71875 0.955078 0.722656 0.955078 0.732422 0.946289 0.735352 0.942383 0.744141 0.935547 0.748047 0.93457 0.758789 0.931641 0.773438 0.941406 0.779297 0.939453 0.795898 0.945312 0.802734 0.959961 0.801758 0.967773 0.801758 0.967773 0.811523 0.975586 0.818359 0.981445 0.814453 0.983398 0.818359 0.996094 0.816406 0.993164 0.801758 1 0.795898
0 0.972656 0.821289 0.981445 0.824219 0.981445 0.830078 0.973633 0.829102
0 0.992188 0.824219 0.999023 0.825195 1 0.832031 0.992188 0.831055
0 0.692383 0.842773 0.697266 0.842773 0.698242 0.849609 0.692383 0.847656
1 0.782227 0.912109 0.793945 0.920898 0.792969 0.911133 0.798828 0.905273 0.802734 0.912109 0.807617 0.916992 0.807617 0.920898 0.811523 0.920898 0.814453 0.928711 0.820312 0.938477 0.820312 0.938477 0.819336 0.950195 0.824219 0.955078 0.822266 0.958984 0.81543 0.962891 0.81543 0.974609 0.821289 0.977539 0.827148 0.985352 0.829102 0.99707 0.828125 1 0.819336 1 0.817383 0.989258 0.80957 0.992188 0.798828 0.990234 0.796875 0.981445 0.791992 0.973633 0.803711 0.973633 0.801758 0.958984 0.794922 0.956055 0.786133 0.946289 0.78418 0.935547 0.771484 0.93457 0.761719 0.926758 0.761719 0.915039 0.770508 0.914062
0 0.776367 0.883789 0.785156 0.883789 0.785156 0.895508 0.775391 0.894531
0 0.800781 0.885742 0.805664 0.886719 0.804688 0.895508 0.798828 0.894531
0 0.837891 0.944336 0.845703 0.945312 0.84668 0.950195 0.84082 0.955078 0.84082 0.955078 0.833008 0.952148
0 0.834961 0.978516 0.834961 0.987305 0.830078 0.988281 0.828125 0.982422
1 0.847656 1 0.851562 0.994141 0.855469 0.986328 0.854492 0.979492 0.854492 0.973633 0.851562 0.96582 0.855469 0.959961 0.862305 0.960938 0.864258 0.964844 0.870117 0.958984 0.87207 0.952148 0.876953 0.946289 0.882812 0.952148 0.889648 0.953125 0.895508 0.962891 0.892578 0.96875 0.889648 0.974609 0.881836 0.979492 0.886719 0.984375 0.888672 0.987305 0.886719 0.992188 0.886719 0.992188 0.878906 0.993164 0.879883 1
0 0.831055 0.963867 0.835938 0.964844 0.835938 0.96875 0.831055 0.969727
1 0.916992 0.957031 0.926758 0.964844 0.939453 0.963867 0.949219 0.96582 0.945312 0.97168 0.946289 0.978516 0.941406 0.980469 0.933594 0.978516 0.928711 0.985352 0.923828 0.987305 0.923828 0.987305 0.919922 0.983398 0.917969 0.977539 0.910156 0.975586 0.904297 0.975586 0.900391 0.970703 0.907227 0.967773 0.908203 0.962891 0.915039 0.961914
0 1 0.956055 0.994141 0.959961 0.992188 0.964844 0.995117 0.96875 1 0.970703 1 0.970703
0 0.966797 0.955078 0.972656 0.956055 0.97168 0.962891 0.966797 0.961914
0 0.953125 0.970703 0.958984 0.969727 0.964844 0.972656 0.964844 0.976562 0.956055 0.978516 0.953125 0.975586
1 0.9375 0.985352 0.942383 0.986328 0.943359 0.991211 0.939453 1 0.933594 1 0.9375 0.992188
1 0.913086 0.917969 0.923828 0.916992 0.926758 0.922852 0.936523 0.923828 0.944336 0.926758 0.948242 0.935547 0.953125 0.942383 0.954102 0.951172 0.954102 0.952148 0.948242 0.958008 0.94043 0.960938 0.930664 0.956055 0.928711 0.949219 0.915039 0.947266 0.914062 0.955078 0.904297 0.957031 0.893555 0.952148 0.884766 0.944336 0.884766 0.944336 0.896484 0.938477 0.897461 0.930664 0.904297 0.927734 0.90625 0.919922
0 0.944336 0.917969 0.952148 0.915039 0.958008 0.917969 0.957031 0.924805 0.950195 0.928711 0.944336 0.928711
0 0.954102 0.927734 0.960938 0.927734 0.962891 0.932617 0.957031 0.93457 0.953125 0.931641
0 0.957031 0.907227 0.963867 0.908203 0.966797 0.912109 0.966797 0.913086 0.963867 0.916992 0.957031 0.916992 0.954102 0.911133
0 0.958008 0.895508 0.96875 0.897461 0.973633 0.901367 0.97168 0.90625 0.962891 0.907227 0.958008 0.900391 0.958008 0.900391
1 0.999023 0.858398 0.994141 0.858398 0.991211 0.864258 0.994141 0.871094 0.996094 0.880859 0.994141 0.886719 0.992188 0.896484 0.983398 0.90332 0.977539 0.90918 0.970703 0.913086 0.964844 0.916016 0.964844 0.921875 0.966797 0.929688 0.966797 0.929688 0.973633 0.926758 0.977539 0.930664 0.984375 0.926758 0.986328 0.916992 0.990234 0.910156 1 0.910156
0 0.982422 0.878906 0.988281 0.879883 0.989258 0.884766 0.989258 0.888672 0.983398 0.887695
1 0.901367 0.84082 0.90918 0.842773 0.916016 0.84375 0.920898 0.84668 0.922852 0.851562 0.921875 0.856445 0.927734 0.861328 0.933594 0.851562 0.942383 0.848633 0.947266 0.852539 0.956055 0.854492 0.960938 0.863281 0.959961 0.873047 0.959961 0.876953 0.950195 0.876953 0.950195 0.876953 0.947266 0.884766 0.94043 0.884766 0.935547 0.890625 0.939453 0.897461 0.938477 0.90332 0.935547 0.907227 0.926758 0.90625 0.918945 0.904297 0.90625 0.905273 0.90625 0.917969 0.899414 0.920898 0.887695 0.921875 0.880859 0.918945 0.875 0.914062 0.875977 0.901367 0.874023 0.890625 0.880859 0.886719 0.880859 0.87793 0.878906 0.870117 0.884766 0.862305 0.892578 0.862305 0.894531 0.857422 0.887695 0.852539 0.890625 0.84375
