0 0.820312 0.894531 0.817383 0.861328 0.842773 0.858398 0.850586 0.847656 0.866211 0.845703 0.878906 0.84082 0.886719 0.845703 0.897461 0.838867 0.912109 0.844727 0.922852 0.851562 0.930664 0.873047 0.93457 0.885742 0.948242 0.892578 0.958008 0.911133 0.964844 0.928711 0.957031 0.943359 0.948242 0.96582 0.943359 0.982422 0.930664 0.982422 0.913086 0.982422 0.908203 0.978516 0.890625 0.981445 0.871094 0.979492 0.855469 0.966797 0.838867 0.956055 0.834961 0.942383 0.819336 0.935547 0.805664 0.902344
0 0.606445 0.886719 0.618164 0.889648 0.621094 0.916016 0.633789 0.928711 0.645508 0.928711 0.652344 0.933594 0.65918 0.932617 0.665039 0.935547 0.675781 0.928711 0.700195 0.916016 0.705078 0.901367 0.700195 0.879883 0.697266 0.864258 0.700195 0.851562 0.6875 0.856445 0.666016 0.84082 0.643555 0.848633 0.609375 0.839844 0.598633 0.856445 0.605469 0.861328
0 0.689453 0.922852 0.689453 0.947266 0.695312 0.964844 0.698242 0.972656 0.689453 0.981445 0.683594 1 0.683594 1 0.568359 1 0.545898 1 0.539062 0.989258 0.541016 0.977539 0.554688 0.972656 0.548828 0.96875 0.56543 0.932617 0.577148 0.917969 0.591797 0.916992 0.605469 0.913086 0.586914 0.901367 0.597656 0.894531 0.614258 0.890625 0.620117 0.900391 0.619141 0.916016 0.631836 0.926758 0.647461 0.931641 0.654297 0.933594 0.661133 0.931641 0.668945 0.932617 0.673828 0.930664
0 0.475586 1 0.477539 0.983398 0.470703 0.96875 0.483398 0.963867 0.483398 0.963867 0.487305 0.938477 0.496094 0.93457 0.508789 0.938477 0.514648 0.931641 0.526367 0.921875 0.537109 0.924805 0.542969 0.932617 0.547852 0.921875 0.556641 0.920898 0.5625 0.924805 0.558594 0.93457 0.55957 0.94043 0.555664 0.955078 0.547852 0.97168 0.539062 0.975586 0.540039 0.992188 0.545898 0.995117 0.547852 1
0 0.71875 0.926758 0.732422 0.896484 0.756836 0.910156 0.764648 0.917969 0.776367 0.924805 0.797852 0.9375 0.791992 0.949219 0.780273 0.957031 0.761719 0.952148 0.754883 0.955078 0.743164 0.957031 0.736328 0.957031 0.734375 0.958984 0.731445 0.958008 0.717773 0.935547
1 0.603516 0.651367 0.630859 0.654297 0.670898 0.651367 0.6875 0.666992 0.722656 0.676758 0.736328 0.666992 0.757812 0.682617 0.779297 0.6875 0.798828 0.701172 0.806641 0.671875 0.822266 0.65918 0.849609 0.65918 0.849609 0.660156 0.870117 0.664062 0.890625 0.669922 0.917969 0.671875 0.936523 0.69043 0.943359 0.712891 0.946289 0.741211 0.939453 0.757812 0.93457 0.770508 0.927734 0.78418 0.897461 0.800781 0.882812 0.803711 0.875 0.804688 0.856445 0.81543 0.862305 0.837891 0.844727 0.844727 0.821289 0.857422 0.795898 0.860352 0.764648 0.859375 0.755859 0.848633 0.744141 0.855469 0.719727 0.856445 0.702148 0.848633 0.675781 0.829102 0.657227 0.84375 0.646484 0.830078 0.643555 0.818359 0.62793 0.81543 0.629883 0.827148 0.611328 0.830078 0.594727 0.845703 0.586914 0.847656 0.584961 0.838867 0.568359 0.827148 0.551758 0.820312 0.542969 0.804688 0.526367 0.791992 0.527344 0.762695 0.517578 0.737305 0.526367 0.71582 0.554688 0.691406 0.566406 0.681641 0.581055 0.669922
0 0.512695 0.75 0.496094 0.755859 0.480469 0.761719 0.480469 0.762695 0.464844 0.770508 0.459961 0.791992 0.474609 0.801758 0.499023 0.800781 0.495117 0.821289 0.486328 0.833008 0.487305 0.833008 0.459961 0.855469 0.466797 0.863281 0.454102 0.879883 0.458984 0.890625 0.475586 0.916992 0.512695 0.913086 0.520508 0.901367 0.533203 0.895508 0.538086 0.907227 0.553711 0.910156 0.561523 0.900391 0.574219 0.901367 0.583984 0.891602 0.595703 0.892578 0.604492 0.874023 0.605469 0.863281 0.583008 0.858398 0.583008 0.837891 0.567383 0.828125 0.557617 0.821289 0.548828 0.814453 0.543945 0.805664 0.533203 0.801758 0.523438 0.792969 0.525391 0.78418 0.520508 0.772461 0.509766 0.764648
0 0.379883 0.65625 0.413086 0.669922 0.443359 0.706055 0.458984 0.713867 0.467773 0.725586 0.47168 0.743164 0.47168 0.761719 0.460938 0.769531 0.441406 0.810547 0.423828 0.810547 0.384766 0.833984 0.356445 0.833008 0.344727 0.826172 0.316406 0.837891 0.301758 0.825195 0.300781 0.785156 0.31543 0.772461 0.327148 0.750977 0.339844 0.728516 0.354492 0.702148 0.360352 0.682617
0 0.376953 0.523438 0.396484 0.5 0.415039 0.500977 0.4375 0.496094 0.4375 0.496094 0.454102 0.495117 0.460938 0.486328 0.482422 0.498047 0.5 0.503906 0.512695 0.545898 0.522461 0.570312 0.529297 0.585938 0.509766 0.62207 0.494141 0.634766 0.484375 0.635742 0.480469 0.65332 0.466797 0.664062 0.47168 0.692383 0.469727 0.701172 0.457031 0.703125 0.445312 0.706055 0.430664 0.706055 0.419922 0.688477 0.408203 0.671875 0.395508 0.662109 0.383789 0.651367 0.376953 0.65332 0.363281 0.619141 0.352539 0.617188 0.349609 0.567383 0.342773 0.535156
0 0.609375 0.523438 0.617188 0.50293 0.65918 0.495117 0.692383 0.483398 0.729492 0.482422 0.745117 0.483398 0.750977 0.513672 0.759766 0.540039 0.759766 0.558594 0.760742 0.558594 0.760742 0.583008 0.74707 0.603516 0.759766 0.614258 0.748047 0.625 0.745117 0.642578 0.725586 0.650391 0.726562 0.650391 0.708984 0.662109 0.685547 0.662109 0.665039 0.664062 0.654297 0.657227 0.620117 0.649414 0.579102 0.648438 0.56543 0.624023 0.575195 0.602539 0.589844 0.547852 0.605469 0.541016
1 0.935547 0.668945 0.911133 0.668945 0.887695 0.668945 0.853516 0.655273 0.826172 0.652344 0.800781 0.648438 0.785156 0.626953 0.78125 0.626953 0.776367 0.630859 0.772461 0.625977 0.771484 0.618164 0.757812 0.613281 0.768555 0.59082 0.764648 0.568359 0.780273 0.526367 0.788086 0.498047 0.794922 0.476562 0.801758 0.461914 0.808594 0.458984 0.818359 0.466797 0.834961 0.469727 0.845703 0.488281 0.882812 0.496094 0.896484 0.499023 0.907227 0.514648 0.93457 0.513672 0.97168 0.547852 0.953125 0.605469 0.946289 0.616211 0.93457 0.617188 0.93457 0.629883 0.944336 0.634766 0.94043 0.649414 0.943359 0.658203
0 1 0.199219 0.988281 0.185547 0.990234 0.169922 1 0.15332
0 0.589844 0 0.608398 0.0146484 0.630859 0.0273438 0.645508 0.0332031 0.665039 0.0458984 0.693359 0.0576172 0.712891 0.0644531 0.713867 0.0644531 0.735352 0.0507812 0.758789 0.0361328 0.769531 0.0253906 0.798828 0.0146484 0.792969 0
0 0.756836 0.0429688 0.762695 0.0527344 0.763672 0.0644531 0.779297 0.0742188 0.801758 0.0849609 0.822266 0.0927734 0.84375 0.0957031 0.860352 0.102539 0.878906 0.0976562 0.879883 0.0722656 0.883789 0.046875 0.878906 0.0302734 0.869141 0.0107422 0.875977 0 0.795898 0 0.797852 0.0126953 0.790039 0.0185547 0.773438 0.0224609 0.772461 0.0302734
0 0.479492 0.158203 0.498047 0.163086 0.520508 0.172852 0.535156 0.18457 0.538086 0.214844 0.529297 0.232422 0.530273 0.233398 0.513672 0.245117 0.493164 0.257812 0.491211 0.270508 0.477539 0.260742 0.469727 0.264648 0.443359 0.245117 0.439453 0.226562 0.425781 0.226562 0.419922 0.211914 0.40625 0.211914 0.400391 0.172852 0.419922 0.162109 0.436523 0.166992 0.436523 0.167969 0.456055 0.15625 0.453125 0.166016 0.461914 0.168945 0.47168 0.167969
0 0.556641 0.0615234 0.55957 0.0400391 0.578125 0.0332031 0.595703 0.0292969 0.605469 0.046875 0.600586 0.0576172 0.600586 0.0693359 0.625977 0.0615234 0.638672 0.0625 0.635742 0.0849609 0.630859 0.103516 0.626953 0.114258 0.614258 0.116211 0.610352 0.128906 0.619141 0.130859 0.613281 0.155273 0.597656 0.151367 0.583984 0.126953 0.580078 0.113281 0.564453 0.109375 0.564453 0.0917969 0.553711 0.0732422
0 0.193359 0.754883 0.212891 0.745117 0.239258 0.758789 0.241211 0.779297 0.235352 0.800781 0.230469 0.811523 0.213867 0.811523 0.208984 0.798828 0.175781 0.78418
0 0.121094 0.710938 0.129883 0.732422 0.141602 0.741211 0.161133 0.740234 0.174805 0.724609 0.171875 0.702148 0.15918 0.693359 0.147461 0.699219
0 0.100586 0.658203 0.108398 0.658203 0.118164 0.645508 0.128906 0.655273 0.142578 0.658203 0.143555 0.670898 0.145508 0.6875 0.131836 0.699219 0.117188 0.699219 0.0996094 0.691406 0.0996094 0.679688
0 0.0537109 0.625977 0.0546875 0.640625 0.0556641 0.65918 0.0566406 0.675781 0.0429688 0.686523 0.0371094 0.692383 0.0292969 0.681641 0.015625 0.681641 0.000976562 0.660156 0.00390625 0.631836 0.0195312 0.620117 0.0361328 0.623047 0.0429688 0.614258
0 0.0078125 0.708008 0.015625 0.698242 0.0263672 0.691406 0.0292969 0.685547 0.0341797 0.689453 0.0410156 0.689453 0.0439453 0.683594 0.0507812 0.689453 0.0585938 0.699219 0.0585938 0.709961 0.0634766 0.719727 0.0654297 0.730469 0.0654297 0.730469 0.0615234 0.739258 0.0546875 0.745117 0.0488281 0.746094 0.0371094 0.740234 0.0283203 0.735352 0.0292969 0.722656 0.0136719 0.716797
0 0.0585938 0.755859 0.0673828 0.758789 0.0751953 0.759766 0.0869141 0.754883 0.0888672 0.770508 0.101562 0.785156 0.101562 0.795898 0.0976562 0.803711 0.0800781 0.794922 0.0732422 0.805664 0.0576172 0.797852 0.0625 0.788086 0.0634766 0.788086 0.0527344 0.785156 0.0546875 0.774414 0.0517578 0.764648
0 0.0458984 0.75 0.0498047 0.761719 0.0527344 0.772461 0.0458984 0.772461 0.0458984 0.786133 0.0361328 0.786133 0.0361328 0.786133 0.0253906 0.77832 0.00976562 0.767578 0.00976562 0.75 0.0195312 0.75 0.03125 0.738281 0.03125 0.739258
1 0.333984 0.924805 0.325195 0.94043 0.326172 0.941406 0.321289 0.956055 0.319336 0.975586 0.317383 0.981445 0.310547 0.986328 0.316406 0.992188 0.314453 1 0.268555 1 0.0712891 1 0.0566406 0.976562 0.0576172 0.976562 0.0390625 0.969727 0.0273438 0.944336 0.0419922 0.938477 0.0517578 0.928711 0.0664062 0.928711 0.0732422 0.904297 0.0976562 0.858398 0.125 0.849609 0.131836 0.829102 0.147461 0.836914 0.151367 0.859375 0.164062 0.864258 0.174805 0.845703 0.19043 0.834961 0.206055 0.837891 0.227539 0.852539 0.242188 0.848633 0.256836 0.860352 0.274414 0.900391 0.302734 0.90332
0 0.0507812 0.847656 0.0429688 0.864258 0.0429688 0.881836 0.0537109 0.900391 0.0400391 0.912109 0.046875 0.932617 0.0371094 0.94043 0 0.943359 0 0.829102 0.0166016 0.820312 0.0302734 0.820312 0.0458984 0.831055 0.0410156 0.837891
0 0.166016 0.820312 0.186523 0.800781 0.193359 0.822266 0.194336 0.839844 0.18457 0.845703 0.169922 0.84375 0.15625 0.841797 0.148438 0.824219
0 0.106445 0.801758 0.115234 0.792969 0.134766 0.785156 0.135742 0.798828 0.135742 0.8125 0.132812 0.829102 0.125 0.841797 0.112305 0.834961 0.0957031 0.834961 0.0957031 0.813477 0.104492 0.80957
0 0.390625 0.400391 0.380859 0.360352 0.394531 0.34668 0.394531 0.323242 0.412109 0.303711 0.443359 0.299805 0.464844 0.308594 0.484375 0.317383 0.501953 0.338867 0.496094 0.375977 0.483398 0.394531 0.478516 0.429688 0.456055 0.433594 0.441406 0.450195 0.423828 0.450195 0.426758 0.458984 0.413086 0.461914 0.385742 0.461914 0.387695 0.439453 0.383789 0.418945 0.363281 0.416016 0.369141 0.397461 0.373047 0.389648 0.378906 0.398438 0.383789 0.393555 0.386719 0.394531
0 0.188477 0.21582 0.210938 0.216797 0.223633 0.207031 0.232422 0.205078 0.233398 0.197266 0.227539 0.192383 0.236328 0.183594 0.241211 0.172852 0.24707 0.165039 0.244141 0.149414 0.241211 0.137695 0.258789 0.137695 0.268555 0.143555 0.291016 0.144531 0.308594 0.157227 0.302734 0.175781 0.30957 0.189453 0.300781 0.21582 0.300781 0.216797 0.305664 0.227539 0.296875 0.249023 0.291016 0.264648 0.277344 0.272461 0.260742 0.280273 0.233398 0.272461 0.210938 0.263672 0.1875 0.244141 0.176758 0.223633
0 0.124023 0.192383 0.125 0.172852 0.135742 0.15625 0.163086 0.133789 0.200195 0.123047 0.231445 0.126953 0.239258 0.129883 0.242188 0.141602 0.245117 0.152344 0.246094 0.164062 0.236328 0.173828 0.235352 0.186523 0.225586 0.196289 0.232422 0.204102 0.224609 0.208008 0.212891 0.212891 0.207031 0.217773 0.169922 0.213867 0.151367 0.203125 0.137695 0.200195
0 0.0371094 0.0302734 0.0517578 0.0322266 0.0654297 0.0410156 0.0605469 0.0517578 0.0507812 0.0605469 0.0449219 0.0615234 0.0361328 0.0595703 0.0361328 0.0595703 0.0302734 0.0605469 0.0234375 0.0449219 0.03125 0.0439453
0 0 0.230469 0.0244141 0.224609 0.0732422 0.225586 0.0947266 0.192383 0.0849609 0.175781 0.0585938 0.171875 0.0429688 0.154297 0.00683594 0.128906 0 0.130859 0 0.219727
1 0 0.0966797 0.0224609 0.125 0.0546875 0.126953 0.0693359 0.102539 0.0859375 0.0986328 0.0957031 0.105469 0.110352 0.105469 0.134766 0.09375 0.133789 0.0673828 0.129883 0.0537109 0.112305 0.0585938 0.102539 0.0517578 0.0927734 0.0537109 0.0849609 0.0478516 0.0859375 0.0107422 0.0927734 0 0 0
0 0.198242 0 0.21582 0.00878906 0.241211 0.0224609 0.260742 0.0195312 0.27832 0.0205078 0.283203 0.00976562 0.280273 0
0 0.15625 0.0458984 0.165039 0.0185547 0.177734 0.0126953 0.193359 0.0078125 0.205078 0.0117188 0.209961 0.0234375 0.212891 0.0380859 0.196289 0.0527344 0.1875 0.0644531
0 0.790039 0.375977 0.827148 0.371094 0.849609 0.345703 0.832031 0.332031 0.827148 0.322266 0.807617 0.310547 0.783203 0.321289 0.770508 0.336914
0 0.78418 0.283203 0.800781 0.291016 0.800781 0.30957 0.821289 0.311523 0.849609 0.30957 0.863281 0.297852 0.863281 0.275391 0.854492 0.258789 0.836914 0.251953 0.808594 0.256836 0.789062 0.263672
0 0.0673828 0.462891 0.0732422 0.441406 0.0898438 0.438477 0.106445 0.46582 0.12207 0.477539 0.107422 0.496094 0.107422 0.496094 0.0859375 0.493164 0.078125 0.506836 0.0576172 0.493164 0.0595703 0.472656
0 0.0957031 0.605469 0.120117 0.579102 0.120117 0.553711 0.109375 0.53418 0.0683594 0.53418 0.0615234 0.55957 0.0361328 0.561523 0.0654297 0.577148 0.0654297 0.589844
0 0.143555 0.633789 0.186523 0.640625 0.199219 0.667969 0.191406 0.677734 0.191406 0.678711 0.172852 0.678711 0.149414 0.657227
0 1 0.820312 0.990234 0.828125 0.987305 0.84668 0.988281 0.863281 0.989258 0.882812 0.990234 0.893555 0.99707 0.884766 1 0.885742
0 1 0.964844 0.995117 0.955078 0.995117 0.946289 0.994141 0.938477 0.988281 0.9375 0.985352 0.925781 0.990234 0.916016 1 0.90918
0 0.693359 1 0.69043 0.989258 0.699219 0.972656 0.714844 0.970703 0.730469 0.967773 0.736328 0.956055 0.745117 0.958008 0.75293 0.958984 0.760742 0.966797 0.750977 0.97168 0.751953 0.981445 0.75 0.995117 0.754883 1
0 0.850586 0.416992 0.889648 0.405273 0.932617 0.402344 0.932617 0.426758 0.945312 0.443359 0.942383 0.455078 0.953125 0.472656 0.94043 0.476562 0.919922 0.487305 0.885742 0.481445 0.880859 0.490234 0.849609 0.490234 0.836914 0.469727 0.839844 0.446289 0.842773 0.439453 0.844727 0.433594
1 0.907227 0.304688 0.911133 0.27832 0.917969 0.267578 0.917969 0.24707 0.932617 0.230469 0.954102 0.223633 0.992188 0.199219 1 0.213867 1 0.50293 0.973633 0.49707 0.9375 0.501953 0.928711 0.482422 0.941406 0.472656 0.953125 0.47168 0.942383 0.455078 0.947266 0.443359 0.931641 0.426758 0.943359 0.417969 0.944336 0.417969 0.935547 0.398438 0.945312 0.394531 0.931641 0.361328 0.94043 0.338867 0.938477 0.328125 0.923828 0.328125
