0 0.59082 0.158203 0.59668 0.167969 0.611328 0.160156 0.614258 0.171875 0.62207 0.171875 0.62793 0.167969 0.637695 0.160156 0.638672 0.145508 0.645508 0.148438 0.652344 0.149414 0.652344 0.135742 0.65332 0.126953 0.65625 0.117188 0.65625 0.117188 0.649414 0.112305 0.648438 0.102539 0.639648 0.0986328 0.623047 0.106445 0.613281 0.110352 0.609375 0.114258 0.587891 0.119141 0.585938 0.12793 0.59668 0.129883 0.584961 0.133789 0.585938 0.139648 0.575195 0.160156 0.579102 0.164062 0.587891 0.152344
0 0.662109 0.103516 0.672852 0.103516 0.672852 0.078125 0.703125 0.0839844 0.700195 0.0654297 0.69043 0.0498047 0.668945 0.046875 0.667969 0.0302734 0.657227 0.0380859 0.657227 0.0380859 0.641602 0.03125 0.62793 0.0322266 0.630859 0.0449219 0.620117 0.0527344 0.623047 0.0644531 0.623047 0.0761719 0.629883 0.0810547 0.632812 0.0966797 0.645508 0.0996094 0.654297 0.100586
0 0.517578 0.0585938 0.521484 0.0712891 0.518555 0.0820312 0.525391 0.0898438 0.536133 0.0869141 0.542969 0.0820312 0.550781 0.0917969 0.568359 0.0917969 0.583008 0.0976562 0.584961 0.0771484 0.581055 0.0585938 0.566406 0.0507812 0.560547 0.0419922 0.558594 0.0263672 0.552734 0.0136719 0.541016 0.0078125 0.532227 0.000976562 0.529297 0.0117188 0.523438 0.0146484 0.513672 0.0146484 0.521484 0.0283203 0.529297 0.0361328 0.514648 0.0361328 0.518555 0.0419922 0.512695 0.0507812
0 0.449219 0.015625 0.416992 0.0136719 0.413086 0.0244141 0.418945 0.0410156 0.414062 0.0576172 0.413086 0.0654297 0.412109 0.0742188 0.442383 0.0712891 0.456055 0.0849609 0.467773 0.0869141 0.478516 0.0849609 0.472656 0.0683594 0.480469 0.0517578 0.487305 0.0332031 0.475586 0.0273438 0.475586 0.0175781 0.47168 0.00878906 0.470703 0 0.457031 0.00976562
0 0.480469 0.0351562 0.484375 0.0507812 0.477539 0.0546875 0.474609 0.0615234 0.475586 0.0703125 0.479492 0.0859375 0.495117 0.0859375 0.514648 0.0869141 0.520508 0.0791016 0.516602 0.0683594 0.523438 0.0742188 0.525391 0.0683594 0.515625 0.0576172 0.511719 0.0234375 0.503906 0.0263672 0.504883 0.0498047 0.487305 0.0302734
0 0.478516 0.0917969 0.476562 0.100586 0.489258 0.110352 0.464844 0.102539 0.46582 0.119141 0.477539 0.138672 0.489258 0.160156 0.511719 0.171875 0.522461 0.161133 0.532227 0.164062 0.543945 0.15918 0.541992 0.152344 0.549805 0.154297 0.555664 0.146484 0.538086 0.125977 0.56543 0.121094 0.547852 0.101562 0.539062 0.0957031 0.529297 0.0908203 0.521484 0.0878906 0.512695 0.0839844 0.500977 0.0869141 0.493164 0.0859375 0.485352 0.0888672
0 0.40332 0.131836 0.397461 0.145508 0.396484 0.15332 0.398438 0.163086 0.419922 0.169922 0.410156 0.178711 0.40918 0.186523 0.417969 0.180664 0.410156 0.194336 0.426758 0.198242 0.4375 0.199219 0.456055 0.210938 0.46875 0.208984 0.460938 0.185547 0.479492 0.194336 0.481445 0.183594 0.46875 0.180664 0.458984 0.171875 0.488281 0.165039 0.481445 0.15332 0.462891 0.15918 0.46875 0.140625 0.462891 0.139648 0.453125 0.147461 0.441406 0.128906 0.417969 0.125
0 0.34668 0.0878906 0.34082 0.0976562 0.333984 0.101562 0.334961 0.116211 0.331055 0.129883 0.335938 0.148438 0.345703 0.150391 0.356445 0.143555 0.364258 0.151367 0.370117 0.164062 0.379883 0.141602 0.387695 0.144531 0.402344 0.126953 0.40625 0.117188 0.398438 0.104492 0.383789 0.0966797 0.371094 0.078125 0.364258 0.0839844 0.364258 0.0839844 0.358398 0.0888672
0 0.457031 0.214844 0.458008 0.225586 0.462891 0.230469 0.460938 0.240234 0.470703 0.238281 0.469727 0.251953 0.485352 0.248047 0.493164 0.24707 0.498047 0.255859 0.505859 0.253906 0.514648 0.249023 0.521484 0.227539 0.525391 0.212891 0.521484 0.203125 0.517578 0.195312 0.506836 0.188477 0.499023 0.192383 0.486328 0.179688 0.481445 0.18457 0.47168 0.193359 0.46875 0.197266 0.460938 0.200195 0.459961 0.205078 0.462891 0.209961
0 0.537109 0.25 0.529297 0.251953 0.52832 0.258789 0.523438 0.268555 0.515625 0.282227 0.525391 0.287109 0.520508 0.307617 0.537109 0.305664 0.541992 0.310547 0.547852 0.305664 0.550781 0.320312 0.563477 0.303711 0.568359 0.30957 0.570312 0.332031 0.580078 0.331055 0.587891 0.313477 0.59375 0.307617 0.616211 0.330078 0.620117 0.321289 0.599609 0.289062 0.603516 0.276367 0.586914 0.276367 0.597656 0.264648 0.584961 0.261719 0.59375 0.242188 0.580078 0.240234 0.576172 0.241211 0.571289 0.231445 0.563477 0.235352 0.55957 0.243164 0.545898 0.231445 0.542969 0.240234
0 0.665039 0.266602 0.654297 0.271484 0.65332 0.280273 0.651367 0.295898 0.661133 0.294922 0.668945 0.287109 0.65918 0.301758 0.65918 0.310547 0.665039 0.311523 0.680664 0.310547 0.683594 0.299805 0.697266 0.294922 0.708984 0.296875 0.708008 0.285156 0.712891 0.295898 0.72168 0.298828 0.724609 0.304688 0.730469 0.305664 0.728516 0.288086 0.709961 0.271484 0.737305 0.273438 0.737305 0.273438 0.75293 0.28418 0.753906 0.267578 0.748047 0.254883 0.727539 0.254883 0.729492 0.242188 0.726562 0.233398 0.719727 0.234375 0.71582 0.22168 0.708008 0.22168 0.705078 0.241211 0.698242 0.217773 0.686523 0.217773 0.6875 0.223633 0.689453 0.236328 0.679688 0.232422 0.666992 0.234375 0.655273 0.24707 0.660156 0.256836
0 0.698242 0.201172 0.703125 0.208008 0.693359 0.21582 0.702148 0.21875 0.713867 0.22168 0.72168 0.210938 0.730469 0.211914 0.736328 0.208008 0.740234 0.216797 0.751953 0.21582 0.746094 0.197266 0.738281 0.188477 0.75293 0.176758 0.753906 0.166992 0.751953 0.15625 0.744141 0.149414 0.727539 0.155273 0.710938 0.142578 0.698242 0.148438 0.697266 0.158203 0.683594 0.161133 0.681641 0.168945 0.678711 0.170898 0.677734 0.175781 0.6875 0.182617 0.682617 0.19043 0.68457 0.196289 0.686523 0.207031
0 0.652344 0.147461 0.640625 0.157227 0.642578 0.164062 0.650391 0.162109 0.655273 0.157227 0.658203 0.164062 0.640625 0.170898 0.634766 0.181641 0.648438 0.199219 0.654297 0.194336 0.643555 0.211914 0.652344 0.211914 0.666992 0.201172 0.669922 0.206055 0.665039 0.212891 0.665039 0.212891 0.665039 0.222656 0.680664 0.21875 0.682617 0.210938 0.6875 0.204102 0.685547 0.194336 0.682617 0.189453 0.6875 0.181641 0.677734 0.172852 0.682617 0.167969 0.666992 0.132812 0.652344 0.137695 0.649414 0.142578
0 0.767578 0.260742 0.764648 0.266602 0.758789 0.270508 0.759766 0.279297 0.766602 0.287109 0.756836 0.291992 0.758789 0.298828 0.75293 0.308594 0.755859 0.314453 0.775391 0.3125 0.765625 0.320312 0.765625 0.326172 0.772461 0.328125 0.775391 0.326172 0.780273 0.330078 0.786133 0.330078 0.788086 0.334961 0.801758 0.324219 0.799805 0.333984 0.802734 0.334961 0.802734 0.34082 0.8125 0.338867 0.8125 0.332031 0.822266 0.329102 0.831055 0.317383 0.831055 0.317383 0.813477 0.298828 0.814453 0.291016 0.822266 0.286133 0.817383 0.275391 0.808594 0.264648 0.783203 0.25 0.779297 0.254883 0.774414 0.256836
1 0.835938 0.319336 0.823242 0.322266 0.821289 0.330078 0.832031 0.333008 0.831055 0.338867 0.814453 0.344727 0.819336 0.360352 0.836914 0.358398 0.839844 0.370117 0.853516 0.352539 0.861328 0.359375 0.867188 0.361328 0.866211 0.368164 0.87207 0.374023 0.881836 0.374023 0.887695 0.378906 0.891602 0.389648 0.895508 0.390625 0.898438 0.389648 0.897461 0.378906 0.905273 0.375 0.905273 0.375 0.911133 0.366211 0.920898 0.368164 0.920898 0.368164 0.931641 0.353516 0.931641 0.353516 0.922852 0.34375 0.922852 0.34375 0.926758 0.336914 0.917969 0.334961 0.914062 0.329102 0.914062 0.329102 0.904297 0.328125 0.896484 0.324219 0.887695 0.326172 0.886719 0.335938 0.878906 0.333008 0.876953 0.328125 0.892578 0.317383 0.884766 0.314453 0.884766 0.314453 0.871094 0.321289 0.867188 0.296875 0.862305 0.295898 0.852539 0.3125 0.844727 0.303711 0.84082 0.310547 0.839844 0.317383
0 0.813477 0.243164 0.803711 0.246094 0.799805 0.25293 0.802734 0.263672 0.811523 0.269531 0.81543 0.277344 0.826172 0.274414 0.827148 0.286133 0.836914 0.293945 0.848633 0.290039 0.84375 0.28418 0.851562 0.285156 0.854492 0.292969 0.861328 0.291016 0.865234 0.292969 0.870117 0.285156 0.863281 0.271484 0.869141 0.262695 0.866211 0.250977 0.863281 0.249023 0.852539 0.241211 0.853516 0.219727 0.841797 0.212891 0.839844 0.21875 0.836914 0.229492 0.829102 0.230469 0.817383 0.234375 0.817383 0.234375
0 0.775391 0.185547 0.759766 0.196289 0.770508 0.199219 0.763672 0.211914 0.767578 0.220703 0.767578 0.230469 0.774414 0.232422 0.780273 0.239258 0.790039 0.24707 0.799805 0.251953 0.804688 0.245117 0.814453 0.243164 0.819336 0.232422 0.823242 0.234375 0.827148 0.228516 0.820312 0.213867 0.820312 0.213867 0.838867 0.220703 0.84668 0.22168 0.84668 0.22168 0.851562 0.21582 0.828125 0.206055 0.826172 0.200195 0.841797 0.192383 0.822266 0.185547 0.821289 0.174805 0.816406 0.175781 0.811523 0.19043 0.803711 0.177734 0.797852 0.179688 0.802734 0.192383 0.795898 0.196289 0.785156 0.193359 0.782227 0.188477
1 0.765625 0.162109 0.769531 0.162109 0.770508 0.166992 0.763672 0.177734 0.785156 0.180664 0.783203 0.189453 0.785156 0.200195 0.790039 0.203125 0.797852 0.186523 0.801758 0.175781 0.807617 0.1875 0.814453 0.188477 0.814453 0.182617 0.817383 0.172852 0.821289 0.174805 0.823242 0.183594 0.825195 0.185547 0.833008 0.194336 0.841797 0.191406 0.848633 0.185547 0.848633 0.185547 0.84082 0.177734 0.84375 0.169922 0.844727 0.166016 0.839844 0.162109 0.848633 0.155273 0.84375 0.155273 0.848633 0.143555 0.848633 0.143555 0.842773 0.137695 0.84668 0.129883 0.84668 0.129883 0.837891 0.132812 0.833984 0.129883 0.833984 0.118164 0.828125 0.121094 0.817383 0.12207 0.813477 0.121094 0.801758 0.123047 0.794922 0.124023 0.795898 0.115234 0.787109 0.113281 0.787109 0.113281 0.782227 0.108398 0.777344 0.102539 0.768555 0.105469 0.759766 0.103516 0.760742 0.108398 0.766602 0.113281 0.754883 0.115234 0.754883 0.121094 0.755859 0.124023 0.751953 0.125977 0.737305 0.125 0.738281 0.129883 0.740234 0.136719 0.733398 0.149414 0.740234 0.151367 0.746094 0.157227 0.753906 0.15918 0.753906 0.15918 0.757812 0.161133
0 0.878906 0.115234 0.879883 0.134766 0.856445 0.132812 0.847656 0.136719 0.84082 0.154297 0.850586 0.15625 0.842773 0.163086 0.841797 0.176758 0.849609 0.182617 0.860352 0.180664 0.862305 0.185547 0.867188 0.19043 0.863281 0.208008 0.875 0.214844 0.878906 0.207031 0.880859 0.193359 0.889648 0.193359 0.894531 0.195312 0.901367 0.196289 0.90625 0.194336 0.908203 0.1875 0.915039 0.18457 0.921875 0.1875 0.927734 0.186523 0.931641 0.179688 0.931641 0.179688 0.922852 0.166016 0.915039 0.165039 0.915039 0.165039 0.901367 0.161133 0.90332 0.15625 0.896484 0.155273 0.902344 0.144531 0.902344 0.144531 0.901367 0.139648 0.891602 0.148438 0.890625 0.115234 0.883789 0.115234
0 0.891602 0.194336 0.882812 0.193359 0.878906 0.201172 0.876953 0.207031 0.873047 0.220703 0.880859 0.220703 0.879883 0.229492 0.886719 0.231445 0.886719 0.248047 0.892578 0.250977 0.90625 0.245117 0.90918 0.25 0.90918 0.260742 0.912109 0.262695 0.922852 0.250977 0.929688 0.245117 0.928711 0.226562 0.924805 0.217773 0.920898 0.214844 0.921875 0.205078 0.929688 0.202148 0.931641 0.182617 0.931641 0.182617 0.926758 0.1875 0.917969 0.185547 0.912109 0.185547 0.90625 0.1875 0.907227 0.194336 0.899414 0.196289
0 0.933594 0.103516 0.924805 0.116211 0.936523 0.123047 0.946289 0.121094 0.956055 0.12207 0.949219 0.133789 0.959961 0.143555 0.964844 0.148438 0.972656 0.158203 0.978516 0.152344 0.988281 0.143555 1 0.145508 1 0.0917969 0.998047 0.0820312 0.991211 0.0820312 0.979492 0.09375 0.975586 0.0703125 0.962891 0.0615234 0.952148 0.0664062 0.941406 0.0791016 0.929688 0.0908203
1 0.441406 0.333008 0.446289 0.341797 0.449219 0.349609 0.435547 0.348633 0.43457 0.354492 0.446289 0.362305 0.436523 0.370117 0.436523 0.376953 0.450195 0.374023 0.443359 0.385742 0.447266 0.390625 0.455078 0.385742 0.461914 0.389648 0.46875 0.395508 0.472656 0.389648 0.472656 0.402344 0.479492 0.40332 0.495117 0.401367 0.509766 0.396484 0.514648 0.386719 0.505859 0.374023 0.523438 0.381836 0.529297 0.378906 0.525391 0.37207 0.515625 0.367188 0.52832 0.362305 0.524414 0.354492 0.524414 0.354492 0.509766 0.353516 0.515625 0.342773 0.529297 0.353516 0.533203 0.350586 0.554688 0.350586 0.553711 0.338867 0.564453 0.333984 0.564453 0.333984 0.556641 0.320312 0.548828 0.31543 0.542969 0.306641 0.53418 0.303711 0.522461 0.307617 0.525391 0.288086 0.518555 0.277344 0.504883 0.274414 0.501953 0.255859 0.493164 0.254883 0.477539 0.255859 0.47168 0.250977 0.46582 0.255859 0.466797 0.276367 0.454102 0.271484 0.445312 0.286133 0.441406 0.283203 0.439453 0.268555 0.464844 0.264648 0.436523 0.25 0.4375 0.246094 0.455078 0.230469 0.439453 0.224609 0.421875 0.224609 0.416992 0.236328 0.410156 0.245117 0.404297 0.25293 0.394531 0.268555 0.394531 0.268555 0.386719 0.286133 0.397461 0.285156 0.398438 0.289062 0.387695 0.292969 0.396484 0.299805 0.404297 0.305664 0.405273 0.321289 0.417969 0.319336 0.419922 0.332031 0.436523 0.335938
1 0.298828 0.155273 0.297852 0.163086 0.302734 0.163086 0.300781 0.173828 0.311523 0.172852 0.303711 0.181641 0.314453 0.186523 0.314453 0.194336 0.310547 0.201172 0.298828 0.202148 0.291016 0.206055 0.291016 0.211914 0.303711 0.212891 0.304688 0.226562 0.304688 0.235352 0.290039 0.242188 0.290039 0.242188 0.291016 0.254883 0.305664 0.266602 0.300781 0.274414 0.291016 0.282227 0.294922 0.290039 0.301758 0.287109 0.302734 0.293945 0.298828 0.296875 0.294922 0.311523 0.297852 0.314453 0.292969 0.318359 0.303711 0.322266 0.311523 0.324219 0.311523 0.329102 0.311523 0.329102 0.291992 0.342773 0.30957 0.34375 0.314453 0.342773 0.307617 0.356445 0.321289 0.348633 0.328125 0.348633 0.330078 0.360352 0.337891 0.352539 0.344727 0.344727 0.351562 0.34668 0.359375 0.348633 0.363281 0.344727 0.375 0.329102 0.376953 0.300781 0.375977 0.291992 0.362305 0.282227 0.378906 0.280273 0.381836 0.267578 0.392578 0.270508 0.408203 0.24707 0.415039 0.226562 0.40918 0.217773 0.421875 0.217773 0.432617 0.201172 0.424805 0.198242 0.416016 0.189453 0.408203 0.1875 0.410156 0.176758 0.421875 0.169922 0.400391 0.162109 0.399414 0.154297 0.411133 0.133789 0.396484 0.129883 0.387695 0.142578 0.381836 0.147461 0.369141 0.148438 0.329102 0.131836
0 0.258789 0.078125 0.261719 0.0947266 0.231445 0.128906 0.255859 0.134766 0.245117 0.15918 0.270508 0.147461 0.274414 0.166992 0.291016 0.15332 0.302734 0.154297 0.331055 0.131836 0.333984 0.118164 0.311523 0.108398 0.325195 0.0976562 0.317383 0.078125 0.297852 0.0683594 0.297852 0.0683594 0.291016 0.0839844 0.27832 0.0683594
0 0.119141 0.0556641 0.111328 0.0634766 0.111328 0.0732422 0.101562 0.0693359 0.09375 0.0732422 0.101562 0.0830078 0.107422 0.0859375 0.0996094 0.0966797 0.100586 0.104492 0.108398 0.104492 0.112305 0.115234 0.12207 0.114258 0.126953 0.108398 0.128906 0.118164 0.128906 0.124023 0.136719 0.124023 0.142578 0.114258 0.149414 0.117188 0.173828 0.106445 0.170898 0.0898438 0.174805 0.0644531 0.174805 0.0644531 0.162109 0.0537109 0.154297 0.0507812 0.139648 0.0439453 0.131836 0.0488281 0.126953 0.0458984
0 0.0166016 0.0439453 0.0419922 0.0449219 0.0429688 0.0546875 0.0585938 0.0654297 0.0566406 0.0771484 0.0322266 0.0751953 0.0654297 0.0917969 0.0566406 0.114258 0.0478516 0.113281 0.0429688 0.130859 0.0302734 0.131836 0.0302734 0.131836 0.0126953 0.125977 0.0126953 0.125977 0 0.130859 0 0.0419922 0.0078125 0.0429688
0 0 0.141602 0 0.242188 0.0107422 0.235352 0.0214844 0.238281 0.0322266 0.229492 0.0380859 0.208984 0.0556641 0.189453 0.0859375 0.189453 0.0859375 0.161133 0.0683594 0.160156 0.0644531 0.141602 0.0644531 0.141602 0.0585938 0.136719 0.0507812 0.143555 0.0410156 0.136719 0.0263672 0.148438 0.0126953 0.144531
0 0.0380859 0.201172 0.0341797 0.21875 0.0351562 0.229492 0.0273438 0.237305 0.0292969 0.251953 0.0332031 0.262695 0.0478516 0.264648 0.0732422 0.269531 0.0849609 0.258789 0.0791016 0.238281 0.0996094 0.241211 0.0996094 0.227539 0.0859375 0.219727 0.0888672 0.199219 0.0810547 0.18457 0.0566406 0.185547 0.0498047 0.195312
0 0.175781 0.136719 0.169922 0.15625 0.167969 0.165039 0.170898 0.169922 0.177734 0.173828 0.182617 0.196289 0.200195 0.192383 0.210938 0.1875 0.230469 0.180664 0.233398 0.169922 0.21875 0.158203 0.228516 0.154297 0.224609 0.146484 0.225586 0.135742 0.210938 0.125977 0.19043 0.123047
1 0.137695 0.115234 0.117188 0.126953 0.111328 0.152344 0.109375 0.171875 0.124023 0.173828 0.12793 0.186523 0.143555 0.179688 0.154297 0.183594 0.157227 0.176758 0.164062 0.180664 0.172852 0.171875 0.166016 0.157227 0.179688 0.154297 0.176758 0.146484 0.181641 0.141602 0.177734 0.136719 0.167969 0.131836 0.175781 0.113281 0.166992 0.113281 0.15625 0.120117 0.147461 0.114258
0 0.09375 0.0732422 0.107422 0.0703125 0.111328 0.0625 0.0996094 0.0615234 0.104492 0.0429688 0.0947266 0.0439453 0.0869141 0.0517578 0.0986328 0.0263672 0.0693359 0.0361328 0.0566406 0.0458984 0.0488281 0.0478516 0.0517578 0.0605469 0.0546875 0.0771484 0.0556641 0.0869141 0.0585938 0.105469 0.0703125 0.104492 0.0742188 0.0986328 0.0771484 0.103516 0.0771484 0.103516 0.0957031 0.101562 0.0996094 0.0908203
0 0.234375 0.1875 0.235352 0.203125 0.239258 0.212891 0.243164 0.223633 0.251953 0.226562 0.259766 0.234375 0.282227 0.235352 0.294922 0.225586 0.291992 0.209961 0.28125 0.197266 0.30957 0.186523 0.302734 0.175781 0.299805 0.167969 0.287109 0.174805 0.275391 0.177734 0.265625 0.163086 0.255859 0.166016 0.242188 0.165039 0.248047 0.185547
0 0.376953 0.338867 0.369141 0.335938 0.359375 0.34668 0.34375 0.349609 0.350586 0.356445 0.357422 0.367188 0.361328 0.380859 0.374023 0.373047 0.369141 0.393555 0.376953 0.393555 0.387695 0.388672 0.393555 0.395508 0.407227 0.391602 0.411133 0.388672 0.414062 0.391602 0.418945 0.376953 0.418945 0.376953 0.407227 0.371094 0.412109 0.363281 0.405273 0.349609 0.423828 0.333008 0.416992 0.327148 0.408203 0.332031 0.388672 0.332031 0.388672 0.332031 0.379883 0.31543 0.37793 0.327148
0 0.0820312 0.267578 0.0917969 0.277344 0.0849609 0.28418 0.0966797 0.290039 0.0849609 0.302734 0.101562 0.311523 0.121094 0.31543 0.139648 0.304688 0.154297 0.283203 0.157227 0.268555 0.143555 0.256836 0.134766 0.251953 0.123047 0.244141 0.114258 0.249023 0.110352 0.256836
0 0.211914 0.21582 0.213867 0.227539 0.208008 0.234375 0.193359 0.251953 0.200195 0.257812 0.216797 0.254883 0.228516 0.263672 0.235352 0.263672 0.243164 0.280273 0.255859 0.269531 0.277344 0.282227 0.283203 0.295898 0.291016 0.282227 0.287109 0.260742 0.262695 0.251953 0.259766 0.244141 0.268555 0.232422 0.264648 0.231445 0.253906 0.224609 0.253906 0.224609 0.245117 0.222656 0.236328 0.211914 0.230469 0.203125 0.223633 0.208008 0.224609 0.217773 0.232422 0.226562
0 0.225586 0.328125 0.225586 0.339844 0.21582 0.345703 0.21875 0.358398 0.231445 0.354492 0.237305 0.365234 0.233398 0.383789 0.249023 0.375977 0.259766 0.389648 0.275391 0.397461 0.28125 0.381836 0.290039 0.386719 0.292969 0.374023 0.280273 0.358398 0.28418 0.349609 0.277344 0.327148 0.269531 0.333008 0.269531 0.333008 0.268555 0.322266 0.256836 0.324219 0.251953 0.338867 0.236328 0.329102
1 0.0986328 0.363281 0.0996094 0.37207 0.104492 0.378906 0.113281 0.387695 0.123047 0.391602 0.109375 0.396484 0.119141 0.40332 0.130859 0.399414 0.135742 0.40918 0.144531 0.415039 0.145508 0.422852 0.155273 0.419922 0.15918 0.412109 0.167969 0.410156 0.183594 0.438477 0.188477 0.431641 0.18457 0.420898 0.186523 0.411133 0.173828 0.389648 0.173828 0.389648 0.18457 0.384766 0.202148 0.375977 0.173828 0.375 0.179688 0.354492 0.172852 0.355469 0.167969 0.366211 0.166992 0.349609 0.167969 0.339844 0.150391 0.331055 0.149414 0.325195 0.143555 0.322266 0.138672 0.327148 0.135742 0.320312 0.135742 0.320312 0.12793 0.323242 0.116211 0.3125 0.109375 0.31543 0.115234 0.327148 0.0966797 0.329102 0.0966797 0.329102 0.100586 0.34082 0.0917969 0.345703 0.0947266 0.353516
0 0.208008 0.344727 0.210938 0.360352 0.210938 0.367188 0.192383 0.356445 0.198242 0.375977 0.175781 0.384766 0.195312 0.393555 0.180664 0.397461 0.197266 0.40625 0.180664 0.427734 0.197266 0.420898 0.191406 0.442383 0.205078 0.436523 0.208984 0.424805 0.21875 0.449219 0.229492 0.442383 0.231445 0.430664 0.239258 0.416992 0.251953 0.427734 0.239258 0.397461 0.257812 0.385742 0.251953 0.380859 0.234375 0.384766 0.231445 0.349609 0.224609 0.352539 0.223633 0.369141
0 0.258789 0.390625 0.249023 0.391602 0.240234 0.399414 0.251953 0.408203 0.241211 0.405273 0.24707 0.420898 0.256836 0.425781 0.254883 0.4375 0.264648 0.447266 0.28125 0.448242 0.291016 0.442383 0.299805 0.432617 0.321289 0.43457 0.322266 0.422852 0.30957 0.411133 0.297852 0.40625 0.301758 0.398438 0.304688 0.390625 0.289062 0.398438 0.290039 0.387695 0.282227 0.381836 0.274414 0.396484
0 0.24707 0.302734 0.251953 0.291016 0.259766 0.296875 0.275391 0.295898 0.276367 0.308594 0.273438 0.319336 0.269531 0.329102 0.250977 0.337891 0.246094 0.334961 0.246094 0.329102 0.223633 0.322266 0.233398 0.305664
0 0.301758 0.359375 0.302734 0.368164 0.300781 0.37207 0.291016 0.379883 0.290039 0.392578 0.297852 0.395508 0.295898 0.40625 0.303711 0.415039 0.319336 0.431641 0.337891 0.433594 0.341797 0.441406 0.354492 0.43457 0.369141 0.431641 0.374023 0.426758 0.37793 0.417969 0.374023 0.408203 0.352539 0.396484 0.375977 0.393555 0.375977 0.393555 0.365234 0.37793 0.362305 0.370117 0.362305 0.370117 0.355469 0.364258 0.34375 0.37207 0.345703 0.34668 0.336914 0.348633 0.335938 0.371094 0.332031 0.373047 0.328125 0.345703 0.313477 0.356445 0.31543 0.370117
0 0.375977 0.40918 0.386719 0.412109 0.381836 0.423828 0.390625 0.427734 0.398438 0.436523 0.416992 0.433594 0.431641 0.427734 0.430664 0.411133 0.418945 0.402344 0.433594 0.399414 0.44043 0.394531 0.430664 0.385742 0.420898 0.380859 0.392578 0.393555 0.388672 0.397461 0.375977 0.402344 0.371094 0.404297
1 0.553711 0.336914 0.551758 0.34668 0.558594 0.351562 0.53125 0.347656 0.532227 0.361328 0.541992 0.362305 0.529297 0.37207 0.536133 0.378906 0.525391 0.392578 0.532227 0.40918 0.545898 0.423828 0.572266 0.424805 0.580078 0.416016 0.580078 0.427734 0.587891 0.431641 0.614258 0.433594 0.633789 0.432617 0.646484 0.429688 0.646484 0.429688 0.649414 0.408203 0.634766 0.397461 0.62207 0.393555 0.612305 0.37793 0.634766 0.376953 0.616211 0.368164 0.602539 0.367188 0.623047 0.355469 0.62207 0.350586 0.613281 0.337891 0.594727 0.34082 0.594727 0.322266 0.594727 0.322266 0.586914 0.325195 0.585938 0.348633 0.575195 0.344727 0.5625 0.339844
0 0.636719 0.352539 0.619141 0.356445 0.62793 0.367188 0.618164 0.378906 0.633789 0.388672 0.628906 0.398438 0.654297 0.402344 0.666992 0.387695 0.68457 0.380859 0.667969 0.374023 0.669922 0.362305 0.660156 0.348633 0.646484 0.342773 0.632812 0.342773
0 0.506836 0.446289 0.501953 0.451172 0.498047 0.466797 0.504883 0.475586 0.506836 0.49707 0.526367 0.486328 0.555664 0.491211 0.558594 0.476562 0.578125 0.479492 0.583984 0.47168 0.569336 0.453125 0.564453 0.448242 0.578125 0.44043 0.578125 0.430664 0.56543 0.433594 0.555664 0.429688 0.541016 0.421875 0.541016 0.421875 0.533203 0.413086 0.521484 0.410156 0.509766 0.425781 0.513672 0.441406
0 0.375977 0.419922 0.375977 0.432617 0.383789 0.436523 0.370117 0.43457 0.360352 0.451172 0.375 0.455078 0.367188 0.470703 0.37793 0.483398 0.389648 0.490234 0.396484 0.477539 0.415039 0.480469 0.422852 0.474609 0.413086 0.463867 0.418945 0.450195 0.418945 0.450195 0.442383 0.430664 0.425781 0.431641 0.417969 0.427734 0.40918 0.431641 0.399414 0.424805 0.390625 0.429688
0 0.130859 0.1875 0.124023 0.201172 0.130859 0.206055 0.126953 0.220703 0.130859 0.234375 0.145508 0.249023 0.155273 0.248047 0.163086 0.243164 0.175781 0.234375 0.181641 0.22168 0.175781 0.213867 0.202148 0.194336 0.196289 0.189453 0.181641 0.196289 0.166992 0.180664 0.157227 0.182617 0.141602 0.178711
0 0 0.243164 0.0224609 0.25 0.0283203 0.266602 0.0341797 0.282227 0.0292969 0.294922 0.015625 0.304688 0.00683594 0.307617 0.00976562 0.321289 0 0.329102 0 0.329102
0 0.0849609 0.439453 0.0859375 0.451172 0.09375 0.450195 0.0966797 0.458008 0.103516 0.458008 0.123047 0.466797 0.131836 0.46875 0.140625 0.458984 0.138672 0.439453 0.169922 0.426758 0.165039 0.417969 0.138672 0.420898 0.139648 0.411133 0.12793 0.399414 0.117188 0.407227 0.108398 0.408203 0.0976562 0.408203 0.0771484 0.413086 0.0849609 0.423828
0 0.0429688 0.40332 0.0478516 0.416992 0.0478516 0.427734 0.0595703 0.424805 0.0693359 0.418945 0.0800781 0.421875 0.0800781 0.411133 0.0888672 0.40625 0.0947266 0.386719 0.0898438 0.37207 0.0732422 0.37793 0.0742188 0.367188 0.0654297 0.360352 0.0527344 0.373047 0.0410156 0.375977 0.0292969 0.378906 0.0292969 0.391602 0.0361328 0.394531
0 0 0.399414 0.00878906 0.405273 0.015625 0.393555 0.0263672 0.394531 0.0371094 0.391602 0.0478516 0.40625 0.0585938 0.429688 0.0576172 0.443359 0.0507812 0.456055 0.0341797 0.458008 0.0244141 0.46582 0.00878906 0.464844 0 0.456055
0 0.0957031 0.458984 0.0869141 0.460938 0.0664062 0.47168 0.0722656 0.477539 0.0673828 0.485352 0.0878906 0.485352 0.078125 0.49707 0.0927734 0.499023 0.102539 0.492188 0.102539 0.507812 0.117188 0.494141 0.112305 0.522461 0.129883 0.516602 0.132812 0.504883 0.146484 0.504883 0.166992 0.50293 0.168945 0.476562 0.155273 0.46875 0.145508 0.463867 0.166016 0.449219 0.149414 0.451172 0.141602 0.458008 0.131836 0.467773 0.107422 0.458984
0 0.210938 0.460938 0.220703 0.461914 0.229492 0.473633 0.253906 0.483398 0.270508 0.476562 0.279297 0.463867 0.271484 0.449219 0.260742 0.427734 0.245117 0.416992 0.229492 0.420898 0.21875 0.428711 0.208008 0.4375 0.203125 0.448242
0 0.0361328 0.457031 0.0527344 0.463867 0.0576172 0.477539 0.0585938 0.491211 0.0380859 0.500977 0.0214844 0.506836 0.0126953 0.503906 0.00585938 0.509766 0 0.505859 0 0.454102
0 0.0136719 0.506836 0.0078125 0.514648 0.0107422 0.53125 0.0253906 0.52832 0.0400391 0.541016 0.046875 0.544922 0.0537109 0.537109 0.0556641 0.525391 0.0615234 0.541992 0.0683594 0.540039 0.0742188 0.533203 0.0595703 0.501953 0.0722656 0.506836 0.0839844 0.511719 0.0859375 0.494141 0.0761719 0.488281 0.0673828 0.491211 0.0683594 0.479492 0.0585938 0.484375
0 0.0185547 0.548828 0.0175781 0.55957 0 0.555664 0 0.569336 0.00585938 0.572266 0.0117188 0.577148 0.00878906 0.587891 0.0146484 0.588867 0.0136719 0.598633 0.0214844 0.598633 0.0175781 0.612305 0.0341797 0.601562 0.0429688 0.597656 0.0546875 0.620117 0.0576172 0.595703 0.0722656 0.604492 0.0722656 0.595703 0.078125 0.59082 0.0703125 0.576172 0.0634766 0.569336 0.0722656 0.561523 0.0605469 0.553711 0.0556641 0.545898 0.0419922 0.544922 0.0351562 0.537109 0.0332031 0.547852 0.0283203 0.537109 0.0244141 0.541016 0.0273438 0.556641
0 0.0927734 0.572266 0.0898438 0.578125 0.0761719 0.582031 0.0830078 0.59082 0.0751953 0.591797 0.0742188 0.59668 0.078125 0.602539 0.0664062 0.606445 0.0722656 0.612305 0.0849609 0.609375 0.0898438 0.616211 0.09375 0.626953 0.101562 0.624023 0.102539 0.628906 0.110352 0.630859 0.115234 0.625 0.119141 0.62207 0.125 0.62207 0.128906 0.614258 0.137695 0.610352 0.137695 0.610352 0.132812 0.607422 0.132812 0.607422 0.139648 0.604492 0.131836 0.599609 0.12793 0.591797 0.123047 0.59375 0.125977 0.587891 0.133789 0.586914 0.130859 0.577148 0.130859 0.577148 0.126953 0.576172 0.126953 0.560547 0.123047 0.561523 0.114258 0.575195 0.109375 0.574219 0.102539 0.575195
0 0.143555 0.557617 0.133789 0.5625 0.143555 0.573242 0.144531 0.585938 0.134766 0.599609 0.137695 0.608398 0.15332 0.625 0.165039 0.623047 0.168945 0.621094 0.172852 0.632812 0.181641 0.629883 0.191406 0.633789 0.209961 0.628906 0.223633 0.635742 0.222656 0.626953 0.21875 0.624023 0.217773 0.615234 0.222656 0.607422 0.222656 0.595703 0.223633 0.585938 0.228516 0.578125 0.222656 0.570312 0.209961 0.570312 0.230469 0.541992 0.230469 0.541992 0.216797 0.540039 0.202148 0.553711 0.206055 0.539062 0.196289 0.538086 0.185547 0.553711 0.177734 0.53418 0.171875 0.536133 0.170898 0.558594 0.158203 0.541992 0.15332 0.552734 0.164062 0.570312
0 0.233398 0.56543 0.230469 0.578125 0.240234 0.582031 0.248047 0.585938 0.258789 0.589844 0.263672 0.597656 0.274414 0.59375 0.285156 0.586914 0.283203 0.578125 0.27832 0.56543 0.297852 0.567383 0.300781 0.563477 0.293945 0.557617 0.27832 0.551758 0.290039 0.53418 0.285156 0.52832 0.273438 0.53125 0.263672 0.53125 0.25293 0.52832 0.248047 0.533203 0.236328 0.532227 0.236328 0.543945 0.233398 0.549805 0.230469 0.557617
0 0.513672 0.166992 0.510742 0.174805 0.500977 0.183594 0.522461 0.206055 0.538086 0.211914 0.552734 0.208008 0.566406 0.205078 0.585938 0.207031 0.576172 0.178711 0.600586 0.185547 0.602539 0.170898 0.588867 0.163086 0.577148 0.164062 0.574219 0.15625 0.583008 0.147461 0.577148 0.132812 0.566406 0.129883 0.554688 0.128906 0.546875 0.138672
1 0.702148 0.0253906 0.694336 0.0390625 0.696289 0.0507812 0.705078 0.0488281 0.701172 0.0585938 0.711914 0.0546875 0.711914 0.0654297 0.71875 0.0644531 0.729492 0.0693359 0.720703 0.0878906 0.732422 0.0859375 0.727539 0.105469 0.74707 0.102539 0.756836 0.0986328 0.769531 0.0820312 0.779297 0.0771484 0.785156 0.0449219 0.776367 0.0322266 0.756836 0.03125 0.754883 0.0205078 0.745117 0.0195312 0.742188 0.0136719 0.733398 0.0078125 0.725586 0.00976562 0.714844 0.00488281 0.706055 0.00878906 0.702148 0.0166016
0 0.96582 0.0185547 0.958008 0.0234375 0.964844 0.03125 0.958008 0.0410156 0.969727 0.0498047 0.975586 0.0556641 0.981445 0.0693359 0.987305 0.0605469 0.988281 0.078125 1 0.0820312 1 0 0.977539 0 0.974609 0.00976562
0 0.908203 0.118164 0.900391 0.12207 0.900391 0.130859 0.888672 0.133789 0.881836 0.139648 0.886719 0.150391 0.90332 0.146484 0.90332 0.152344 0.898438 0.168945 0.923828 0.1875 0.935547 0.183594 0.947266 0.171875 0.951172 0.18457 0.973633 0.165039 0.96875 0.15332 0.952148 0.123047 0.924805 0.114258 0.920898 0.115234 0.924805 0.138672
0 0.693359 0.370117 0.688477 0.381836 0.679688 0.387695 0.6875 0.390625 0.672852 0.395508 0.686523 0.402344 0.679688 0.422852 0.6875 0.425781 0.694336 0.416016 0.700195 0.416992 0.705078 0.430664 0.714844 0.430664 0.719727 0.424805 0.719727 0.424805 0.733398 0.422852 0.737305 0.412109 0.732422 0.40332 0.739258 0.391602 0.745117 0.37207 0.731445 0.364258 0.731445 0.364258 0.714844 0.370117 0.710938 0.37793
0 0.682617 0.300781 0.685547 0.3125 0.667969 0.316406 0.676758 0.333008 0.685547 0.333984 0.69043 0.356445 0.700195 0.341797 0.697266 0.371094 0.712891 0.368164 0.71875 0.373047 0.727539 0.371094 0.74707 0.375977 0.757812 0.330078 0.753906 0.31543 0.757812 0.303711 0.75293 0.291016 0.736328 0.292969 0.728516 0.290039 0.714844 0.298828 0.711914 0.302734 0.706055 0.292969 0.698242 0.295898
0 0.587891 0.393555 0.583984 0.410156 0.592773 0.429688 0.592773 0.429688 0.607422 0.430664 0.632812 0.429688 0.633789 0.429688 0.654297 0.420898 0.65332 0.393555 0.638672 0.384766 0.619141 0.376953 0.619141 0.37793 0.607422 0.383789
0 0.689453 0.546875 0.685547 0.555664 0.6875 0.570312 0.665039 0.570312 0.677734 0.578125 0.663086 0.588867 0.671875 0.592773 0.676758 0.598633 0.666016 0.611328 0.682617 0.607422 0.677734 0.621094 0.693359 0.618164 0.696289 0.634766 0.730469 0.629883 0.745117 0.62207 0.754883 0.612305 0.739258 0.597656 0.71875 0.589844 0.744141 0.566406 0.732422 0.566406 0.722656 0.549805 0.713867 0.548828 0.706055 0.542969
0 0.80957 0.595703 0.805664 0.604492 0.807617 0.611328 0.800781 0.617188 0.799805 0.629883 0.810547 0.62793 0.804688 0.636719 0.825195 0.649414 0.850586 0.648438 0.864258 0.639648 0.876953 0.623047 0.876953 0.606445 0.876953 0.594727 0.860352 0.591797 0.869141 0.583008 0.870117 0.572266 0.853516 0.572266
1 0.728516 0.493164 0.722656 0.50293 0.720703 0.516602 0.709961 0.526367 0.711914 0.532227 0.712891 0.546875 0.735352 0.578125 0.745117 0.582031 0.756836 0.583008 0.771484 0.583008 0.78418 0.580078 0.793945 0.570312 0.797852 0.554688 0.78418 0.544922 0.806641 0.544922 0.817383 0.539062 0.821289 0.533203 0.822266 0.512695 0.80957 0.500977 0.801758 0.498047 0.801758 0.490234 0.792969 0.487305 0.783203 0.488281 0.766602 0.485352 0.75293 0.485352 0.743164 0.488281
0 0.847656 0.523438 0.833008 0.524414 0.84668 0.535156 0.835938 0.541992 0.842773 0.545898 0.836914 0.561523 0.849609 0.55957 0.854492 0.569336 0.861328 0.556641 0.870117 0.568359 0.878906 0.555664 0.887695 0.5625 0.896484 0.554688 0.897461 0.548828 0.894531 0.540039 0.891602 0.521484 0.889648 0.519531 0.888672 0.510742 0.875977 0.518555 0.874023 0.505859 0.869141 0.516602 0.865234 0.505859 0.858398 0.512695
0 0.838867 0.475586 0.830078 0.482422 0.826172 0.493164 0.823242 0.506836 0.824219 0.516602 0.830078 0.527344 0.844727 0.523438 0.896484 0.520508 0.90625 0.524414 0.913086 0.505859 0.920898 0.488281 0.913086 0.478516 0.908203 0.474609 0.910156 0.467773 0.898438 0.458008 0.882812 0.462891 0.869141 0.466797 0.860352 0.463867 0.847656 0.46582 0.842773 0.46582
0 0.805664 0.450195 0.790039 0.458984 0.796875 0.46875 0.805664 0.470703 0.802734 0.493164 0.814453 0.494141 0.822266 0.500977 0.832031 0.489258 0.84668 0.491211 0.868164 0.46875 0.87793 0.463867 0.87793 0.454102 0.87793 0.454102 0.856445 0.452148 0.849609 0.43457 0.841797 0.424805 0.823242 0.422852 0.801758 0.428711
0 0.739258 0.411133 0.734375 0.416992 0.736328 0.432617 0.742188 0.441406 0.734375 0.457031 0.742188 0.460938 0.753906 0.462891 0.763672 0.46582 0.770508 0.460938 0.774414 0.47168 0.783203 0.467773 0.788086 0.458984 0.796875 0.452148 0.792969 0.445312 0.78418 0.431641 0.792969 0.422852 0.782227 0.401367 0.792969 0.394531 0.792969 0.394531 0.78418 0.384766 0.770508 0.389648 0.758789 0.415039 0.746094 0.408203
0 0.600586 0.46875 0.588867 0.476562 0.594727 0.482422 0.594727 0.492188 0.59668 0.5 0.612305 0.500977 0.632812 0.518555 0.652344 0.499023 0.651367 0.485352 0.669922 0.481445 0.673828 0.469727 0.657227 0.463867 0.657227 0.463867 0.635742 0.46582 0.632812 0.459961 0.632812 0.459961 0.614258 0.467773
0 0.810547 0.552734 0.791992 0.554688 0.794922 0.5625 0.789062 0.568359 0.808594 0.571289 0.779297 0.587891 0.801758 0.588867 0.792969 0.600586 0.799805 0.619141 0.805664 0.608398 0.859375 0.573242 0.859375 0.56543 0.838867 0.520508 0.833008 0.535156 0.833008 0.544922 0.823242 0.547852 0.814453 0.543945
0 0.691406 0.625977 0.682617 0.632812 0.68457 0.651367 0.677734 0.661133 0.682617 0.678711 0.700195 0.672852 0.710938 0.673828 0.730469 0.686523 0.730469 0.666016 0.74707 0.677734 0.773438 0.679688 0.769531 0.660156 0.770508 0.635742 0.765625 0.620117 0.756836 0.621094 0.742188 0.62207
0 0.68457 0.453125 0.671875 0.458008 0.673828 0.463867 0.68457 0.466797 0.678711 0.481445 0.691406 0.491211 0.701172 0.492188 0.714844 0.485352 0.720703 0.472656 0.711914 0.461914 0.724609 0.458984 0.723633 0.444336 0.706055 0.44043 0.706055 0.44043 0.692383 0.448242 0.685547 0.448242
0 0.678711 0.473633 0.671875 0.477539 0.664062 0.485352 0.663086 0.49707 0.668945 0.506836 0.680664 0.513672 0.688477 0.513672 0.701172 0.509766 0.706055 0.504883 0.705078 0.494141 0.701172 0.491211
0 0.642578 0.509766 0.640625 0.520508 0.634766 0.529297 0.642578 0.539062 0.657227 0.549805 0.668945 0.554688 0.665039 0.541016 0.678711 0.558594 0.694336 0.544922 0.705078 0.537109 0.697266 0.520508 0.69043 0.514648 0.661133 0.493164 0.652344 0.494141
0 0.460938 0.479492 0.459961 0.504883 0.461914 0.514648 0.472656 0.522461 0.486328 0.523438 0.505859 0.506836 0.505859 0.492188 0.499023 0.485352 0.490234 0.477539 0.480469 0.474609 0.47168 0.47168
0 0.486328 0.532227 0.489258 0.541992 0.492188 0.551758 0.491211 0.561523 0.492188 0.573242 0.500977 0.572266 0.513672 0.569336 0.527344 0.560547 0.53125 0.557617 0.533203 0.545898 0.526367 0.537109 0.524414 0.526367 0.521484 0.509766 0.505859 0.505859 0.489258 0.516602
0 0.125 0.652344 0.124023 0.658203 0.124023 0.668945 0.105469 0.675781 0.106445 0.678711 0.123047 0.686523 0.116211 0.703125 0.126953 0.699219 0.129883 0.711914 0.144531 0.712891 0.151367 0.710938 0.15332 0.704102 0.157227 0.701172 0.158203 0.694336 0.169922 0.698242 0.169922 0.681641 0.158203 0.673828 0.177734 0.665039 0.167969 0.655273 0.160156 0.649414 0.15332 0.650391 0.144531 0.662109 0.133789 0.643555 0.126953 0.646484
0 0.143555 0.712891 0.145508 0.717773 0.146484 0.725586 0.148438 0.732422 0.157227 0.739258 0.164062 0.740234 0.168945 0.75 0.175781 0.74707 0.176758 0.740234 0.185547 0.739258 0.189453 0.734375 0.189453 0.724609 0.189453 0.709961 0.182617 0.708008 0.175781 0.706055 0.170898 0.703125 0.170898 0.697266 0.161133 0.696289 0.157227 0.700195 0.157227 0.709961 0.148438 0.711914
0 0.0214844 0.702148 0.0244141 0.712891 0.0107422 0.719727 0.0175781 0.724609 0.0234375 0.728516 0.0273438 0.741211 0.0429688 0.744141 0.0654297 0.734375 0.0693359 0.713867 0.0673828 0.708984 0.0537109 0.708984 0.0732422 0.692383 0.0664062 0.691406 0.0585938 0.695312 0.0537109 0.696289 0.0595703 0.685547 0.0527344 0.685547
0 0.015625 0.738281 0 0.750977 0 0.756836 0.015625 0.753906 0.0078125 0.762695 0.00976562 0.767578 0.00683594 0.775391 0.0117188 0.77832 0.0253906 0.771484 0.015625 0.788086 0.0234375 0.787109 0.0371094 0.78125 0.0410156 0.800781 0.0488281 0.794922 0.0556641 0.779297 0.0683594 0.791016 0.0849609 0.75293 0.0605469 0.744141 0.0947266 0.742188 0.0830078 0.735352 0.0703125 0.732422 0.0791016 0.71875 0.0703125 0.71875 0.0117188 0.717773 0.0117188 0.717773 0 0.713867 0 0.72168
0 0.103516 0.74707 0.110352 0.753906 0.123047 0.761719 0.126953 0.773438 0.125 0.785156 0.119141 0.790039 0.107422 0.78418 0.103516 0.791992 0.100586 0.799805 0.0898438 0.798828 0.0771484 0.790039 0.0644531 0.787109 0.0732422 0.767578 0.0820312 0.753906 0.0888672 0.753906 0.0927734 0.750977 0.0976562 0.741211 0.101562 0.743164
0 0.0126953 0.648438 0.0263672 0.648438 0.0351562 0.662109 0.046875 0.667969 0.0498047 0.676758 0.0488281 0.69043 0.0410156 0.698242 0.0410156 0.698242 0.0302734 0.704102 0.0214844 0.705078 0.00195312 0.702148 0.00292969 0.702148 0 0.655273
0 0.0117188 0.632812 0.00683594 0.623047 0.00683594 0.623047 0.0146484 0.618164 0.0273438 0.617188 0.0371094 0.617188 0.0507812 0.619141 0.0673828 0.632812 0.0673828 0.633789 0.078125 0.642578 0.0683594 0.657227 0.0585938 0.664062 0.0458984 0.667969 0.0361328 0.670898 0.0214844 0.670898 0.00976562 0.657227 0.00195312 0.641602
0 0.0722656 0.661133 0.0830078 0.685547 0.0830078 0.686523 0.0917969 0.691406 0.0927734 0.691406 0.100586 0.692383 0.118164 0.682617 0.126953 0.669922 0.137695 0.658203 0.133789 0.645508 0.128906 0.635742 0.113281 0.631836 0.0986328 0.630859 0.0820312 0.635742 0.0751953 0.65332
0 0.322266 0.722656 0.3125 0.725586 0.304688 0.726562 0.294922 0.729492 0.297852 0.741211 0.307617 0.748047 0.293945 0.755859 0.321289 0.761719 0.330078 0.780273 0.342773 0.782227 0.353516 0.774414 0.358398 0.775391 0.378906 0.762695 0.370117 0.750977 0.376953 0.748047 0.375977 0.729492 0.370117 0.717773 0.362305 0.710938 0.349609 0.703125 0.334961 0.704102 0.334961 0.704102 0.331055 0.709961 0.324219 0.714844
0 0.350586 0.773438 0.349609 0.783203 0.347656 0.793945 0.336914 0.801758 0.339844 0.806641 0.351562 0.804688 0.344727 0.818359 0.355469 0.818359 0.348633 0.834961 0.352539 0.84082 0.357422 0.833984 0.366211 0.823242 0.367188 0.837891 0.375 0.834961 0.376953 0.824219 0.381836 0.819336 0.383789 0.811523 0.399414 0.813477 0.420898 0.818359 0.412109 0.796875 0.400391 0.788086 0.400391 0.753906 0.392578 0.746094 0.383789 0.746094 0.381836 0.762695 0.381836 0.762695
0 0.433594 0.761719 0.430664 0.764648 0.438477 0.774414 0.431641 0.785156 0.435547 0.801758 0.44043 0.811523 0.450195 0.81543 0.460938 0.810547 0.473633 0.798828 0.480469 0.791016 0.479492 0.77832 0.476562 0.769531 0.482422 0.760742 0.481445 0.75293 0.475586 0.748047 0.469727 0.739258 0.459961 0.739258 0.456055 0.745117 0.455078 0.757812 0.452148 0.75293 0.441406 0.755859
0 0.257812 0.850586 0.249023 0.858398 0.251953 0.869141 0.264648 0.875 0.263672 0.887695 0.274414 0.897461 0.283203 0.897461 0.290039 0.892578 0.301758 0.887695 0.313477 0.886719 0.318359 0.882812 0.322266 0.87793 0.320312 0.871094 0.310547 0.862305 0.308594 0.853516 0.304688 0.850586 0.328125 0.830078 0.320312 0.819336 0.298828 0.818359 0.288086 0.825195 0.27832 0.830078 0.272461 0.835938 0.272461 0.835938 0.262695 0.837891 0.262695 0.837891
0 0.243164 0.853516 0.253906 0.852539 0.262695 0.850586 0.272461 0.832031 0.269531 0.826172 0.262695 0.818359 0.249023 0.819336 0.262695 0.806641 0.244141 0.789062 0.231445 0.791992 0.219727 0.790039 0.210938 0.794922 0.207031 0.798828 0.202148 0.797852 0.200195 0.811523 0.194336 0.818359 0.186523 0.826172 0.186523 0.837891 0.196289 0.837891 0.196289 0.84668 0.202148 0.844727 0.203125 0.848633 0.208984 0.848633 0.203125 0.864258 0.210938 0.864258 0.220703 0.84668 0.217773 0.861328 0.220703 0.860352 0.231445 0.860352 0.239258 0.855469
0 0.139648 0.785156 0.130859 0.796875 0.136719 0.801758 0.137695 0.806641 0.142578 0.810547 0.146484 0.814453 0.140625 0.830078 0.148438 0.833984 0.164062 0.823242 0.173828 0.834961 0.192383 0.820312 0.18457 0.816406 0.202148 0.811523 0.204102 0.797852 0.204102 0.777344 0.192383 0.751953 0.178711 0.739258 0.157227 0.748047 0.137695 0.768555
0 0.0673828 0.794922 0.0625 0.803711 0.0488281 0.804688 0.0458984 0.817383 0.0419922 0.824219 0.0449219 0.833008 0.0478516 0.84082 0.0546875 0.850586 0.0654297 0.853516 0.0703125 0.858398 0.0830078 0.858398 0.0927734 0.850586 0.0966797 0.84082 0.112305 0.834961 0.108398 0.828125 0.105469 0.817383 0.102539 0.806641 0.0986328 0.801758 0.0830078 0.804688 0.078125 0.792969
1 0.120117 0.820312 0.129883 0.837891 0.110352 0.834961 0.0947266 0.839844 0.0957031 0.848633 0.0839844 0.850586 0.0771484 0.859375 0.0820312 0.868164 0.0849609 0.878906 0.0908203 0.885742 0.103516 0.898438 0.119141 0.892578 0.124023 0.880859 0.142578 0.880859 0.151367 0.883789 0.155273 0.867188 0.169922 0.865234 0.169922 0.855469 0.161133 0.844727 0.161133 0.836914 0.161133 0.836914 0.154297 0.830078 0.142578 0.827148 0.138672 0.826172 0.12793 0.820312
0 0.119141 0.90625 0.121094 0.922852 0.108398 0.923828 0.110352 0.932617 0.114258 0.938477 0.108398 0.953125 0.118164 0.953125 0.124023 0.947266 0.12207 0.962891 0.131836 0.954102 0.140625 0.964844 0.148438 0.96875 0.150391 0.958008 0.148438 0.949219 0.158203 0.948242 0.165039 0.942383 0.169922 0.941406 0.174805 0.933594 0.166016 0.929688 0.160156 0.929688 0.163086 0.918945 0.165039 0.90918 0.165039 0.90918 0.154297 0.908203 0.148438 0.895508 0.142578 0.902344 0.141602 0.913086 0.129883 0.90918 0.125977 0.90625
0 0.18457 0.878906 0.189453 0.889648 0.174805 0.90625 0.181641 0.913086 0.185547 0.915039 0.18457 0.924805 0.189453 0.932617 0.199219 0.932617 0.206055 0.929688 0.208984 0.936523 0.224609 0.933594 0.232422 0.930664 0.237305 0.916016 0.238281 0.90332 0.245117 0.893555 0.241211 0.878906 0.232422 0.874023 0.225586 0.873047 0.21875 0.87793 0.214844 0.865234 0.214844 0.865234 0.205078 0.866211 0.205078 0.866211 0.198242 0.867188 0.191406 0.873047
0 0.296875 0.929688 0.304688 0.9375 0.314453 0.946289 0.316406 0.951172 0.306641 0.963867 0.313477 0.96875 0.328125 0.967773 0.333008 0.976562 0.345703 0.973633 0.341797 0.969727 0.342773 0.963867 0.350586 0.96875 0.359375 0.978516 0.359375 0.966797 0.341797 0.952148 0.355469 0.946289 0.357422 0.93457 0.348633 0.929688 0.337891 0.922852 0.330078 0.920898 0.330078 0.920898 0.322266 0.920898 0.321289 0.929688 0.308594 0.929688
0 0.0615234 0.902344 0.0546875 0.908203 0.0595703 0.912109 0.0595703 0.925781 0.0683594 0.922852 0.0654297 0.932617 0.0810547 0.926758 0.0878906 0.924805 0.100586 0.935547 0.108398 0.929688 0.109375 0.916016 0.105469 0.910156 0.110352 0.901367 0.0976562 0.884766 0.0878906 0.876953 0.0800781 0.875 0.0712891 0.880859 0.0722656 0.884766 0.0693359 0.889648 0.0625 0.892578 0.0625 0.892578
0 0.0234375 0.871094 0.0214844 0.87793 0.0283203 0.885742 0.0185547 0.883789 0.0126953 0.885742 0.0146484 0.890625 0.0136719 0.895508 0.0126953 0.902344 0.00488281 0.914062 0.0166016 0.916992 0.0224609 0.915039 0.0234375 0.919922 0.03125 0.922852 0.0537109 0.922852 0.0566406 0.914062 0.0673828 0.898438 0.0673828 0.879883 0.0673828 0.869141 0.0625 0.864258 0.0566406 0.861328 0.0566406 0.861328 0.0507812 0.863281 0.0429688 0.859375 0.0429688 0.859375 0.0390625 0.864258 0.0380859 0.873047 0.0302734 0.869141
0 0 0.921875 0 0.972656 0.00585938 0.96875 0.00683594 0.980469 0.0146484 0.984375 0.0214844 0.973633 0.0332031 0.969727 0.0380859 0.961914 0.0546875 0.941406 0.0556641 0.928711 0.0449219 0.933594 0.0439453 0.922852 0.0253906 0.913086 0.00683594 0.914062
0 0.0703125 0.949219 0.0771484 0.941406 0.0849609 0.938477 0.0986328 0.941406 0.0908203 0.947266 0.0820312 0.949219 0.0810547 0.956055 0.0986328 0.956055 0.078125 0.972656 0.105469 0.985352 0.100586 0.990234 0.0917969 0.986328 0.0869141 0.987305 0.0859375 0.993164 0.0800781 1 0.0595703 1 0.0576172 0.995117 0.0283203 0.992188 0.0292969 0.986328 0.0371094 0.985352 0.0292969 0.977539 0.0351562 0.973633 0.0351562 0.962891 0.0498047 0.944336 0.0634766 0.944336 0.0693359 0.941406
0 0.126953 0.972656 0.118164 0.974609 0.113281 0.983398 0.115234 0.992188 0.116211 0.99707 0.117188 1 0.169922 1 0.175781 0.994141 0.166992 0.990234 0.181641 0.978516 0.174805 0.974609 0.161133 0.979492 0.158203 0.959961 0.149414 0.956055 0.145508 0.966797 0.139648 0.978516 0.132812 0.975586
0 0.203125 0.949219 0.219727 0.963867 0.211914 0.97168 0.213867 0.976562 0.22168 0.978516 0.230469 0.988281 0.245117 0.982422 0.25293 0.979492 0.259766 0.979492 0.268555 0.969727 0.258789 0.96582 0.255859 0.959961 0.274414 0.948242 0.256836 0.931641 0.237305 0.923828 0.232422 0.935547 0.229492 0.945312 0.210938 0.94043 0.204102 0.942383
0 0.276367 0.958008 0.276367 0.975586 0.289062 0.973633 0.299805 0.983398 0.299805 0.983398 0.31543 0.993164 0.308594 1 0.308594 1 0.231445 1 0.237305 0.989258 0.235352 0.981445 0.245117 0.969727 0.256836 0.976562 0.267578 0.964844
0 0.166992 0.958008 0.174805 0.953125 0.181641 0.956055 0.188477 0.966797 0.194336 0.975586 0.194336 0.951172 0.206055 0.950195 0.236328 0.984375 0.233398 0.988281 0.22168 1 0.167969 1 0.167969 0.974609 0.180664 0.981445 0.179688 0.964844 0.170898 0.96582 0.170898 0.96582
0 0.291992 0.655273 0.301758 0.65918 0.302734 0.683594 0.313477 0.6875 0.320312 0.685547 0.335938 0.695312 0.345703 0.695312 0.34375 0.670898 0.360352 0.668945 0.358398 0.655273 0.351562 0.654297 0.345703 0.644531 0.339844 0.639648 0.329102 0.639648 0.314453 0.638672 0.295898 0.639648 0.299805 0.648438
1 0.412109 0.552734 0.412109 0.568359 0.391602 0.567383 0.391602 0.575195 0.401367 0.583984 0.40625 0.584961 0.396484 0.595703 0.397461 0.609375 0.387695 0.615234 0.387695 0.615234 0.383789 0.623047 0.384766 0.635742 0.394531 0.651367 0.381836 0.651367 0.37793 0.666992 0.379883 0.688477 0.395508 0.688477 0.395508 0.688477 0.40625 0.683594 0.419922 0.692383 0.431641 0.697266 0.455078 0.696289 0.470703 0.699219 0.489258 0.699219 0.498047 0.69043 0.501953 0.680664 0.520508 0.674805 0.524414 0.667969 0.53125 0.655273 0.535156 0.639648 0.529297 0.628906 0.529297 0.629883 0.520508 0.624023 0.518555 0.618164 0.508789 0.612305 0.505859 0.59668 0.50293 0.587891 0.50293 0.587891 0.491211 0.579102 0.480469 0.572266 0.47168 0.572266 0.459961 0.56543 0.448242 0.568359 0.4375 0.552734 0.426758 0.547852 0.414062 0.540039
0 0.519531 0.614258 0.524414 0.620117 0.53418 0.621094 0.541016 0.615234 0.544922 0.606445 0.558594 0.601562 0.557617 0.587891 0.551758 0.581055 0.543945 0.571289 0.532227 0.568359 0.522461 0.570312 0.514648 0.577148 0.510742 0.586914 0.512695 0.601562
1 0.295898 0.483398 0.300781 0.49707 0.314453 0.509766 0.331055 0.520508 0.330078 0.53418 0.336914 0.553711 0.350586 0.572266 0.361328 0.573242 0.362305 0.5625 0.359375 0.550781 0.37207 0.546875 0.375 0.535156 0.349609 0.52832 0.380859 0.525391 0.381836 0.511719 0.388672 0.513672 0.397461 0.513672 0.398438 0.506836 0.402344 0.494141 0.416016 0.501953 0.424805 0.500977 0.441406 0.505859 0.446289 0.511719 0.453125 0.498047 0.460938 0.494141 0.472656 0.466797 0.458008 0.455078 0.453125 0.451172 0.44043 0.447266 0.426758 0.453125 0.415039 0.456055 0.404297 0.455078 0.384766 0.454102 0.37207 0.446289 0.369141 0.436523 0.360352 0.429688 0.339844 0.43457 0.329102 0.432617 0.300781 0.430664 0.290039 0.44043 0.298828 0.451172 0.296875 0.459961 0.288086 0.464844 0.288086 0.476562
0 0.928711 0.555664 0.938477 0.561523 0.944336 0.566406 0.944336 0.571289 0.939453 0.578125 0.944336 0.583984 0.946289 0.589844 0.957031 0.588867 0.960938 0.583984 0.981445 0.583984 1 0.579102 0.999023 0.564453 0.992188 0.5625 0.992188 0.552734 1 0.547852 1 0.525391 0.986328 0.521484 0.980469 0.526367 0.973633 0.52832 0.959961 0.522461 0.948242 0.513672 0.945312 0.525391 0.943359 0.536133 0.933594 0.539062 0.928711 0.545898
0 0.908203 0.601562 0.888672 0.602539 0.886719 0.615234 0.875977 0.625 0.875 0.635742 0.883789 0.634766 0.875 0.642578 0.882812 0.65918 0.895508 0.661133 0.901367 0.649414 0.90332 0.664062 0.919922 0.668945 0.931641 0.666016 0.9375 0.660156 0.942383 0.646484 0.94043 0.628906 0.933594 0.612305 0.925781 0.617188 0.927734 0.605469 0.919922 0.599609 0.914062 0.607422 0.914062 0.614258 0.910156 0.606445
0 0.955078 0.722656 0.948242 0.729492 0.952148 0.736328 0.942383 0.739258 0.942383 0.753906 0.946289 0.767578 0.955078 0.771484 0.960938 0.77832 0.978516 0.78125 0.978516 0.771484 0.989258 0.767578 1 0.770508 1 0.753906 0.993164 0.75 1 0.745117 1 0.733398 0.994141 0.725586 0.984375 0.724609 0.979492 0.707031 0.97168 0.709961 0.962891 0.725586
0 0.958984 0.806641 0.957031 0.8125 0.951172 0.816406 0.950195 0.823242 0.954102 0.829102 0.959961 0.837891 0.966797 0.842773 0.969727 0.861328 0.977539 0.84668 0.988281 0.861328 1 0.84668 1 0.793945 0.993164 0.792969 0.991211 0.78125 0.981445 0.77832 0.981445 0.77832 0.974609 0.78125 0.960938 0.785156 0.956055 0.791992
0 0.811523 0.671875 0.795898 0.678711 0.796875 0.69043 0.804688 0.69043 0.795898 0.701172 0.799805 0.711914 0.81543 0.709961 0.825195 0.712891 0.827148 0.724609 0.838867 0.723633 0.847656 0.723633 0.857422 0.710938 0.858398 0.697266 0.861328 0.685547 0.855469 0.672852 0.848633 0.667969 0.84375 0.660156 0.832031 0.661133 0.824219 0.667969 0.827148 0.677734 0.818359 0.670898
0 0.860352 0.671875 0.873047 0.674805 0.884766 0.663086 0.896484 0.668945 0.899414 0.676758 0.902344 0.680664 0.902344 0.689453 0.895508 0.697266 0.902344 0.713867 0.895508 0.71875 0.891602 0.719727 0.883789 0.728516 0.874023 0.728516 0.871094 0.71875 0.864258 0.728516 0.857422 0.729492 0.855469 0.72168 0.845703 0.720703 0.847656 0.709961 0.855469 0.704102 0.849609 0.701172 0.849609 0.701172 0.845703 0.693359 0.851562 0.688477 0.859375 0.689453 0.859375 0.689453 0.852539 0.678711
1 0.700195 0.68457 0.695312 0.681641 0.670898 0.686523 0.676758 0.692383 0.674805 0.704102 0.689453 0.708008 0.683594 0.71875 0.681641 0.728516 0.6875 0.727539 0.693359 0.730469 0.696289 0.743164 0.694336 0.75293 0.691406 0.759766 0.699219 0.763672 0.699219 0.774414 0.704102 0.77832 0.709961 0.77832 0.728516 0.759766 0.731445 0.749023 0.74707 0.75293 0.742188 0.744141 0.743164 0.738281 0.750977 0.744141 0.754883 0.734375 0.751953 0.728516 0.751953 0.728516 0.750977 0.713867 0.750977 0.713867 0.753906 0.692383 0.737305 0.678711 0.737305 0.678711 0.729492 0.676758 0.714844 0.671875 0.704102 0.669922 0.699219 0.672852
0 0.640625 0.745117 0.637695 0.74707 0.638672 0.750977 0.635742 0.755859 0.635742 0.762695 0.626953 0.771484 0.630859 0.791992 0.639648 0.787109 0.649414 0.787109 0.65625 0.782227 0.663086 0.777344 0.676758 0.773438 0.671875 0.762695 0.665039 0.758789 0.69043 0.757812 0.686523 0.751953 0.676758 0.75 0.669922 0.742188 0.657227 0.742188 0.649414 0.743164
0 0.702148 0.797852 0.705078 0.814453 0.68457 0.81543 0.681641 0.823242 0.686523 0.830078 0.695312 0.831055 0.68457 0.834961 0.699219 0.841797 0.689453 0.856445 0.696289 0.855469 0.701172 0.850586 0.699219 0.861328 0.701172 0.865234 0.708984 0.866211 0.71875 0.861328 0.719727 0.853516 0.723633 0.852539 0.728516 0.858398 0.728516 0.858398 0.729492 0.862305 0.738281 0.861328 0.739258 0.853516 0.740234 0.837891 0.741211 0.826172 0.734375 0.810547 0.728516 0.805664 0.726562 0.807617 0.72168 0.802734 0.714844 0.805664 0.708984 0.799805
0 0.623047 0.829102 0.623047 0.837891 0.615234 0.838867 0.614258 0.842773 0.617188 0.857422 0.624023 0.865234 0.631836 0.870117 0.644531 0.880859 0.648438 0.889648 0.658203 0.890625 0.663086 0.882812 0.672852 0.889648 0.68457 0.875977 0.686523 0.852539 0.691406 0.842773 0.692383 0.829102 0.6875 0.819336 0.682617 0.816406 0.675781 0.808594 0.666992 0.800781 0.65625 0.801758 0.641602 0.804688 0.637695 0.821289 0.62793 0.826172
0 0.850586 0.764648 0.854492 0.775391 0.854492 0.782227 0.841797 0.791992 0.835938 0.804688 0.847656 0.804688 0.857422 0.808594 0.860352 0.816406 0.870117 0.804688 0.87207 0.822266 0.887695 0.813477 0.900391 0.808594 0.907227 0.803711 0.902344 0.791016 0.902344 0.782227 0.908203 0.775391 0.901367 0.770508 0.891602 0.773438 0.885742 0.774414 0.889648 0.75 0.884766 0.75 0.878906 0.759766 0.869141 0.763672 0.867188 0.770508 0.857422 0.763672
0 0.910156 0.807617 0.913086 0.8125 0.917969 0.805664 0.924805 0.804688 0.924805 0.823242 0.932617 0.835938 0.923828 0.84082 0.922852 0.850586 0.919922 0.860352 0.910156 0.860352 0.900391 0.858398 0.892578 0.858398 0.888672 0.852539 0.887695 0.84375 0.871094 0.838867 0.879883 0.829102 0.879883 0.826172 0.873047 0.820312 0.886719 0.8125 0.886719 0.8125 0.904297 0.806641
0 0.568359 0.702148 0.589844 0.709961 0.59082 0.709961 0.603516 0.708008 0.620117 0.706055 0.621094 0.707031 0.632812 0.710938 0.633789 0.711914 0.645508 0.722656 0.651367 0.737305 0.650391 0.749023 0.650391 0.75 0.645508 0.769531 0.633789 0.785156 0.621094 0.802734 0.609375 0.8125 0.595703 0.810547 0.574219 0.817383 0.574219 0.818359 0.561523 0.822266 0.550781 0.819336 0.541992 0.8125 0.535156 0.801758 0.530273 0.791016 0.525391 0.77832 0.524414 0.731445 0.536133 0.717773 0.547852 0.706055
0 0.899414 0.919922 0.894531 0.931641 0.893555 0.945312 0.894531 0.959961 0.907227 0.967773 0.907227 0.967773 0.928711 0.966797 0.94043 0.960938 0.9375 0.947266 0.944336 0.925781 0.944336 0.926758 0.939453 0.918945 0.923828 0.925781 0.921875 0.919922 0.916992 0.910156 0.90625 0.90918
0 0.740234 0.925781 0.745117 0.935547 0.751953 0.939453 0.736328 0.946289 0.739258 0.958008 0.746094 0.958008 0.737305 0.975586 0.755859 0.97168 0.774414 0.977539 0.776367 0.96875 0.783203 0.950195 0.786133 0.9375 0.779297 0.923828 0.770508 0.918945 0.759766 0.921875 0.750977 0.923828
0 0.341797 0.850586 0.333008 0.860352 0.335938 0.866211 0.341797 0.870117 0.348633 0.873047 0.360352 0.879883 0.368164 0.87793 0.375 0.878906 0.382812 0.873047 0.383789 0.863281 0.382812 0.858398 0.376953 0.845703 0.366211 0.835938 0.357422 0.84082 0.350586 0.842773 0.335938 0.84082 0.338867 0.848633
0 0.447266 0.921875 0.451172 0.931641 0.450195 0.9375 0.456055 0.952148 0.454102 0.963867 0.458984 0.96582 0.464844 0.96582 0.46582 0.972656 0.477539 0.972656 0.480469 0.967773 0.490234 0.96875 0.493164 0.963867 0.49707 0.951172 0.503906 0.944336 0.503906 0.944336 0.507812 0.93457 0.5 0.926758 0.500977 0.920898 0.50293 0.914062 0.477539 0.920898 0.459961 0.916016 0.459961 0.916016 0.450195 0.913086
0 0.489258 0.969727 0.49707 0.973633 0.504883 0.980469 0.501953 0.995117 0.501953 0.995117 0.49707 1 0.455078 1 0.455078 1 0.445312 0.99707 0.442383 0.990234 0.456055 0.981445 0.447266 0.967773 0.447266 0.958984 0.470703 0.970703 0.478516 0.966797
0 0.663086 0.925781 0.669922 0.938477 0.678711 0.929688 0.694336 0.932617 0.700195 0.933594 0.704102 0.926758 0.707031 0.919922 0.719727 0.935547 0.722656 0.916016 0.729492 0.913086 0.729492 0.913086 0.72168 0.900391 0.72168 0.884766 0.727539 0.867188 0.708984 0.867188 0.699219 0.864258 0.688477 0.855469 0.680664 0.858398 0.672852 0.867188 0.666992 0.875 0.666992 0.875977 0.65918 0.881836 0.654297 0.887695 0.654297 0.887695 0.651367 0.897461 0.651367 0.897461 0.65332 0.914062
0 0.754883 0.750977 0.770508 0.757812 0.777344 0.762695 0.779297 0.773438 0.785156 0.78418 0.782227 0.787109 0.77832 0.790039 0.769531 0.790039 0.766602 0.794922 0.745117 0.793945 0.741211 0.786133 0.744141 0.78418 0.738281 0.779297 0.737305 0.761719 0.740234 0.75
0 0.835938 0.367188 0.84375 0.361328 0.853516 0.366211 0.859375 0.366211 0.860352 0.380859 0.867188 0.383789 0.87793 0.388672 0.870117 0.40332 0.869141 0.410156 0.860352 0.427734 0.850586 0.435547 0.825195 0.424805 0.813477 0.436523 0.796875 0.431641 0.793945 0.424805 0.798828 0.419922 0.802734 0.405273 0.801758 0.379883 0.818359 0.375977 0.827148 0.386719 0.828125 0.373047
0 0.746094 0.360352 0.753906 0.371094 0.763672 0.374023 0.78418 0.371094 0.78418 0.371094 0.795898 0.365234 0.795898 0.365234 0.804688 0.364258 0.802734 0.344727 0.789062 0.338867 0.78125 0.333984 0.775391 0.333008 0.758789 0.323242 0.755859 0.333008 0.755859 0.341797 0.75293 0.347656
0 1 0.15625 0.987305 0.150391 0.983398 0.157227 0.972656 0.162109 0.955078 0.183594 0.96582 0.186523 0.974609 0.188477 0.964844 0.202148 0.970703 0.204102 0.973633 0.213867 0.983398 0.21582 1 0.211914
1 0.110352 0 0.110352 0.0117188 0.100586 0.0263672 0.103516 0.0439453 0.119141 0.0507812 0.157227 0.0566406 0.166992 0.0556641 0.177734 0.0576172 0.197266 0.0410156 0.198242 0.0302734 0.204102 0.015625 0.211914 0.00976562 0.196289 0.00292969 0.188477 0.00292969 0.181641 0
0 0.879883 0.430664 0.899414 0.429688 0.895508 0.445312 0.90625 0.460938 0.924805 0.467773 0.951172 0.473633 0.969727 0.451172 0.977539 0.427734 0.973633 0.416016 0.961914 0.411133 0.955078 0.40918 0.966797 0.399414 0.962891 0.393555 0.945312 0.388672 0.929688 0.367188 0.922852 0.368164 0.916016 0.37793 0.920898 0.396484 0.90625 0.390625 0.901367 0.395508 0.900391 0.410156 0.884766 0.421875 0.881836 0.417969 0.87793 0.426758
0 0.457031 0.418945 0.469727 0.421875 0.485352 0.426758 0.496094 0.432617 0.500977 0.424805 0.511719 0.416992 0.513672 0.400391 0.493164 0.386719 0.493164 0.386719 0.476562 0.390625 0.47168 0.395508 0.46582 0.405273 0.458984 0.410156
0 1 0.606445 0.986328 0.604492 0.979492 0.625977 0.972656 0.641602 0.957031 0.651367 0.961914 0.674805 0.964844 0.681641 0.976562 0.685547 1 0.696289
0 0.354492 0.601562 0.344727 0.59082 0.328125 0.571289 0.328125 0.571289 0.307617 0.588867 0.314453 0.604492 0.301758 0.603516 0.297852 0.616211 0.318359 0.619141 0.313477 0.626953 0.330078 0.636719 0.339844 0.639648 0.348633 0.646484 0.348633 0.646484 0.351562 0.655273 0.362305 0.667969 0.37793 0.671875 0.395508 0.652344 0.395508 0.652344 0.382812 0.62207 0.399414 0.610352 0.399414 0.610352 0.400391 0.600586 0.375977 0.608398 0.360352 0.576172 0.347656 0.581055
0 0.283203 0.703125 0.268555 0.699219 0.260742 0.677734 0.251953 0.681641 0.241211 0.703125 0.245117 0.717773 0.254883 0.726562 0.251953 0.736328 0.267578 0.737305 0.277344 0.742188 0.287109 0.741211 0.292969 0.724609 0.289062 0.71582
0 0.0800781 0.520508 0.0683594 0.522461 0.0761719 0.53125 0.0634766 0.542969 0.0683594 0.558594 0.0839844 0.561523 0.0947266 0.545898 0.102539 0.552734 0.112305 0.553711 0.102539 0.538086 0.110352 0.507812 0.0957031 0.513672 0.0908203 0.519531 0.0791016 0.511719
0 0.279297 0.290039 0.276367 0.285156 0.253906 0.280273 0.253906 0.280273 0.238281 0.285156 0.241211 0.295898 0.275391 0.303711 0.271484 0.325195 0.28418 0.331055 0.286133 0.310547 0.300781 0.314453 0.299805 0.299805 0.292969 0.285156
0 0.19043 0 0.196289 0.00585938 0.204102 0.0166016 0.205078 0.0332031 0.229492 0.0302734 0.236328 0.0136719 0.244141 0.0107422 0.242188 0
0 0.24707 0 0.244141 0.00878906 0.254883 0.00976562 0.248047 0.0244141 0.260742 0.0263672 0.269531 0.0146484 0.279297 0.0234375 0.296875 0.0195312 0.283203 0.00683594 0.297852 0
0 0.541016 0 0.548828 0.0126953 0.550781 0.0380859 0.572266 0.0527344 0.597656 0.0517578 0.619141 0.0585938 0.621094 0.0371094 0.663086 0.0224609 0.636719 0.0117188 0.636719 0.0117188 0.631836 0
1 0.753906 0 0.754883 0.0234375 0.777344 0.0322266 0.776367 0.0732422 0.80957 0.118164 0.869141 0.130859 0.87793 0.136719 0.912109 0.111328 0.932617 0.103516 0.926758 0.0839844 0.962891 0.0595703 0.928711 0.0195312 0.915039 0.00488281 0.881836 0.0117188 0.857422 0
0 0.930664 0.213867 0.93457 0.195312 0.939453 0.208984 0.961914 0.204102 0.954102 0.214844 0.96582 0.243164 0.961914 0.268555 0.941406 0.275391 0.943359 0.258789 0.920898 0.275391 0.898438 0.276367 0.911133 0.257812
0 0.870117 0.261719 0.892578 0.25 0.90332 0.25 0.897461 0.259766 0.911133 0.269531 0.898438 0.27832 0.898438 0.27832 0.916992 0.30957 0.892578 0.319336 0.857422 0.307617 0.828125 0.305664
0 0.666016 0.583984 0.648438 0.579102 0.629883 0.587891 0.62207 0.614258 0.62207 0.633789 0.606445 0.640625 0.608398 0.65625 0.618164 0.669922 0.629883 0.678711 0.647461 0.679688 0.655273 0.669922 0.655273 0.669922 0.668945 0.667969 0.679688 0.660156 0.688477 0.645508 0.695312 0.628906 0.693359 0.617188
0 0.548828 0.700195 0.53125 0.700195 0.516602 0.709961 0.511719 0.729492 0.511719 0.736328 0.525391 0.740234 0.539062 0.756836 0.550781 0.74707 0.555664 0.713867
0 0.638672 0.888672 0.62793 0.888672 0.625977 0.896484 0.616211 0.910156 0.615234 0.920898 0.619141 0.933594 0.619141 0.933594 0.625977 0.931641 0.637695 0.948242 0.640625 0.958008 0.663086 0.961914 0.667969 0.973633 0.667969 0.973633 0.686523 0.984375 0.704102 0.978516 0.702148 0.96582 0.689453 0.94043 0.679688 0.93457 0.648438 0.894531
0 0.196289 0.761719 0.208008 0.749023 0.227539 0.746094 0.242188 0.756836 0.24707 0.771484 0.245117 0.789062 0.234375 0.800781 0.223633 0.805664 0.201172 0.797852
