0 0.980863 0 0.973659 0.000441406 0.963543 0.0166885 0.967835 0.0297168 0.986688 0.0559268 1 0.0551602 1 0.0576123 1 0
0 0.966899 0.257585 0.955523 0.272542 0.93867 0.268961 0.921396 0.254214 0.909178 0.23399 0.912127 0.214188 0.928559 0.199021 0.962265 0.185749 0.980382 0.190805 0.99576 0.209343 0.997024 0.228724 0.987123 0.248315
0 0.81506 0.1435 0.801956 0.145946 0.780814 0.14088 0.774175 0.132842 0.775922 0.110827 0.786405 0.0985967 0.8058 0.0944033 0.819253 0.10908 0.825193 0.121136 0.823097 0.130396
0 0.800208 0.231909 0.788327 0.236976 0.772078 0.238897 0.753383 0.224221 0.75216 0.20308 0.767012 0.18456 0.789726 0.180541 0.805101 0.186831 0.81174 0.207623 0.809993 0.224396
0 0.619012 0.0282773 0.613894 0.0341709 0.600712 0.0335498 0.594508 0.0186621 0.594818 0.00361914 0.608311 0 0.618546 0.00485937 0.621958 0.0141641
0 0.963267 0.422739 0.941169 0.424055 0.923808 0.40985 0.912759 0.383807 0.924859 0.372494 0.949062 0.370653 0.968527 0.375914 0.987994 0.398801
0 0.742557 0.325254 0.711826 0.32719 0.691742 0.324286 0.676982 0.296702 0.683031 0.272747 0.69755 0.254599 0.727313 0.248791 0.752961 0.261374 0.756349 0.293072 0.753445 0.312914
0 0.683031 0.373648 0.667304 0.381392 0.634396 0.373648 0.617457 0.355259 0.632701 0.331787 0.651817 0.317512 0.680128 0.316543 0.69271 0.330336 0.694404 0.350178
0 0.098001 0.0834316 0.0881973 0.0894053 0.0627686 0.0843506 0.0457656 0.06796 0.0385654 0.0451357 0.0552627 0.0302764 0.0858994 0.025834 0.103056 0.0354844 0.109489 0.0503437 0.108877 0.06796 0.103516 0.077917
0 0.120519 0 0.119906 0.00975 0.12343 0.0204727 0.13936 0.0267529 0.152534 0.0324209 0.165708 0.0232305 0.166934 0.00438867 0.16004 0
0 0.117373 0.183412 0.101022 0.191266 0.0855732 0.190106 0.0784922 0.18264 0.0747588 0.166289 0.0869893 0.151355 0.106301 0.146978 0.117759 0.15702 0.121235 0.169766
0 0.0628213 0.18555 0.0453828 0.185274 0.0348271 0.1794 0.0259238 0.167285 0.0322568 0.146541 0.0397832 0.146449 0.0563047 0.152232 0.0646572 0.169579 0.0651162 0.178941
0 0.324368 0.770363 0.311857 0.775942 0.280919 0.760727 0.275847 0.744158 0.282778 0.711021 0.313041 0.700032 0.338908 0.717615 0.353447 0.744834 0.346347 0.761572 0.329103 0.769011
0 0.347605 0.803993 0.329491 0.813312 0.307176 0.805831 0.300875 0.793623 0.308226 0.778002 0.325553 0.766582 0.344455 0.767501 0.355351 0.783122 0.351675 0.793623
0 0.284188 0.827978 0.259751 0.831638 0.24346 0.827151 0.228467 0.806965 0.228821 0.785951 0.244286 0.768479 0.26955 0.760333 0.289973 0.770014 0.297765 0.797992 0.295403 0.8157 0.283598 0.822548
0 0.27776 0.615554 0.25784 0.619922 0.233376 0.610836 0.223939 0.582877 0.235647 0.565403 0.266926 0.561384 0.287371 0.576063 0.291914 0.597031 0.287021 0.607341
0 1 0.561463 1 0.576193 0.973063 0.564409 0.952441 0.542478 0.96848 0.513673 1 0.501562 1 0.496324
0 1 0.487158 1 0.504834 0.995977 0.506799 0.973719 0.492396 0.968153 0.470137 0.990085 0.439695 1 0.43413 1 0.441659
0 0.674155 0.266302 0.654333 0.269165 0.631426 0.258152 0.629664 0.234145 0.648386 0.217186 0.671732 0.217186 0.684508 0.232162 0.681645 0.252426
0 0.598926 0.138466 0.591472 0.145794 0.580984 0.148194 0.566833 0.138845 0.569486 0.120146 0.586038 0.106374 0.598673 0.112817 0.606001 0.12482
0 0.629123 0.17637 0.617246 0.179276 0.60537 0.175486 0.5988 0.163104 0.601705 0.147942 0.620026 0.14352 0.631145 0.15249 0.633419 0.163483
0 0.264648 0.0664062 0.272461 0.0576172 0.272461 0.0703125 0.287109 0.0722656 0.282227 0.0878906 0.285156 0.100586 0.289062 0.115234 0.270508 0.119141 0.269531 0.130859 0.255859 0.121094 0.246094 0.135742 0.241211 0.119141 0.232422 0.121094 0.236328 0.114258 0.222656 0.110352 0.227539 0.0917969 0.227539 0.0917969 0.21582 0.0751953 0.234375 0.0605469 0.246094 0.0732422 0.257812 0.0546875
0 0.351562 0.0292969 0.349609 0.0410156 0.337891 0.0458984 0.334961 0.0302734
0 0.371094 0.0302734 0.375977 0.0429688 0.379883 0.0498047 0.37793 0.0683594 0.356445 0.0712891 0.34668 0.0566406 0.351562 0.0410156 0.351562 0.0283203
0 0.193359 0.0947266 0.212891 0.0839844 0.208984 0.109375 0.226562 0.123047 0.205078 0.125977 0.22168 0.138672 0.201172 0.137695 0.200195 0.15332 0.200195 0.15332 0.186523 0.139648 0.170898 0.15332 0.173828 0.131836 0.154297 0.12207 0.15332 0.107422 0.169922 0.107422 0.168945 0.0839844
0 0.0605469 0.0957031 0.0703125 0.0898438 0.0683594 0.104492 0.0771484 0.108398 0.0771484 0.108398 0.0732422 0.114258 0.0732422 0.114258 0.0810547 0.123047 0.0712891 0.125 0.0693359 0.131836 0.0537109 0.130859 0.0351562 0.129883 0.0410156 0.12207 0.0361328 0.0917969 0.0478516 0.102539
0 0 0.192383 0.0078125 0.191406 0.015625 0.179688 0.0146484 0.196289 0.0253906 0.204102 0.0478516 0.22168 0.0419922 0.219727 0.0175781 0.22168 0.0166016 0.232422 0.00683594 0.220703 0 0.21875
0 0.0878906 0.208984 0.0986328 0.197266 0.0986328 0.211914 0.117188 0.214844 0.107422 0.22168 0.119141 0.233398 0.102539 0.231445 0.110352 0.249023 0.0947266 0.242188 0.0791016 0.237305 0.0830078 0.224609 0.0722656 0.208984 0.0839844 0.211914
0 0.15918 0.202148 0.164062 0.191406 0.168945 0.208984 0.178711 0.209961 0.192383 0.224609 0.186523 0.230469 0.19043 0.243164 0.178711 0.248047 0.168945 0.256836 0.15625 0.248047 0.135742 0.248047 0.139648 0.231445 0.12793 0.217773
0 0.106445 0.373047 0.12207 0.369141 0.109375 0.383789 0.133789 0.395508 0.135742 0.40625 0.117188 0.404297 0.105469 0.416992 0.0917969 0.402344 0.0644531 0.407227 0.0751953 0.398438 0.0605469 0.390625 0.0859375 0.380859 0.0917969 0.366211
0 0.0771484 0.318359 0.0898438 0.310547 0.103516 0.322266 0.0996094 0.332031 0.0986328 0.353516 0.078125 0.363281 0.0585938 0.349609 0.0585938 0.326172
0 0.0400391 0.307617 0.0380859 0.322266 0.0517578 0.333984 0.0546875 0.351562 0.0351562 0.359375 0.0126953 0.355469 0.0136719 0.323242 0.0273438 0.301758
0 0.216797 0.418945 0.227539 0.423828 0.246094 0.424805 0.24707 0.436523 0.265625 0.441406 0.255859 0.463867 0.246094 0.483398 0.200195 0.47168 0.204102 0.460938 0.185547 0.460938 0.193359 0.443359 0.1875 0.425781
0 0.193359 0.378906 0.199219 0.373047 0.209961 0.384766 0.22168 0.392578 0.209961 0.398438 0.209961 0.398438 0.207031 0.418945 0.181641 0.415039 0.185547 0.40332 0.168945 0.40332 0.168945 0.40332 0.169922 0.388672 0.181641 0.389648 0.180664 0.376953
0 0.246094 0.348633 0.269531 0.352539 0.265625 0.364258 0.275391 0.379883 0.262695 0.386719 0.25 0.408203 0.237305 0.388672 0.219727 0.381836 0.235352 0.369141
0 0.186523 0.27832 0.194336 0.275391 0.191406 0.289062 0.193359 0.297852 0.18457 0.295898 0.183594 0.307617 0.179688 0.296875 0.167969 0.305664 0.173828 0.286133 0.163086 0.286133 0.173828 0.27832 0.171875 0.264648
0 0.146484 0.251953 0.152344 0.249023 0.150391 0.257812 0.15918 0.261719 0.15332 0.267578 0.152344 0.276367 0.147461 0.272461 0.136719 0.269531 0.131836 0.260742 0.126953 0.253906 0.135742 0.256836 0.135742 0.25
0 0.236328 0.21875 0.254883 0.219727 0.265625 0.232422 0.263672 0.244141 0.254883 0.260742 0.246094 0.256836 0.230469 0.25 0.228516 0.231445 0.228516 0.231445 0.233398 0.223633
0 0.271484 0.267578 0.289062 0.261719 0.27832 0.276367 0.295898 0.280273 0.277344 0.289062 0.283203 0.307617 0.268555 0.301758 0.268555 0.301758 0.261719 0.313477 0.249023 0.293945 0.232422 0.287109 0.229492 0.273438 0.251953 0.27832 0.238281 0.253906 0.24707 0.257812 0.258789 0.25 0.262695 0.264648 0.275391 0.249023
0 0.304688 0.282227 0.316406 0.279297 0.30957 0.291016 0.321289 0.310547 0.304688 0.298828 0.310547 0.318359 0.295898 0.301758 0.271484 0.305664 0.283203 0.297852 0.269531 0.28418 0.28418 0.283203 0.291016 0.264648
0 0.269531 0.401367 0.27832 0.394531 0.286133 0.405273 0.292969 0.421875 0.287109 0.422852 0.290039 0.431641 0.276367 0.441406 0.267578 0.433594 0.248047 0.433594 0.251953 0.421875 0.249023 0.398438 0.253906 0.393555
0 0.294922 0.399414 0.301758 0.391602 0.303711 0.405273 0.318359 0.395508 0.334961 0.417969 0.329102 0.429688 0.334961 0.444336 0.333984 0.458984 0.316406 0.455078 0.3125 0.473633 0.302734 0.458984 0.295898 0.473633 0.276367 0.462891 0.286133 0.445312 0.272461 0.439453 0.286133 0.432617 0.288086 0.416016 0.285156 0.398438
0 0.334961 0.416016 0.341797 0.419922 0.350586 0.410156 0.351562 0.418945 0.371094 0.433594 0.359375 0.439453 0.363281 0.452148 0.354492 0.459961 0.341797 0.455078 0.330078 0.466797 0.330078 0.466797 0.326172 0.449219 0.329102 0.4375 0.327148 0.426758
0 0.0966797 0.441406 0.112305 0.461914 0.106445 0.483398 0.104492 0.498047 0.0927734 0.494141 0.0927734 0.494141 0.078125 0.490234 0.0615234 0.476562 0.0605469 0.458984 0.0751953 0.452148
0 0.0742188 0.485352 0.0927734 0.495117 0.104492 0.509766 0.104492 0.524414 0.0800781 0.524414 0.0566406 0.518555 0.0449219 0.511719 0.0439453 0.49707 0.0595703 0.495117 0.0625 0.484375
0 0.0449219 0.681641 0.0566406 0.675781 0.0634766 0.69043 0.0771484 0.692383 0.0703125 0.702148 0.0869141 0.706055 0.0576172 0.712891 0.0556641 0.731445 0.0429688 0.72168 0.03125 0.727539 0.0224609 0.717773 0.0117188 0.709961 0.0371094 0.701172 0.0253906 0.676758 0.0253906 0.676758
0 0.078125 0.69043 0.0996094 0.683594 0.121094 0.694336 0.131836 0.709961 0.140625 0.72168 0.146484 0.738281 0.128906 0.761719 0.111328 0.775391 0.0888672 0.767578 0.0693359 0.754883 0.0751953 0.733398 0.0634766 0.71875 0.0703125 0.700195
0 0.174805 0.734375 0.191406 0.730469 0.206055 0.741211 0.201172 0.749023 0.210938 0.753906 0.21875 0.772461 0.203125 0.790039 0.170898 0.78125 0.169922 0.771484 0.157227 0.768555 0.154297 0.753906 0.166992 0.748047 0.164062 0.737305
0 0.261719 0.678711 0.271484 0.69043 0.270508 0.712891 0.246094 0.713867 0.231445 0.702148 0.235352 0.677734
0 0.253906 0.635742 0.238281 0.632812 0.226562 0.649414 0.237305 0.665039 0.241211 0.681641 0.255859 0.683594 0.266602 0.664062
1 0.290039 0.62207 0.294922 0.603516 0.298828 0.620117 0.3125 0.621094 0.3125 0.621094 0.326172 0.648438 0.327148 0.666992 0.314453 0.658203 0.330078 0.685547 0.323242 0.700195 0.319336 0.696289 0.308594 0.688477 0.300781 0.703125 0.290039 0.698242 0.285156 0.685547 0.271484 0.697266 0.262695 0.688477 0.272461 0.679688 0.255859 0.672852 0.260742 0.665039 0.243164 0.663086 0.248047 0.644531 0.253906 0.634766 0.270508 0.633789 0.273438 0.617188
0 0.150391 0.820312 0.155273 0.837891 0.137695 0.848633 0.120117 0.841797 0.125 0.820312
0 0.0410156 0.819336 0.0644531 0.828125 0.0703125 0.852539 0.0595703 0.878906 0.0361328 0.876953 0.0175781 0.87793 0.00488281 0.857422 0.00683594 0.829102
0 0.0429688 0.905273 0.0566406 0.920898 0.0625 0.935547 0.0537109 0.941406 0.0585938 0.96582 0.0429688 0.958984 0.0341797 0.963867 0.0332031 0.957031 0.015625 0.953125 0.0234375 0.946289 0.0117188 0.929688 0.0302734 0.915039 0.0400391 0.919922
0 0.299805 0.885742 0.302734 0.890625 0.317383 0.887695 0.313477 0.895508 0.326172 0.895508 0.323242 0.90332 0.328125 0.907227 0.314453 0.924805 0.329102 0.927734 0.317383 0.9375 0.31543 0.955078 0.300781 0.943359 0.293945 0.961914 0.293945 0.961914 0.291016 0.945312 0.272461 0.956055 0.276367 0.946289 0.264648 0.943359 0.270508 0.93457 0.262695 0.926758 0.273438 0.922852 0.264648 0.90332 0.273438 0.892578 0.285156 0.895508
0 0.337891 0.899414 0.348633 0.90332 0.360352 0.902344 0.358398 0.915039 0.358398 0.915039 0.366211 0.915039 0.354492 0.925781 0.351562 0.945312 0.351562 0.945312 0.34668 0.958984 0.339844 0.944336 0.334961 0.945312 0.318359 0.942383 0.31543 0.932617 0.314453 0.914062 0.327148 0.90625 0.330078 0.891602
1 0.525391 0.669922 0.536133 0.682617 0.541016 0.685547 0.546875 0.688477 0.556641 0.694336 0.55957 0.698242 0.567383 0.703125 0.571289 0.712891 0.572266 0.71875 0.575195 0.722656 0.580078 0.726562 0.594727 0.734375 0.583008 0.762695 0.573242 0.791992 0.548828 0.804688 0.538086 0.799805 0.523438 0.811523 0.507812 0.805664 0.474609 0.818359 0.463867 0.807617 0.469727 0.794922 0.451172 0.786133 0.457031 0.771484 0.453125 0.75 0.461914 0.740234 0.447266 0.724609 0.446289 0.695312 0.461914 0.69043 0.482422 0.691406 0.49707 0.674805 0.508789 0.665039 0.508789 0.665039
0 0.589844 0.736328 0.609375 0.738281 0.610352 0.756836 0.601562 0.779297 0.583984 0.788086 0.575195 0.772461
0 0.644531 0.74707 0.65332 0.750977 0.665039 0.756836 0.669922 0.78418 0.652344 0.795898 0.626953 0.783203 0.629883 0.766602 0.621094 0.753906
0 0.936523 0.955078 0.938477 0.981445 0.918945 0.984375 0.898438 0.96875 0.90625 0.954102 0.90625 0.954102 0.919922 0.946289
0 0.791016 0.910156 0.798828 0.898438 0.804688 0.90625 0.819336 0.902344 0.824219 0.916992 0.81543 0.929688 0.828125 0.947266 0.814453 0.950195 0.810547 0.96582 0.796875 0.958008 0.796875 0.958008 0.788086 0.964844 0.759766 0.954102 0.775391 0.932617 0.773438 0.921875 0.770508 0.90918
0 0.774414 0.788086 0.78125 0.791016 0.792969 0.814453 0.779297 0.833984 0.756836 0.844727 0.748047 0.834961 0.744141 0.836914 0.732422 0.822266 0.733398 0.799805 0.735352 0.780273 0.75293 0.791016 0.758789 0.779297
0 0.767578 0.731445 0.788086 0.727539 0.789062 0.751953 0.776367 0.757812 0.787109 0.772461 0.770508 0.776367 0.766602 0.791016 0.751953 0.780273 0.74707 0.793945 0.735352 0.78418 0.736328 0.764648 0.71875 0.75 0.71875 0.75 0.720703 0.735352 0.741211 0.737305 0.741211 0.737305 0.74707 0.71582
0 0.770508 0.664062 0.771484 0.647461 0.782227 0.666992 0.803711 0.669922 0.795898 0.672852 0.793945 0.68457 0.805664 0.717773 0.805664 0.717773 0.795898 0.713867 0.797852 0.727539 0.78418 0.724609 0.78418 0.724609 0.779297 0.735352 0.769531 0.723633 0.757812 0.730469 0.735352 0.708008 0.743164 0.698242 0.727539 0.685547 0.734375 0.675781 0.758789 0.676758 0.760742 0.654297
0 0.905273 0.749023 0.932617 0.764648 0.932617 0.796875 0.908203 0.807617 0.886719 0.794922 0.875977 0.78125 0.884766 0.757812
0 0.949219 0.794922 0.974609 0.798828 0.969727 0.820312 0.979492 0.845703 0.981445 0.874023 0.961914 0.891602 0.931641 0.880859 0.904297 0.855469 0.919922 0.823242 0.939453 0.820312
0 0.984375 0.751953 1 0.751953 1 0.799805 0.979492 0.798828 0.975586 0.787109 0.975586 0.758789
0 0.99707 0.710938 0.979492 0.709961 0.979492 0.709961 0.967773 0.723633 0.961914 0.735352 0.969727 0.742188 0.969727 0.742188 0.960938 0.756836 0.969727 0.764648 0.985352 0.758789 1 0.756836
1 0.515625 0.569336 0.535156 0.584961 0.557617 0.572266 0.59375 0.570312 0.601562 0.587891 0.592773 0.602539 0.598633 0.615234 0.598633 0.615234 0.584961 0.628906 0.577148 0.642578 0.546875 0.65918 0.517578 0.666016 0.517578 0.666016 0.498047 0.679688 0.472656 0.68457 0.457031 0.664062 0.460938 0.639648 0.455078 0.616211 0.477539 0.598633 0.495117 0.575195 0.509766 0.5625
0 0.716797 0.646484 0.71582 0.662109 0.700195 0.661133 0.700195 0.661133 0.697266 0.642578
0 0.74707 0.604492 0.761719 0.614258 0.760742 0.634766 0.742188 0.640625 0.729492 0.619141
0 0.719727 0.523438 0.737305 0.529297 0.737305 0.553711 0.719727 0.568359 0.708008 0.553711 0.691406 0.548828 0.68457 0.526367
0 0.614258 0.575195 0.628906 0.568359 0.638672 0.577148 0.638672 0.587891 0.65332 0.594727 0.641602 0.613281 0.626953 0.630859 0.620117 0.613281 0.589844 0.616211 0.586914 0.598633 0.59668 0.59082 0.587891 0.571289 0.603516 0.563477
0 0.574219 0.494141 0.584961 0.494141 0.586914 0.510742 0.578125 0.513672 0.568359 0.500977
0 0.56543 0.504883 0.577148 0.509766 0.577148 0.523438 0.567383 0.52832 0.555664 0.523438 0.556641 0.509766
0 0.566406 0.527344 0.579102 0.53418 0.578125 0.550781 0.567383 0.554688 0.553711 0.544922 0.553711 0.532227
0 0.392578 0.356445 0.402344 0.365234 0.416016 0.364258 0.431641 0.380859 0.44043 0.40918 0.424805 0.429688 0.400391 0.430664 0.381836 0.427734 0.384766 0.411133 0.371094 0.413086 0.367188 0.392578 0.386719 0.376953
0 0.321289 0.311523 0.333008 0.301758 0.326172 0.320312 0.349609 0.323242 0.334961 0.330078 0.333008 0.34375 0.324219 0.339844 0.324219 0.339844 0.321289 0.351562 0.311523 0.330078 0.301758 0.319336 0.31543 0.317383
0 0.412109 0.316406 0.416016 0.328125 0.416016 0.328125 0.404297 0.333984 0.393555 0.329102 0.393555 0.314453
0 0.393555 0.268555 0.412109 0.271484 0.416016 0.244141 0.424805 0.263672 0.436523 0.258789 0.435547 0.28125 0.455078 0.285156 0.449219 0.288086 0.435547 0.295898 0.436523 0.317383 0.413086 0.305664 0.413086 0.305664 0.389648 0.308594 0.402344 0.294922 0.390625 0.282227
0 0.572266 0.335938 0.580078 0.34668 0.578125 0.359375 0.59375 0.364258 0.592773 0.390625 0.577148 0.397461 0.541016 0.395508 0.541016 0.395508 0.517578 0.376953 0.53418 0.364258 0.540039 0.351562 0.55957 0.34668
0 0.56543 0.24707 0.579102 0.251953 0.576172 0.261719 0.587891 0.258789 0.586914 0.276367 0.586914 0.276367 0.572266 0.300781 0.564453 0.310547 0.558594 0.297852 0.538086 0.290039 0.546875 0.263672 0.545898 0.248047 0.561523 0.258789
0 0.567383 0.425781 0.573242 0.435547 0.588867 0.438477 0.583984 0.462891 0.583008 0.481445 0.56543 0.483398 0.553711 0.49707 0.539062 0.469727 0.538086 0.438477 0.548828 0.433594
0 0.876953 0.519531 0.873047 0.538086 0.856445 0.541016 0.856445 0.541016 0.855469 0.521484 0.867188 0.514648
0 0.794922 0.433594 0.814453 0.447266 0.813477 0.478516 0.791992 0.489258 0.771484 0.469727 0.771484 0.469727 0.772461 0.446289
0 0.90332 0.40332 0.908203 0.413086 0.926758 0.413086 0.915039 0.429688 0.935547 0.445312 0.908203 0.447266 0.893555 0.463867 0.882812 0.445312 0.859375 0.447266 0.869141 0.4375 0.862305 0.407227 0.875977 0.416992 0.867188 0.392578 0.888672 0.408203
0 0.813477 0.34668 0.84082 0.362305 0.824219 0.366211 0.823242 0.381836 0.785156 0.374023 0.797852 0.362305 0.771484 0.352539 0.769531 0.341797 0.788086 0.34375 0.793945 0.318359 0.806641 0.314453 0.814453 0.320312 0.814453 0.320312
0 0.958008 0.333984 0.975586 0.34375 0.961914 0.347656 0.973633 0.360352 0.973633 0.360352 0.960938 0.360352 0.957031 0.371094 0.951172 0.354492 0.931641 0.341797 0.950195 0.336914 0.949219 0.329102
0 0.904297 0.264648 0.924805 0.280273 0.924805 0.305664 0.912109 0.320312 0.888672 0.321289 0.890625 0.304688 0.885742 0.289062 0.87793 0.275391
0 0.850586 0.271484 0.87793 0.279297 0.87793 0.279297 0.870117 0.289062 0.881836 0.301758 0.865234 0.307617 0.861328 0.325195 0.856445 0.322266 0.844727 0.31543 0.823242 0.297852 0.838867 0.289062 0.839844 0.274414
0 0.356445 0.102539 0.374023 0.102539 0.37793 0.129883 0.366211 0.138672 0.353516 0.136719 0.350586 0.115234
0 0.375977 0.116211 0.393555 0.112305 0.390625 0.125 0.396484 0.145508 0.383789 0.149414 0.37207 0.162109 0.364258 0.137695 0.373047 0.121094
0 0.410156 0.124023 0.424805 0.108398 0.424805 0.108398 0.423828 0.134766 0.446289 0.12793 0.426758 0.147461 0.444336 0.158203 0.428711 0.181641 0.410156 0.171875 0.398438 0.180664 0.384766 0.167969 0.40625 0.15918 0.392578 0.146484 0.394531 0.12793
0 0.488281 0.108398 0.508789 0.102539 0.509766 0.115234 0.524414 0.123047 0.514648 0.136719 0.519531 0.145508 0.505859 0.155273 0.489258 0.15625 0.481445 0.147461 0.47168 0.149414 0.464844 0.129883 0.464844 0.129883 0.452148 0.119141 0.473633 0.119141 0.474609 0.107422
0 0.522461 0.149414 0.53418 0.144531 0.53418 0.15918 0.549805 0.166992 0.535156 0.181641 0.519531 0.199219 0.516602 0.181641 0.50293 0.180664 0.49707 0.160156 0.509766 0.149414
0 0.634766 0.00195312 0.625 0.0136719 0.628906 0.0253906 0.639648 0.0263672 0.648438 0.03125 0.655273 0.0253906 0.65918 0.00878906
0 0.695312 0.00390625 0.699219 0.0117188 0.717773 0.00585938 0.71582 0.0214844 0.72168 0.0292969 0.730469 0.0410156 0.730469 0.0410156 0.712891 0.0488281 0.724609 0.0654297 0.706055 0.0654297 0.705078 0.0791016 0.685547 0.0683594 0.670898 0.078125 0.648438 0.0634766 0.639648 0.0498047 0.639648 0.0498047 0.661133 0.0400391 0.649414 0.0234375 0.65332 0.00488281 0.667969 0.0117188 0.672852 0
0 0.848633 0.0712891 0.857422 0.0683594 0.853516 0.0791016 0.865234 0.0849609 0.858398 0.0849609 0.853516 0.0878906 0.853516 0.110352 0.84375 0.0957031 0.828125 0.103516 0.836914 0.0859375 0.831055 0.0664062
0 0.908203 0.102539 0.916992 0.112305 0.928711 0.111328 0.933594 0.119141 0.927734 0.12793 0.936523 0.139648 0.921875 0.143555 0.924805 0.15625 0.913086 0.149414 0.90625 0.163086 0.898438 0.144531 0.880859 0.136719 0.876953 0.12793 0.893555 0.126953 0.885742 0.115234 0.901367 0.0996094 0.90332 0.116211
0 0.855469 0.0917969 0.866211 0.112305 0.876953 0.123047 0.862305 0.126953 0.871094 0.138672 0.84375 0.135742 0.828125 0.128906 0.833984 0.121094 0.828125 0.100586 0.847656 0.106445
0 0.845703 0.151367 0.865234 0.157227 0.858398 0.172852 0.876953 0.173828 0.887695 0.185547 0.871094 0.191406 0.873047 0.196289 0.855469 0.195312 0.856445 0.208984 0.844727 0.195312 0.833984 0.196289 0.822266 0.186523 0.833984 0.179688 0.826172 0.163086 0.820312 0.150391 0.833984 0.157227
