0 0.491211 0.430664 0.512695 0.43457 0.522461 0.449219 0.521484 0.479492 0.513672 0.498047 0.513672 0.499023 0.493164 0.499023 0.480469 0.486328 0.46875 0.479492 0.459961 0.458008 0.466797 0.433594
0 0.425781 0.474609 0.456055 0.476562 0.475586 0.485352 0.484375 0.504883 0.494141 0.519531 0.479492 0.53125 0.460938 0.536133 0.443359 0.536133 0.422852 0.535156 0.422852 0.536133 0.400391 0.521484 0.400391 0.490234
0 0.578125 0.422852 0.612305 0.425781 0.619141 0.443359 0.616211 0.472656 0.595703 0.477539 0.59668 0.477539 0.570312 0.473633 0.571289 0.473633 0.564453 0.47168 0.563477 0.456055 0.558594 0.444336 0.561523 0.432617
0 0.683594 0.489258 0.703125 0.494141 0.706055 0.513672 0.706055 0.514648 0.707031 0.53418 0.696289 0.548828 0.675781 0.548828 0.660156 0.541992 0.642578 0.514648 0.643555 0.49707 0.652344 0.495117 0.666992 0.492188
0 0.480469 0.566406 0.503906 0.577148 0.503906 0.578125 0.501953 0.603516 0.492188 0.626953 0.476562 0.631836 0.450195 0.624023 0.431641 0.598633 0.423828 0.580078 0.43457 0.56543 0.455078 0.555664
0 0.361328 0.427734 0.375977 0.438477 0.375977 0.439453 0.385742 0.459961 0.382812 0.46582 0.376953 0.480469 0.359375 0.482422 0.342773 0.469727 0.323242 0.451172 0.332031 0.422852
0 0.277344 0.600586 0.300781 0.605469 0.301758 0.605469 0.314453 0.626953 0.311523 0.641602 0.293945 0.657227 0.286133 0.657227 0.253906 0.657227 0.242188 0.628906 0.243164 0.623047 0.25 0.602539 0.254883 0.600586
0 0.21582 0.644531 0.244141 0.654297 0.250977 0.668945 0.262695 0.68457 0.25293 0.693359 0.25293 0.694336 0.243164 0.700195 0.21582 0.699219 0.186523 0.691406 0.180664 0.679688 0.178711 0.654297 0.179688 0.654297 0.19043 0.640625
0 0.808594 0.466797 0.833984 0.46875 0.811523 0.485352 0.825195 0.499023 0.836914 0.517578 0.825195 0.529297 0.797852 0.509766 0.782227 0.496094 0.754883 0.477539 0.742188 0.461914 0.743164 0.461914 0.773438 0.457031
0 0.758789 0.333008 0.773438 0.34082 0.782227 0.356445 0.779297 0.378906 0.770508 0.389648 0.75293 0.383789 0.742188 0.389648 0.730469 0.371094 0.717773 0.367188 0.727539 0.34082 0.745117 0.330078
0 0.170898 0.694336 0.185547 0.703125 0.201172 0.722656 0.194336 0.740234 0.188477 0.754883 0.180664 0.755859 0.166992 0.761719 0.146484 0.759766 0.133789 0.743164 0.133789 0.708984
0 0.0820312 0.741211 0.0966797 0.754883 0.100586 0.770508 0.100586 0.770508 0.0986328 0.787109 0.0839844 0.798828 0.0839844 0.798828 0.0507812 0.803711 0.0341797 0.783203 0.0400391 0.766602 0.0605469 0.742188
0 0.169922 0.820312 0.183594 0.831055 0.186523 0.845703 0.178711 0.861328 0.169922 0.876953 0.158203 0.886719 0.15918 0.887695 0.139648 0.893555 0.139648 0.893555 0.124023 0.884766 0.106445 0.880859 0.101562 0.866211 0.12207 0.826172 0.125 0.813477 0.144531 0.807617 0.144531 0.807617
0 0.217773 0.951172 0.232422 0.950195 0.250977 0.959961 0.24707 0.981445 0.246094 0.998047 0.213867 1 0.173828 0.999023 0.192383 0.979492 0.182617 0.959961 0.181641 0.943359 0.198242 0.947266
0 0.37207 0.970703 0.395508 0.963867 0.395508 0.963867 0.40918 0.94043 0.411133 0.917969 0.412109 0.917969 0.388672 0.90625 0.389648 0.90625 0.37207 0.913086 0.352539 0.915039 0.352539 0.915039 0.333008 0.931641 0.335938 0.949219 0.344727 0.961914 0.345703 0.962891 0.358398 0.966797
0 0.298828 0.993164 0.313477 0.976562 0.328125 0.954102 0.338867 0.955078 0.354492 0.960938 0.371094 0.978516 0.37207 0.979492 0.374023 0.993164 0.379883 1 0.3125 0.994141
0 0.34082 0.71582 0.356445 0.708984 0.356445 0.708984 0.369141 0.689453 0.361328 0.668945 0.339844 0.657227 0.31543 0.663086 0.304688 0.669922 0.289062 0.682617 0.276367 0.693359 0.282227 0.71582 0.300781 0.72168 0.301758 0.72168 0.323242 0.71875
0 0.523438 0.831055 0.539062 0.837891 0.549805 0.828125 0.569336 0.830078 0.580078 0.820312 0.589844 0.803711 0.587891 0.789062 0.570312 0.783203 0.551758 0.785156 0.535156 0.777344 0.521484 0.774414 0.524414 0.796875 0.515625 0.808594
0 0.564453 0.834961 0.580078 0.838867 0.600586 0.836914 0.608398 0.851562 0.612305 0.869141 0.607422 0.888672 0.585938 0.893555 0.581055 0.894531 0.552734 0.899414 0.546875 0.87793 0.545898 0.861328 0.553711 0.849609
0 0.535156 0.90918 0.552734 0.920898 0.563477 0.941406 0.549805 0.947266 0.545898 0.96875 0.524414 0.964844 0.524414 0.964844 0.500977 0.960938 0.494141 0.943359 0.498047 0.926758 0.491211 0.911133 0.492188 0.911133 0.514648 0.919922
0 0.482422 0.950195 0.479492 0.962891 0.464844 0.97168 0.466797 0.986328 0.478516 0.991211 0.479492 0.991211 0.485352 0.998047 0.519531 1 0.530273 0.990234 0.523438 0.976562 0.516602 0.951172 0.503906 0.951172
0 0.662109 0.942383 0.665039 0.959961 0.665039 0.959961 0.667969 0.978516 0.675781 0.986328 0.697266 0.973633 0.704102 0.989258 0.71582 0.988281 0.739258 0.974609 0.742188 0.943359 0.731445 0.926758 0.71582 0.926758 0.71582 0.927734 0.704102 0.930664 0.702148 0.90918 0.686523 0.912109 0.6875 0.931641 0.689453 0.944336 0.69043 0.944336
0 0.540039 0.974609 0.556641 0.970703 0.574219 0.974609 0.586914 0.966797 0.600586 0.977539 0.600586 0.978516 0.604492 0.994141 0.584961 1 0.585938 1 0.551758 0.998047 0.533203 0.987305
0 0.647461 0.816406 0.651367 0.836914 0.657227 0.855469 0.666992 0.864258 0.671875 0.861328 0.68457 0.866211 0.69043 0.865234 0.695312 0.839844 0.700195 0.819336 0.692383 0.805664 0.680664 0.808594 0.670898 0.820312 0.657227 0.799805
0 0.578125 0.763672 0.59668 0.772461 0.609375 0.775391 0.620117 0.763672 0.623047 0.738281 0.623047 0.738281 0.611328 0.730469 0.612305 0.716797 0.604492 0.700195 0.595703 0.710938 0.587891 0.731445 0.588867 0.731445 0.574219 0.730469 0.564453 0.724609 0.555664 0.729492 0.543945 0.734375 0.544922 0.735352 0.542969 0.748047 0.550781 0.762695 0.560547 0.762695
0 0.645508 0.696289 0.664062 0.706055 0.672852 0.728516 0.673828 0.729492 0.668945 0.751953 0.663086 0.772461 0.640625 0.780273 0.625 0.769531 0.620117 0.75293 0.607422 0.735352 0.605469 0.717773 0.605469 0.688477 0.629883 0.708008
0 0.0205078 0.749023 0.0205078 0.75 0.0341797 0.763672 0.0322266 0.785156 0.0273438 0.796875 0.015625 0.811523 0.000976562 0.813477 0.000976562 0.774414 0 0.748047
0 0.393555 0.612305 0.407227 0.617188 0.413086 0.630859 0.412109 0.643555 0.40625 0.660156 0.389648 0.663086 0.373047 0.665039 0.357422 0.657227 0.353516 0.648438 0.352539 0.631836 0.358398 0.62207 0.368164 0.614258 0.381836 0.613281
0 0.774414 0.862305 0.786133 0.850586 0.796875 0.852539 0.797852 0.863281 0.803711 0.871094 0.80957 0.881836 0.804688 0.899414 0.798828 0.908203 0.798828 0.908203 0.790039 0.910156 0.776367 0.911133 0.766602 0.913086 0.753906 0.901367 0.739258 0.894531 0.757812 0.878906 0.757812 0.864258
0 0.74707 0.757812 0.761719 0.763672 0.766602 0.779297 0.772461 0.786133 0.773438 0.799805 0.768555 0.811523 0.763672 0.819336 0.764648 0.820312 0.751953 0.822266 0.741211 0.820312 0.724609 0.826172 0.711914 0.824219 0.706055 0.8125 0.709961 0.800781 0.720703 0.795898 0.72168 0.795898 0.727539 0.787109 0.71582 0.777344 0.713867 0.764648 0.737305 0.766602 0.737305 0.767578
0 0.982422 0.87793 0.988281 0.886719 0.989258 0.898438 0.985352 0.908203 0.980469 0.924805 0.980469 0.924805 0.97168 0.926758 0.958008 0.924805 0.949219 0.928711 0.933594 0.922852 0.927734 0.905273 0.933594 0.885742 0.957031 0.878906
0 0.801758 0.663086 0.822266 0.668945 0.830078 0.682617 0.829102 0.700195 0.829102 0.701172 0.820312 0.713867 0.806641 0.71875 0.789062 0.71875 0.769531 0.714844 0.769531 0.714844 0.765625 0.707031 0.759766 0.693359 0.771484 0.676758 0.787109 0.662109
0 0.96875 0.574219 0.977539 0.585938 0.983398 0.599609 0.987305 0.615234 0.985352 0.623047 0.964844 0.618164 0.972656 0.638672 0.954102 0.639648 0.954102 0.639648 0.941406 0.629883 0.938477 0.616211 0.928711 0.609375 0.924805 0.597656 0.925781 0.597656 0.924805 0.578125 0.938477 0.583008 0.946289 0.581055 0.951172 0.571289 0.951172 0.571289
0 0.822266 0.541992 0.850586 0.543945 0.832031 0.564453 0.832031 0.56543 0.838867 0.578125 0.84668 0.605469 0.831055 0.608398 0.81543 0.600586 0.81543 0.600586 0.795898 0.585938 0.78418 0.571289 0.78418 0.571289 0.779297 0.554688 0.790039 0.551758 0.811523 0.561523 0.811523 0.5625
0 0.861328 0.529297 0.874023 0.536133 0.874023 0.537109 0.885742 0.540039 0.885742 0.540039 0.879883 0.551758 0.87793 0.5625 0.885742 0.568359 0.898438 0.566406 0.911133 0.568359 0.924805 0.5625 0.93457 0.55957 0.9375 0.547852 0.930664 0.540039 0.933594 0.52832 0.936523 0.520508 0.935547 0.511719 0.918945 0.510742 0.904297 0.508789 0.899414 0.500977 0.898438 0.487305 0.879883 0.493164 0.869141 0.524414
0 0.720703 0.541016 0.730469 0.546875 0.734375 0.556641 0.734375 0.556641 0.734375 0.564453 0.735352 0.575195 0.736328 0.575195 0.743164 0.579102 0.744141 0.580078 0.751953 0.584961 0.751953 0.595703 0.745117 0.603516 0.733398 0.605469 0.723633 0.611328 0.713867 0.613281 0.691406 0.62793 0.700195 0.608398 0.676758 0.62793 0.672852 0.625 0.661133 0.618164 0.650391 0.610352 0.646484 0.597656 0.648438 0.573242 0.654297 0.564453 0.666992 0.541016 0.697266 0.550781 0.700195 0.549805 0.710938 0.544922
0 0.942383 0.433594 0.956055 0.417969 0.967773 0.419922 0.967773 0.419922 0.973633 0.441406 0.989258 0.458008 0.992188 0.47168 0.992188 0.472656 0.984375 0.486328 0.96582 0.490234 0.96582 0.490234 0.949219 0.474609 0.943359 0.490234 0.936523 0.490234 0.923828 0.481445 0.924805 0.475586 0.943359 0.455078 0.943359 0.455078
0 0.881836 0.449219 0.878906 0.46875 0.871094 0.476562 0.854492 0.479492 0.834961 0.466797 0.84082 0.44043 0.828125 0.44043 0.829102 0.421875 0.853516 0.40625 0.873047 0.390625 0.888672 0.380859 0.888672 0.381836 0.892578 0.400391 0.889648 0.43457 0.898438 0.442383
0 0.917969 0.387695 0.935547 0.386719 0.946289 0.371094 0.957031 0.350586 0.967773 0.347656 0.958008 0.331055 0.946289 0.332031 0.932617 0.329102 0.918945 0.326172 0.918945 0.326172 0.911133 0.334961 0.905273 0.345703 0.897461 0.357422 0.898438 0.358398 0.90332 0.366211
0 0.856445 0.364258 0.870117 0.389648 0.888672 0.396484 0.90625 0.395508 0.900391 0.404297 0.915039 0.387695 0.925781 0.383789 0.921875 0.370117 0.916016 0.354492 0.898438 0.332031 0.885742 0.318359 0.870117 0.329102 0.870117 0.329102 0.868164 0.345703 0.869141 0.345703 0.863281 0.34668
0 0.864258 0.31543 0.876953 0.313477 0.887695 0.311523 0.894531 0.304688 0.900391 0.286133 0.895508 0.271484 0.885742 0.263672 0.865234 0.260742 0.847656 0.257812 0.842773 0.268555 0.842773 0.269531 0.836914 0.285156 0.836914 0.285156 0.850586 0.300781
0 0.889648 0.0908203 0.898438 0.107422 0.90625 0.115234 0.920898 0.113281 0.929688 0.108398 0.930664 0.109375 0.941406 0.100586 0.94043 0.0878906 0.939453 0.0771484 0.939453 0.0771484 0.933594 0.0693359 0.928711 0.0605469 0.943359 0.0458984 0.932617 0.0449219 0.910156 0.0507812 0.898438 0.0410156 0.887695 0.0380859 0.878906 0.0400391 0.886719 0.0478516 0.894531 0.0556641 0.898438 0.0664062 0.871094 0.0576172 0.87207 0.0683594 0.881836 0.0703125 0.881836 0.0703125 0.890625 0.0722656 0.894531 0.0791016
0 0.939453 0.180664 0.947266 0.174805 0.955078 0.161133 0.96875 0.172852 0.979492 0.170898 0.979492 0.170898 0.986328 0.164062 0.974609 0.142578 0.974609 0.143555 0.972656 0.137695 0.952148 0.130859 0.947266 0.132812 0.939453 0.145508 0.939453 0.146484 0.929688 0.154297 0.932617 0.162109 0.939453 0.166016
0 0.955078 0.205078 0.962891 0.210938 0.967773 0.225586 0.969727 0.240234 0.972656 0.254883 0.96582 0.264648 0.956055 0.264648 0.9375 0.256836 0.919922 0.249023 0.920898 0.236328 0.924805 0.227539 0.93457 0.211914 0.947266 0.211914 0.948242 0.212891
0 0.881836 0.203125 0.897461 0.182617 0.901367 0.157227 0.884766 0.144531 0.874023 0.144531 0.859375 0.150391 0.84668 0.155273 0.849609 0.167969 0.852539 0.182617 0.865234 0.198242 0.87207 0.199219
0 0.927734 0.168945 0.935547 0.174805 0.943359 0.180664 0.946289 0.188477 0.952148 0.202148 0.953125 0.208008 0.954102 0.208984 0.947266 0.216797 0.935547 0.22168 0.922852 0.22168 0.922852 0.22168 0.90625 0.214844 0.901367 0.207031 0.905273 0.198242 0.90625 0.201172 0.905273 0.193359 0.895508 0.186523 0.886719 0.181641 0.887695 0.169922 0.892578 0.160156 0.896484 0.161133 0.918945 0.15918
0 0.979492 0.00292969 0.96582 0.00976562 0.951172 0.0195312 0.970703 0.0253906 0.962891 0.0439453 0.960938 0.0556641 0.975586 0.0546875 0.985352 0.0419922 0.999023 0.0527344 1 0.0527344 0.99707 0.00585938
0 0.709961 0.0839844 0.736328 0.0742188 0.736328 0.0742188 0.742188 0.0869141 0.742188 0.0869141 0.74707 0.0986328 0.750977 0.108398 0.744141 0.120117 0.739258 0.130859 0.723633 0.140625 0.708984 0.123047 0.693359 0.132812 0.681641 0.121094 0.682617 0.121094 0.698242 0.109375 0.711914 0.100586
0 0.584961 0.124023 0.598633 0.126953 0.608398 0.135742 0.609375 0.135742 0.614258 0.148438 0.606445 0.160156 0.607422 0.160156 0.605469 0.178711 0.59375 0.182617 0.576172 0.175781 0.563477 0.170898 0.564453 0.171875 0.554688 0.160156 0.555664 0.148438 0.556641 0.148438 0.56543 0.140625 0.563477 0.128906
0 0.533203 0.237305 0.548828 0.24707 0.549805 0.264648 0.548828 0.279297 0.556641 0.297852 0.556641 0.298828 0.546875 0.310547 0.53125 0.319336 0.511719 0.316406 0.5 0.299805 0.484375 0.293945 0.494141 0.283203 0.507812 0.280273 0.503906 0.264648 0.499023 0.249023 0.511719 0.253906 0.512695 0.253906
0 0.46582 0.241211 0.475586 0.255859 0.484375 0.262695 0.484375 0.271484 0.481445 0.280273 0.476562 0.290039 0.460938 0.289062 0.453125 0.285156 0.445312 0.283203 0.431641 0.282227 0.423828 0.27832 0.421875 0.268555 0.426758 0.257812 0.428711 0.245117 0.446289 0.243164
0 0.603516 0.299805 0.614258 0.314453 0.615234 0.314453 0.619141 0.328125 0.62793 0.348633 0.611328 0.350586 0.611328 0.350586 0.586914 0.347656 0.566406 0.322266 0.558594 0.307617 0.568359 0.305664 0.581055 0.30957 0.581055 0.30957 0.589844 0.305664
0 0.466797 0.0996094 0.477539 0.0986328 0.489258 0.112305 0.499023 0.135742 0.492188 0.147461 0.487305 0.155273 0.473633 0.155273 0.461914 0.144531 0.462891 0.145508 0.458008 0.163086 0.444336 0.157227 0.445312 0.130859 0.439453 0.108398 0.446289 0.100586 0.458008 0.110352 0.458984 0.111328
0 0.461914 0.0771484 0.445312 0.0917969 0.438477 0.100586 0.426758 0.100586 0.417969 0.09375 0.416016 0.0830078 0.414062 0.0664062 0.416016 0.0585938 0.428711 0.0546875 0.458008 0.0576172 0.458984 0.0585938
0 0.254883 0.118164 0.262695 0.123047 0.266602 0.125977 0.268555 0.130859 0.268555 0.137695 0.270508 0.145508 0.270508 0.146484 0.270508 0.154297 0.267578 0.166992 0.262695 0.173828 0.248047 0.179688 0.235352 0.176758 0.223633 0.168945 0.214844 0.158203 0.21875 0.134766 0.216797 0.124023 0.220703 0.116211 0.236328 0.117188 0.245117 0.117188
0 0.248047 0.189453 0.260742 0.199219 0.265625 0.207031 0.267578 0.219727 0.263672 0.231445 0.257812 0.240234 0.245117 0.246094 0.246094 0.246094 0.239258 0.249023 0.228516 0.248047 0.214844 0.241211 0.210938 0.232422 0.197266 0.220703 0.206055 0.209961 0.212891 0.207031 0.222656 0.192383 0.227539 0.185547 0.228516 0.185547
0 0.145508 0.15332 0.143555 0.166992 0.146484 0.181641 0.139648 0.1875 0.132812 0.180664 0.12793 0.171875 0.12793 0.171875 0.118164 0.166992 0.106445 0.170898 0.105469 0.162109 0.107422 0.152344 0.104492 0.141602 0.104492 0.12793 0.120117 0.135742 0.120117 0.136719 0.128906 0.137695 0.137695 0.141602
0 0.158203 0.12207 0.164062 0.103516 0.166992 0.0957031 0.165039 0.0839844 0.157227 0.0810547 0.143555 0.0820312 0.140625 0.0722656 0.130859 0.0654297 0.124023 0.0791016 0.116211 0.0751953 0.117188 0.0751953 0.110352 0.0664062 0.104492 0.0732422 0.0976562 0.0800781 0.101562 0.0917969 0.0976562 0.0927734 0.0927734 0.0966797 0.0957031 0.107422 0.100586 0.108398 0.105469 0.109375 0.109375 0.117188 0.118164 0.125977 0.125977 0.125 0.136719 0.130859 0.143555 0.12793
0 0.160156 0.0605469 0.173828 0.0595703 0.186523 0.0537109 0.188477 0.0380859 0.186523 0.0283203 0.181641 0.0175781 0.183594 0.0078125 0.18457 0 0.170898 0 0.161133 0 0.158203 0.00976562 0.144531 0.0078125 0.137695 0.0126953 0.130859 0.0175781 0.131836 0.0263672 0.124023 0.0332031 0.130859 0.0390625 0.137695 0.0517578 0.147461 0.0556641
0 0.0761719 0.332031 0.0849609 0.341797 0.0986328 0.350586 0.105469 0.355469 0.104492 0.370117 0.0986328 0.383789 0.0917969 0.395508 0.0576172 0.395508 0.0449219 0.395508 0.0380859 0.388672 0.0332031 0.376953 0.0302734 0.359375 0.0302734 0.359375 0.0371094 0.349609 0.0351562 0.337891 0.0351562 0.337891 0.0458984 0.330078 0.046875 0.330078 0.0595703 0.331055
0 0.0585938 0.259766 0.0625 0.269531 0.0673828 0.276367 0.0771484 0.28418 0.0771484 0.296875 0.0693359 0.305664 0.0654297 0.31543 0.0507812 0.313477 0.0380859 0.305664 0.0263672 0.308594 0.0146484 0.304688 0.00878906 0.295898 0.00488281 0.287109 0.0126953 0.275391 0.0234375 0.279297 0.0234375 0.279297 0.0263672 0.260742 0.0263672 0.261719 0.0429688 0.269531 0.0488281 0.258789 0.0498047 0.258789
0 0.246094 0.93457 0.255859 0.935547 0.270508 0.931641 0.285156 0.931641 0.290039 0.932617 0.30957 0.924805 0.322266 0.893555 0.333984 0.901367 0.34082 0.914062 0.353516 0.907227 0.370117 0.891602 0.373047 0.876953 0.374023 0.876953 0.351562 0.866211 0.353516 0.856445 0.361328 0.851562 0.37793 0.864258 0.389648 0.859375 0.383789 0.832031 0.383789 0.833008 0.393555 0.825195 0.40625 0.816406 0.40332 0.807617 0.382812 0.807617 0.37207 0.797852 0.375 0.786133 0.371094 0.774414 0.380859 0.757812 0.382812 0.745117 0.378906 0.732422 0.370117 0.724609 0.353516 0.71582 0.347656 0.710938 0.334961 0.708984 0.319336 0.712891 0.299805 0.717773 0.287109 0.720703 0.275391 0.726562 0.260742 0.724609 0.245117 0.728516 0.222656 0.726562 0.227539 0.726562 0.212891 0.731445 0.213867 0.731445 0.200195 0.739258 0.197266 0.763672 0.196289 0.782227 0.179688 0.78418 0.183594 0.787109 0.158203 0.789062 0.162109 0.794922 0.175781 0.81543 0.166016 0.814453 0.175781 0.827148 0.185547 0.854492 0.183594 0.873047 0.19043 0.879883 0.208984 0.899414 0.208984 0.918945 0.213867 0.927734 0.233398 0.941406
0 0.935547 0.286133 0.943359 0.289062 0.952148 0.300781 0.945312 0.318359 0.94043 0.324219 0.930664 0.331055 0.917969 0.332031 0.911133 0.326172 0.911133 0.326172 0.902344 0.324219 0.896484 0.31543 0.900391 0.291992 0.90918 0.290039 0.924805 0.28418
0 0.178711 0.371094 0.185547 0.369141 0.194336 0.353516 0.194336 0.347656 0.193359 0.321289 0.191406 0.327148 0.213867 0.317383 0.223633 0.299805 0.245117 0.288086 0.24707 0.279297 0.223633 0.272461 0.209961 0.271484 0.199219 0.269531 0.181641 0.269531 0.168945 0.271484 0.168945 0.272461 0.162109 0.276367 0.146484 0.274414 0.146484 0.274414 0.139648 0.268555 0.112305 0.273438 0.0927734 0.271484 0.0927734 0.272461 0.0869141 0.27832 0.0908203 0.286133 0.100586 0.302734 0.112305 0.317383 0.118164 0.326172 0.123047 0.330078 0.131836 0.335938 0.138672 0.329102 0.146484 0.355469 0.160156 0.369141
