0 0.000976562 0.338867 0.0117188 0.338867 0.0126953 0.349609 0.00488281 0.351562 0 0.348633
0 0.0107422 0.347656 0.0224609 0.350586 0.0214844 0.362305 0.00976562 0.360352
0 0.0224609 0.358398 0.0332031 0.358398 0.0371094 0.370117 0.0244141 0.370117
0 0.03125 0.369141 0.0429688 0.371094 0.0458984 0.379883 0.0361328 0.381836 0.03125 0.375977
0 0.0439453 0.376953 0.0566406 0.379883 0.0556641 0.392578 0.0458984 0.393555 0.0410156 0.383789
0 0.0566406 0.384766 0.0673828 0.391602 0.0673828 0.401367 0.0576172 0.402344 0.0498047 0.394531
0 0.0673828 0.397461 0.078125 0.401367 0.0761719 0.410156 0.0644531 0.411133 0.0654297 0.40625
0 0.078125 0.40918 0.0888672 0.412109 0.0898438 0.421875 0.0791016 0.422852 0.0771484 0.416016
0 0.0927734 0.419922 0.102539 0.422852 0.102539 0.422852 0.102539 0.432617 0.102539 0.432617 0.0947266 0.432617 0.0898438 0.422852
0 0.103516 0.43457 0.111328 0.433594 0.115234 0.444336 0.103516 0.448242 0.103516 0.448242 0.0966797 0.44043
0 0.120117 0.447266 0.129883 0.452148 0.128906 0.461914 0.120117 0.458008
0 0.134766 0.458984 0.150391 0.469727 0.152344 0.481445 0.145508 0.483398 0.145508 0.483398 0.133789 0.47168 0.12793 0.464844
0 0.15332 0.479492 0.163086 0.483398 0.163086 0.496094 0.150391 0.490234
0 0.163086 0.492188 0.174805 0.493164 0.177734 0.501953 0.168945 0.509766 0.160156 0.5
0 0.177734 0.499023 0.1875 0.501953 0.189453 0.515625 0.178711 0.514648 0.174805 0.505859
0 0.188477 0.510742 0.198242 0.511719 0.202148 0.522461 0.192383 0.526367 0.192383 0.526367 0.1875 0.518555
0 0.202148 0.521484 0.208984 0.526367 0.208008 0.537109 0.201172 0.535156 0.198242 0.527344
0 0.208008 0.53418 0.216797 0.535156 0.214844 0.545898 0.208008 0.543945
0 0 0.380859 0.00976562 0.382812 0.0078125 0.401367 0 0.399414
0 0.0107422 0.395508 0.0214844 0.398438 0.0234375 0.408203 0.0234375 0.408203 0.0136719 0.412109 0.00683594 0.40332
0 0.0234375 0.404297 0.03125 0.408203 0.03125 0.408203 0.03125 0.418945 0.0224609 0.423828 0.0224609 0.415039
0 0.0332031 0.415039 0.0419922 0.418945 0.0458984 0.426758 0.0371094 0.432617 0.03125 0.424805 0.03125 0.424805
0 0.046875 0.431641 0.0527344 0.428711 0.0556641 0.436523 0.0556641 0.436523 0.0507812 0.441406 0.0439453 0.438477
0 0.0585938 0.4375 0.0644531 0.439453 0.0644531 0.451172 0.0576172 0.453125 0.0527344 0.444336
0 0.0712891 0.444336 0.0771484 0.444336 0.0791016 0.454102 0.0722656 0.462891 0.0644531 0.457031
0 0.0800781 0.467773 0.0917969 0.463867 0.100586 0.47168 0.09375 0.482422 0.0849609 0.478516
0 0.106445 0.482422 0.116211 0.488281 0.116211 0.488281 0.117188 0.499023 0.109375 0.5 0.101562 0.490234
0 0.120117 0.49707 0.126953 0.5 0.125 0.511719 0.114258 0.506836 0.114258 0.506836
0 0.12793 0.506836 0.141602 0.511719 0.141602 0.511719 0.137695 0.524414 0.125 0.518555
0 0.141602 0.519531 0.151367 0.520508 0.151367 0.520508 0.147461 0.535156 0.141602 0.533203 0.136719 0.527344
0 0.148438 0.53125 0.158203 0.52832 0.164062 0.533203 0.15625 0.543945 0.148438 0.538086
0 0.161133 0.536133 0.169922 0.539062 0.169922 0.539062 0.173828 0.547852 0.166992 0.551758 0.157227 0.546875
0 0.170898 0.548828 0.178711 0.547852 0.180664 0.556641 0.179688 0.564453 0.170898 0.5625
0 0.183594 0.560547 0.189453 0.563477 0.194336 0.572266 0.18457 0.575195 0.18457 0.568359
0 0.22168 0.539062 0.230469 0.543945 0.230469 0.543945 0.228516 0.554688 0.217773 0.552734
0 0 0.445312 0.0107422 0.441406 0.015625 0.450195 0.00683594 0.457031 0 0.452148 0 0.452148
0 0.0166016 0.451172 0.0224609 0.454102 0.0253906 0.460938 0.0195312 0.466797 0.00878906 0.460938
0 0.0283203 0.459961 0.0341797 0.463867 0.0292969 0.472656 0.0214844 0.472656 0.0214844 0.466797
0 0.03125 0.46875 0.0400391 0.47168 0.0458984 0.478516 0.0400391 0.486328 0.0302734 0.481445 0.0332031 0.474609
0 0.046875 0.485352 0.0546875 0.485352 0.0546875 0.485352 0.0546875 0.49707 0.0449219 0.49707
0 0.0585938 0.494141 0.0664062 0.495117 0.0683594 0.503906 0.0683594 0.503906 0.0595703 0.509766 0.0595703 0.509766 0.0537109 0.500977
0 0.0683594 0.504883 0.0800781 0.507812 0.0791016 0.517578 0.0791016 0.517578 0.0683594 0.514648 0.0683594 0.514648
0 0.0800781 0.516602 0.0888672 0.520508 0.0878906 0.529297 0.0810547 0.530273 0.0771484 0.524414
0 0.0927734 0.523438 0.0986328 0.526367 0.102539 0.533203 0.0957031 0.539062 0.0878906 0.535156
0 0.103516 0.532227 0.109375 0.538086 0.109375 0.548828 0.109375 0.548828 0.0996094 0.546875
0 0.113281 0.546875 0.124023 0.548828 0.12793 0.560547 0.121094 0.564453 0.114258 0.556641
0 0.128906 0.5625 0.136719 0.568359 0.130859 0.573242 0.12207 0.569336
0 0.138672 0.570312 0.144531 0.576172 0.137695 0.585938 0.129883 0.579102
0 0.142578 0.581055 0.152344 0.581055 0.15332 0.592773 0.145508 0.59375 0.139648 0.587891
0 0.154297 0.586914 0.162109 0.589844 0.162109 0.603516 0.162109 0.603516 0.15332 0.598633
0 0.163086 0.59668 0.173828 0.598633 0.175781 0.609375 0.167969 0.612305 0.163086 0.605469
0 0 0.490234 0.00683594 0.492188 0.00878906 0.500977 0.00390625 0.507812 0 0.50293
0 0.0117188 0.500977 0.0175781 0.50293 0.0175781 0.50293 0.0185547 0.516602 0.00976562 0.515625 0.00683594 0.506836 0.00683594 0.506836
0 0.0224609 0.511719 0.0302734 0.512695 0.03125 0.522461 0.0244141 0.527344 0.0175781 0.521484 0.0175781 0.521484
0 0.0341797 0.527344 0.0458984 0.529297 0.0458984 0.529297 0.0507812 0.543945 0.0507812 0.543945 0.0361328 0.549805 0.0332031 0.540039
0 0.0498047 0.538086 0.0595703 0.541992 0.0615234 0.553711 0.0556641 0.558594 0.0556641 0.558594 0.0488281 0.550781
0 0.0644531 0.550781 0.0742188 0.556641 0.0722656 0.564453 0.0615234 0.566406 0.0615234 0.556641
0 0.0732422 0.55957 0.0810547 0.5625 0.0791016 0.576172 0.0703125 0.574219
0 0.0820312 0.572266 0.0917969 0.573242 0.0947266 0.583008 0.0830078 0.584961 0.0791016 0.578125
0 0.0966797 0.584961 0.106445 0.589844 0.106445 0.600586 0.0986328 0.601562 0.0917969 0.59375
0 0.107422 0.595703 0.113281 0.59668 0.113281 0.59668 0.113281 0.609375 0.108398 0.612305 0.101562 0.605469
0 0.117188 0.605469 0.125 0.608398 0.125977 0.619141 0.118164 0.620117 0.114258 0.616211
0 0.128906 0.614258 0.137695 0.617188 0.137695 0.62793 0.130859 0.630859 0.124023 0.624023
0 0.135742 0.62793 0.144531 0.630859 0.146484 0.641602 0.137695 0.640625
0 0 0.542969 0.0078125 0.542969 0.0107422 0.553711 0.0107422 0.553711 0 0.553711
0 0.0166016 0.549805 0.0195312 0.556641 0.0126953 0.567383 0.00488281 0.557617 0.00488281 0.557617
0 0.0214844 0.560547 0.0283203 0.566406 0.0283203 0.576172 0.0195312 0.575195 0.0146484 0.568359
0 0.0292969 0.575195 0.0371094 0.576172 0.0419922 0.584961 0.0341797 0.589844 0.0341797 0.589844 0.0253906 0.584961
0 0.0419922 0.585938 0.0517578 0.584961 0.0537109 0.59375 0.0449219 0.599609 0.0371094 0.592773
0 0.0546875 0.592773 0.0615234 0.59668 0.0605469 0.607422 0.0605469 0.607422 0.0507812 0.609375 0.0507812 0.609375 0.0478516 0.602539
0 0.0654297 0.601562 0.0703125 0.610352 0.0673828 0.617188 0.0673828 0.617188 0.0595703 0.616211 0.0546875 0.610352
0 0.078125 0.618164 0.0839844 0.626953 0.0791016 0.634766 0.0722656 0.62793
0 0.0859375 0.62793 0.09375 0.62793 0.09375 0.636719 0.0810547 0.634766
0 0.0966797 0.635742 0.105469 0.640625 0.104492 0.648438 0.0947266 0.651367 0.0908203 0.640625 0.0908203 0.640625
0 0.106445 0.652344 0.114258 0.649414 0.12207 0.655273 0.118164 0.662109 0.107422 0.658203
0 0 0.595703 0.0146484 0.600586 0.0195312 0.614258 0.0117188 0.620117 0.000976562 0.612305 0.000976562 0.607422
0 0.0195312 0.614258 0.0273438 0.617188 0.0292969 0.625 0.0205078 0.62793 0.0136719 0.621094
0 0.0283203 0.625 0.0361328 0.626953 0.0361328 0.637695 0.0361328 0.637695 0.0253906 0.638672 0.0253906 0.630859 0.0253906 0.630859
0 0.0458984 0.644531 0.0546875 0.645508 0.0595703 0.654297 0.0517578 0.65918 0.0400391 0.654297
0 0.0585938 0.65625 0.0683594 0.65918 0.0703125 0.666992 0.0664062 0.673828 0.0546875 0.671875 0.0566406 0.664062
0 0.0722656 0.665039 0.0839844 0.666016 0.0869141 0.678711 0.0791016 0.682617 0.0703125 0.678711
0 0.0888672 0.688477 0.0986328 0.689453 0.100586 0.702148 0.0917969 0.706055 0.0869141 0.697266
0 0 0.645508 0.00683594 0.65625 0.00390625 0.666016 0 0.663086
0 0.00878906 0.65625 0.015625 0.662109 0.0126953 0.672852 0.0126953 0.672852 0.00292969 0.670898 0.00390625 0.663086
0 0.0166016 0.668945 0.0244141 0.671875 0.0263672 0.682617 0.0166016 0.683594 0.0117188 0.676758
0 0.0273438 0.68457 0.0371094 0.683594 0.0429688 0.6875 0.0517578 0.693359 0.0478516 0.702148 0.0371094 0.701172 0.0292969 0.695312 0.0244141 0.691406
0 0.0498047 0.699219 0.0605469 0.703125 0.0605469 0.714844 0.0507812 0.713867 0.0449219 0.708008
0 0.0605469 0.710938 0.0673828 0.71582 0.0673828 0.71582 0.0712891 0.724609 0.0625 0.726562 0.0556641 0.719727
0 0 0.702148 0.00878906 0.710938 0.0126953 0.72168 0.0078125 0.729492 0 0.727539
0 0.0185547 0.723633 0.0244141 0.732422 0.015625 0.738281 0.00976562 0.731445
0 0.0283203 0.736328 0.0292969 0.744141 0.0244141 0.748047 0.0185547 0.740234
0 0.0410156 0.743164 0.0449219 0.75 0.0371094 0.756836 0.0302734 0.748047 0.0351562 0.742188
0 0 0.758789 0.0078125 0.765625 0.0117188 0.774414 0.00683594 0.779297 0 0.77832
