0 1 0.560667 0.981649 0.564813 0.978096 0.585542 0.979083 0.621273 0.988164 0.640423 1 0.641016
0 0.798859 0.318721 0.778168 0.320637 0.771079 0.333855 0.778168 0.352631 0.786023 0.367575 0.802308 0.378495 0.818593 0.373514 0.826256 0.353397 0.831046 0.334239 0.82185 0.322169 0.810163 0.315655
0 0.686964 0.313262 0.667229 0.32632 0.665488 0.344604 0.684642 0.359694 0.70902 0.349247 0.726722 0.32545 0.718306 0.310649
0 0.0279307 0 0.0386309 0.0174951 0.0526885 0.0302939 0.0709434 0.0237891 0.0772373 0.012459 0.0740889 0
0 0.00102051 0.000194336 0 0.0233857 0.000272461 0.0388008 0.0151738 0.0564414 0.0299033 0.0489062 0.0374395 0.032292 0.0352129 0.0184189 0.0220244 0
0 0.0448037 0.0259551 0.0264775 0.0352041 0.0203115 0.049248 0.0268203 0.0626074 0.0437764 0.066376 0.0588486 0.0612373 0.0662139 0.0439385 0.0561084 0.0336621
0 0.0679258 0.0985098 0.0553066 0.105555 0.0540449 0.114914 0.060249 0.124903 0.0704492 0.126271 0.080123 0.120802 0.0824365 0.111864 0.0766533 0.104398
0 0.808594 0.290039 0.826172 0.289062 0.835938 0.298828 0.837891 0.311523 0.823242 0.316406 0.804688 0.307617
1 0 0.0478516 0.0126953 0.0537109 0.0205078 0.0673828 0.0214844 0.0810547 0.0263672 0.0888672 0.0263672 0.0986328 0.0322266 0.113281 0.03125 0.123047 0.0410156 0.135742 0.0439453 0.150391 0.0390625 0.15918 0.0205078 0.162109 0 0.162109
1 0.1875 0 0.192383 0.0332031 0.227539 0.0712891 0.255859 0.0810547 0.283203 0.078125 0.270508 0.0498047 0.255859 0.0517578 0.230469 0.0126953 0.239258 0.00585938 0.257812 0.0380859 0.269531 0.0429688 0.291992 0.0751953 0.311523 0.0673828 0.339844 0.0507812 0.358398 0.0419922 0.371094 0.0195312 0.369141 0
1 0.34082 0.0566406 0.360352 0.0390625 0.387695 0.0283203 0.40625 0.00488281 0.432617 0.00585938 0.454102 0.0205078 0.474609 0.03125 0.476562 0.0498047 0.458984 0.0761719 0.429688 0.0712891 0.399414 0.0800781 0.40625 0.100586 0.415039 0.118164 0.436523 0.128906 0.450195 0.150391 0.460938 0.181641 0.486328 0.192383 0.495117 0.21582 0.488281 0.244141 0.484375 0.261719 0.477539 0.288086 0.458008 0.308594 0.436523 0.316406 0.411133 0.298828 0.408203 0.276367 0.386719 0.25293 0.395508 0.233398 0.402344 0.214844 0.388672 0.195312 0.388672 0.195312 0.375 0.172852 0.356445 0.152344 0.341797 0.125 0.318359 0.129883 0.291992 0.120117 0.28125 0.0966797 0.291016 0.0742188 0.317383 0.0654297
0 0.495117 0.116211 0.523438 0.119141 0.541016 0.142578 0.544922 0.166016 0.53418 0.188477 0.525391 0.205078 0.504883 0.220703 0.486328 0.213867 0.486328 0.191406 0.459961 0.181641 0.448242 0.144531 0.462891 0.119141
0 0.287109 0.425781 0.303711 0.441406 0.303711 0.441406 0.322266 0.452148 0.329102 0.47168 0.317383 0.492188 0.299805 0.50293 0.269531 0.509766 0.238281 0.494141 0.219727 0.479492 0.219727 0.450195 0.216797 0.422852 0.241211 0.412109 0.260742 0.397461 0.274414 0.401367
0 0.317383 0.550781 0.331055 0.573242 0.328125 0.603516 0.330078 0.646484 0.313477 0.669922 0.283203 0.679688 0.283203 0.679688 0.249023 0.666992 0.232422 0.648438 0.207031 0.640625 0.196289 0.612305 0.194336 0.584961 0.189453 0.556641 0.208984 0.541992 0.209961 0.536133 0.212891 0.521484 0.228516 0.514648 0.251953 0.515625 0.274414 0.527344 0.300781 0.526367
1 0.361328 0.558594 0.380859 0.573242 0.396484 0.598633 0.384766 0.608398 0.392578 0.619141 0.410156 0.642578 0.405273 0.668945 0.382812 0.677734 0.382812 0.677734 0.362305 0.683594 0.348633 0.663086 0.366211 0.635742 0.349609 0.618164 0.345703 0.594727 0.333008 0.583984 0.336914 0.556641
0 0 0.673828 0.0175781 0.664062 0.0449219 0.657227 0.0625 0.677734 0.0791016 0.713867 0.0761719 0.760742 0.0576172 0.790039 0.0205078 0.794922 0 0.790039
0 0.125977 0.706055 0.145508 0.701172 0.154297 0.710938 0.154297 0.723633 0.144531 0.730469 0.125977 0.725586
0 0.0371094 1 0.0390625 0.980469 0.0576172 0.980469 0.0742188 0.96875 0.0957031 0.974609 0.120117 0.976562 0.143555 0.983398 0.143555 0.983398 0.154297 1
1 0.0449219 0.836914 0.0683594 0.834961 0.0957031 0.822266 0.132812 0.836914 0.142578 0.860352 0.158203 0.87207 0.167969 0.891602 0.164062 0.916992 0.180664 0.93457 0.19043 0.966797 0.197266 1 0.158203 1 0.145508 0.981445 0.12207 0.978516 0.0878906 0.976562 0.0634766 0.970703 0.046875 0.930664 0.0507812 0.912109 0.0507812 0.912109 0.0292969 0.899414 0.0292969 0.867188 0.0361328 0.853516
0 0.180664 0.762695 0.202148 0.769531 0.228516 0.789062 0.246094 0.81543 0.241211 0.845703 0.228516 0.865234 0.209961 0.868164 0.205078 0.888672 0.174805 0.887695 0.149414 0.864258 0.145508 0.837891 0.125977 0.818359 0.130859 0.797852 0.154297 0.793945 0.15625 0.774414
0 0 0.848633 0.0146484 0.844727 0.0224609 0.857422 0.0195312 0.870117 0.00585938 0.875 0 0.87207
0 0.432617 0.724609 0.453125 0.723633 0.463867 0.740234 0.466797 0.754883 0.456055 0.760742 0.439453 0.759766 0.424805 0.763672 0.412109 0.753906 0.408203 0.728516
0 0.455078 0.760742 0.462891 0.770508 0.458008 0.786133 0.439453 0.788086 0.428711 0.78125 0.428711 0.761719
1 0.515625 0.827148 0.492188 0.833008 0.480469 0.849609 0.479492 0.87207 0.490234 0.885742 0.499023 0.904297 0.492188 0.923828 0.479492 0.941406 0.469727 0.957031 0.469727 0.957031 0.469727 0.975586 0.460938 0.983398 0.442383 0.983398 0.429688 0.991211 0.428711 1 0.509766 1 0.512695 0.985352 0.525391 0.972656 0.537109 0.979492 0.537109 0.979492 0.554688 0.981445 0.576172 0.969727 0.579102 0.950195 0.569336 0.930664 0.561523 0.915039 0.547852 0.911133 0.527344 0.857422 0.52832 0.851562
1 0.473633 0.291992 0.486328 0.294922 0.496094 0.3125 0.506836 0.329102 0.523438 0.328125 0.545898 0.334961 0.56543 0.349609 0.570312 0.371094 0.564453 0.383789 0.564453 0.397461 0.553711 0.396484 0.542969 0.405273 0.53125 0.413086 0.516602 0.416992 0.501953 0.411133 0.499023 0.397461 0.487305 0.389648 0.488281 0.374023 0.472656 0.365234 0.461914 0.351562 0.461914 0.336914 0.467773 0.319336 0.459961 0.303711
0 0.838867 0.895508 0.844727 0.90332 0.839844 0.913086 0.827148 0.915039 0.818359 0.901367 0.827148 0.891602
0 0.930664 0.751953 0.9375 0.75293 0.942383 0.764648 0.94043 0.772461 0.933594 0.773438 0.924805 0.763672 0.924805 0.754883 0.924805 0.754883
0 0.931641 0.771484 0.938477 0.78125 0.932617 0.793945 0.914062 0.799805 0.900391 0.793945 0.898438 0.78125 0.910156 0.773438 0.921875 0.772461
0 1 0.791016 0.984375 0.788086 0.972656 0.793945 0.96875 0.807617 0.972656 0.827148 0.984375 0.831055 0.991211 0.834961 1 0.836914
0 0.774414 0.786133 0.787109 0.790039 0.790039 0.810547 0.774414 0.818359 0.751953 0.8125 0.754883 0.793945
0 0.794922 0.786133 0.807617 0.789062 0.80957 0.804688 0.80957 0.804688 0.801758 0.807617 0.792969 0.804688 0.790039 0.792969
0 0.797852 0.808594 0.807617 0.81543 0.806641 0.831055 0.806641 0.831055 0.791992 0.833984 0.791992 0.833984 0.783203 0.824219 0.783203 0.824219 0.785156 0.810547
1 0.797852 0.771484 0.792969 0.783203 0.776367 0.787109 0.753906 0.790039 0.737305 0.797852 0.716797 0.795898 0.704102 0.787109 0.712891 0.769531 0.700195 0.754883 0.699219 0.743164 0.685547 0.728516 0.677734 0.703125 0.671875 0.686523 0.65625 0.677734 0.636719 0.661133 0.652344 0.642578 0.666016 0.637695 0.663086 0.610352 0.672852 0.594727 0.689453 0.585938 0.703125 0.597656 0.702148 0.621094 0.719727 0.625 0.736328 0.65625 0.741211 0.673828 0.748047 0.692383 0.765625 0.701172 0.769531 0.72168 0.786133 0.732422 0.798828 0.754883
0 0.729492 0.831055 0.745117 0.829102 0.754883 0.835938 0.75293 0.851562 0.734375 0.859375 0.734375 0.859375 0.71875 0.852539 0.717773 0.835938
0 0.723633 0.798828 0.744141 0.794922 0.753906 0.813477 0.74707 0.831055 0.725586 0.832031 0.712891 0.818359 0.712891 0.805664
0 0.668945 0.686523 0.668945 0.701172 0.655273 0.704102 0.648438 0.696289 0.651367 0.686523 0.660156 0.679688
0 0.869141 0.535156 0.87793 0.53418 0.882812 0.541016 0.880859 0.548828 0.867188 0.547852
0 0.895508 0.525391 0.910156 0.525391 0.916992 0.535156 0.912109 0.552734 0.898438 0.551758 0.891602 0.539062
0 0.94043 0.527344 0.947266 0.536133 0.943359 0.542969 0.933594 0.541992 0.929688 0.529297 0.931641 0.524414
1 0.737305 0.499023 0.74707 0.50293 0.74707 0.50293 0.760742 0.504883 0.767578 0.506836 0.767578 0.506836 0.775391 0.513672 0.789062 0.510742 0.800781 0.505859 0.821289 0.507812 0.826172 0.522461 0.819336 0.533203 0.818359 0.543945 0.833008 0.546875 0.847656 0.541016 0.867188 0.544922 0.868164 0.563477 0.868164 0.563477 0.861328 0.574219 0.860352 0.583984 0.84668 0.588867 0.832031 0.585938 0.820312 0.600586 0.807617 0.602539 0.794922 0.59375 0.777344 0.599609 0.760742 0.602539 0.756836 0.609375 0.741211 0.606445 0.740234 0.591797 0.742188 0.577148 0.736328 0.56543 0.730469 0.549805 0.738281 0.535156 0.750977 0.52832 0.75293 0.519531 0.743164 0.516602 0.736328 0.508789
0 0.844727 0.469727 0.855469 0.477539 0.854492 0.489258 0.84082 0.493164 0.84082 0.493164 0.830078 0.485352 0.830078 0.474609
1 0.876953 0.0166016 0.895508 0.00585938 0.913086 0.0136719 0.925781 0.0380859 0.918945 0.0566406 0.912109 0.0771484 0.918945 0.0947266 0.915039 0.116211 0.908203 0.133789 0.899414 0.15332 0.874023 0.151367 0.857422 0.131836 0.859375 0.103516 0.856445 0.0800781 0.845703 0.0664062 0.841797 0.0410156 0.849609 0.0195312 0.861328 0.0185547
1 0.96582 0.228516 0.976562 0.234375 0.992188 0.238281 1 0.239258 1 0.268555 0.990234 0.269531 0.976562 0.265625 0.976562 0.265625 0.962891 0.267578 0.946289 0.264648 0.9375 0.265625 0.928711 0.276367 0.910156 0.276367 0.899414 0.266602 0.90625 0.24707 0.915039 0.240234 0.928711 0.242188 0.947266 0.227539
0 0.916016 0.166992 0.936523 0.180664 0.943359 0.203125 0.954102 0.220703 0.952148 0.227539 0.935547 0.234375 0.917969 0.242188 0.895508 0.237305 0.875977 0.222656 0.868164 0.206055 0.87207 0.19043 0.884766 0.174805 0.894531 0.168945
0 0.40625 0.536133 0.392578 0.508789 0.413086 0.475586 0.436523 0.46582 0.461914 0.472656 0.475586 0.490234 0.478516 0.501953
