1 0 0.0136719 0.0224609 0.0351562 0.0273438 0.0283203 0.0351562 0.0283203 0.0458984 0.0527344 0.0625 0.0654297 0.0810547 0.0576172 0.0927734 0.0527344 0.100586 0.0517578 0.106445 0.0419922 0.118164 0.0458984 0.128906 0.0546875 0.146484 0.0585938 0.148438 0.0429688 0.15332 0.0253906 0.147461 0.0205078 0.147461 0.0136719 0.142578 0.00683594 0.142578 0 0 0
0 0.100586 0.249023 0.114258 0.243164 0.129883 0.245117 0.133789 0.25293 0.137695 0.268555 0.129883 0.270508 0.119141 0.28125 0.111328 0.282227 0.0996094 0.273438 0.0996094 0.264648 0.0986328 0.257812 0.101562 0.255859
0 0.0996094 0.335938 0.112305 0.337891 0.118164 0.339844 0.119141 0.344727 0.124023 0.344727 0.121094 0.352539 0.116211 0.358398 0.113281 0.363281 0.105469 0.365234 0.0966797 0.365234 0.0917969 0.351562 0.0986328 0.34375
0 0.101562 0.427734 0.104492 0.439453 0.0996094 0.446289 0.102539 0.453125 0.0917969 0.457031 0.0869141 0.451172 0.0742188 0.447266 0.0771484 0.441406 0.078125 0.439453 0.0830078 0.43457 0.0869141 0.433594 0.0908203 0.430664 0.0947266 0.429688 0.0966797 0.425781
0 0.046875 0.738281 0.0410156 0.729492 0.0351562 0.725586 0.0351562 0.712891 0.0439453 0.704102 0.0605469 0.704102 0.0654297 0.709961 0.0595703 0.730469
0 0.0478516 0.802734 0.0458984 0.819336 0.0380859 0.826172 0.0332031 0.826172 0.0214844 0.8125 0.0292969 0.802734 0.0371094 0.796875
0 0.0351562 0.910156 0.0263672 0.921875 0.0195312 0.924805 0.0078125 0.90918 0.0136719 0.897461 0.0214844 0.888672 0.0283203 0.888672 0.0332031 0.894531 0.0341797 0.901367
0 0 0.986328 0.0078125 0.981445 0.0175781 0.982422 0.0244141 0.990234 0.0253906 1 0 1
0 0.0898438 1 0.0908203 0.996094 0.0878906 0.992188 0.0859375 0.993164 0.0849609 0.991211 0.0898438 0.986328 0.0908203 0.980469 0.0966797 0.978516 0.107422 0.97168 0.115234 0.977539 0.118164 0.987305 0.118164 0.992188 0.103516 1 0.0986328 1 0.09375 0.99707
0 0.18457 1 0.179688 0.986328 0.182617 0.96875 0.195312 0.96582 0.202148 0.958984 0.213867 0.959961 0.216797 0.97168 0.21875 0.979492 0.214844 0.987305 0.209961 0.996094 0.203125 1
0 0.114258 0.913086 0.108398 0.916016 0.0986328 0.90918 0.0976562 0.897461 0.103516 0.888672 0.108398 0.882812 0.116211 0.882812 0.12207 0.879883 0.12793 0.878906 0.12793 0.884766 0.130859 0.891602 0.130859 0.899414 0.126953 0.902344 0.124023 0.911133 0.119141 0.90918
0 0.200195 0.866211 0.211914 0.861328 0.226562 0.861328 0.236328 0.876953 0.236328 0.890625 0.230469 0.893555 0.228516 0.898438 0.219727 0.902344 0.21582 0.914062 0.199219 0.912109 0.188477 0.894531 0.19043 0.881836 0.192383 0.874023
0 0.295898 0.864258 0.304688 0.855469 0.3125 0.858398 0.317383 0.857422 0.321289 0.862305 0.326172 0.861328 0.326172 0.867188 0.321289 0.875977 0.317383 0.884766 0.304688 0.888672 0.294922 0.884766 0.294922 0.875 0.291992 0.87207
0 0.293945 0.945312 0.310547 0.944336 0.314453 0.950195 0.31543 0.964844 0.31543 0.969727 0.304688 0.973633 0.299805 0.984375 0.296875 0.991211 0.291992 0.987305 0.287109 0.987305 0.28125 0.982422 0.274414 0.976562 0.269531 0.96875 0.268555 0.958008 0.276367 0.951172 0.276367 0.944336 0.288086 0.94043
0 0.37793 0.939453 0.390625 0.931641 0.399414 0.936523 0.399414 0.941406 0.401367 0.947266 0.402344 0.956055 0.399414 0.961914 0.392578 0.967773 0.396484 0.972656 0.385742 0.978516 0.375 0.977539 0.37207 0.964844 0.369141 0.961914 0.371094 0.959961 0.371094 0.952148 0.368164 0.948242
0 0.0644531 0.645508 0.0585938 0.636719 0.0546875 0.638672 0.0537109 0.624023 0.0625 0.615234 0.0683594 0.611328 0.0800781 0.616211 0.0820312 0.62207 0.0791016 0.625977 0.0761719 0.631836 0.0664062 0.636719 0.0693359 0.641602
0 0.124023 0.820312 0.118164 0.807617 0.117188 0.799805 0.124023 0.792969 0.125977 0.779297 0.131836 0.782227 0.138672 0.782227 0.143555 0.791016 0.145508 0.800781 0.146484 0.8125 0.139648 0.814453 0.132812 0.823242
0 0.205078 0.789062 0.21582 0.777344 0.220703 0.777344 0.225586 0.765625 0.241211 0.772461 0.242188 0.780273 0.245117 0.785156 0.241211 0.791016 0.242188 0.797852 0.234375 0.802734 0.216797 0.813477 0.210938 0.806641 0.208008 0.802734 0.208984 0.796875 0.205078 0.794922
0 0.143555 0.731445 0.132812 0.727539 0.128906 0.708984 0.135742 0.704102 0.138672 0.695312 0.147461 0.697266 0.158203 0.696289 0.162109 0.705078 0.162109 0.712891 0.154297 0.720703 0.150391 0.72168 0.149414 0.727539
0 0.21875 0.700195 0.230469 0.688477 0.238281 0.686523 0.249023 0.6875 0.253906 0.691406 0.258789 0.696289 0.262695 0.701172 0.255859 0.706055 0.251953 0.710938 0.251953 0.714844 0.24707 0.716797 0.240234 0.722656 0.234375 0.723633 0.228516 0.724609 0.219727 0.72168 0.216797 0.714844 0.219727 0.709961
0 0.246094 0.625977 0.235352 0.623047 0.236328 0.605469 0.245117 0.597656 0.260742 0.592773 0.262695 0.610352 0.259766 0.619141
0 0.162109 0.635742 0.15332 0.641602 0.148438 0.641602 0.143555 0.639648 0.140625 0.640625 0.142578 0.633789 0.136719 0.626953 0.140625 0.624023 0.139648 0.616211 0.145508 0.616211 0.145508 0.608398 0.155273 0.602539 0.164062 0.603516 0.171875 0.603516 0.173828 0.606445 0.171875 0.611328 0.174805 0.614258 0.169922 0.620117 0.171875 0.623047
0 0.171875 0.546875 0.162109 0.546875 0.158203 0.541016 0.150391 0.536133 0.152344 0.533203 0.148438 0.527344 0.15332 0.521484 0.15918 0.518555 0.155273 0.511719 0.158203 0.506836 0.164062 0.507812 0.171875 0.505859 0.179688 0.507812 0.183594 0.515625 0.182617 0.523438 0.18457 0.52832 0.188477 0.533203 0.189453 0.538086 0.183594 0.538086 0.181641 0.540039 0.175781 0.541016 0.173828 0.548828
0 0.176758 0.458984 0.189453 0.46582 0.195312 0.46582 0.195312 0.457031 0.203125 0.453125 0.204102 0.441406 0.204102 0.432617 0.202148 0.420898 0.194336 0.416016 0.188477 0.419922 0.178711 0.419922 0.173828 0.425781 0.166016 0.426758 0.164062 0.441406 0.166016 0.448242 0.169922 0.447266 0.171875 0.450195 0.174805 0.451172 0.177734 0.455078
0 0.183594 0.327148 0.186523 0.330078 0.191406 0.324219 0.201172 0.326172 0.208008 0.329102 0.209961 0.333008 0.210938 0.338867 0.210938 0.344727 0.206055 0.361328 0.205078 0.368164 0.200195 0.366211 0.195312 0.367188 0.19043 0.363281 0.18457 0.360352 0.183594 0.356445 0.179688 0.355469 0.179688 0.348633 0.176758 0.347656 0.178711 0.342773 0.176758 0.338867 0.181641 0.336914 0.181641 0.331055
0 0.189453 0.240234 0.192383 0.237305 0.196289 0.237305 0.199219 0.232422 0.202148 0.232422 0.206055 0.229492 0.211914 0.229492 0.21582 0.234375 0.223633 0.242188 0.224609 0.24707 0.229492 0.25293 0.229492 0.262695 0.226562 0.268555 0.21875 0.269531 0.212891 0.279297 0.206055 0.27832 0.200195 0.274414 0.201172 0.270508 0.195312 0.271484 0.196289 0.266602 0.196289 0.261719 0.194336 0.261719 0.191406 0.256836 0.191406 0.25 0.189453 0.246094
0 0.301758 0.231445 0.310547 0.226562 0.313477 0.232422 0.326172 0.236328 0.320312 0.244141 0.318359 0.25293 0.3125 0.257812 0.307617 0.266602 0.299805 0.264648 0.291016 0.265625 0.282227 0.244141 0.288086 0.240234 0.288086 0.235352 0.292969 0.234375 0.296875 0.229492
0 0.384766 0.216797 0.392578 0.217773 0.398438 0.217773 0.404297 0.219727 0.40332 0.228516 0.410156 0.232422 0.411133 0.249023 0.401367 0.260742 0.394531 0.259766 0.384766 0.256836 0.378906 0.249023 0.375 0.236328 0.375977 0.229492 0.379883 0.232422 0.380859 0.22168
0 0.366211 0.334961 0.384766 0.347656 0.386719 0.341797 0.393555 0.34082 0.394531 0.334961 0.398438 0.329102 0.393555 0.323242 0.386719 0.318359 0.375977 0.318359 0.371094 0.316406 0.362305 0.325195
0 0.368164 0.404297 0.371094 0.40918 0.379883 0.405273 0.383789 0.40625 0.395508 0.40918 0.393555 0.415039 0.389648 0.419922 0.385742 0.424805 0.385742 0.429688 0.379883 0.43457 0.375977 0.442383 0.369141 0.442383 0.363281 0.446289 0.356445 0.438477 0.353516 0.431641 0.351562 0.416992 0.357422 0.414062 0.361328 0.40918
0 0.295898 0.424805 0.291992 0.432617 0.287109 0.4375 0.28125 0.4375 0.279297 0.443359 0.272461 0.446289 0.259766 0.443359 0.25 0.428711 0.255859 0.416992 0.256836 0.413086 0.261719 0.412109 0.262695 0.40918 0.277344 0.40918 0.277344 0.40918 0.28418 0.412109 0.290039 0.415039 0.296875 0.417969
0 0.349609 0.498047 0.366211 0.490234 0.370117 0.496094 0.379883 0.500977 0.37793 0.507812 0.375977 0.523438 0.371094 0.52832 0.362305 0.529297 0.351562 0.530273 0.34375 0.527344 0.341797 0.518555 0.34375 0.512695 0.339844 0.510742 0.339844 0.504883 0.34375 0.505859 0.344727 0.5
0 0.356445 0.587891 0.364258 0.588867 0.364258 0.600586 0.361328 0.609375 0.355469 0.620117 0.347656 0.62207 0.34375 0.618164 0.338867 0.618164 0.333008 0.610352 0.332031 0.600586 0.334961 0.591797 0.338867 0.588867 0.342773 0.585938 0.356445 0.584961
0 0.329102 0.672852 0.341797 0.672852 0.351562 0.677734 0.354492 0.69043 0.350586 0.704102 0.345703 0.706055 0.34375 0.712891 0.338867 0.71875 0.333984 0.716797 0.328125 0.71875 0.321289 0.709961 0.313477 0.704102 0.30957 0.700195 0.310547 0.688477 0.31543 0.683594 0.320312 0.674805 0.325195 0.667969
0 0.328125 0.764648 0.333008 0.767578 0.341797 0.766602 0.34375 0.772461 0.337891 0.775391 0.336914 0.787109 0.332031 0.796875 0.324219 0.803711 0.319336 0.803711 0.316406 0.799805 0.311523 0.796875 0.301758 0.787109 0.302734 0.776367 0.30957 0.766602 0.31543 0.765625 0.318359 0.766602 0.324219 0.762695
0 0.47168 0.920898 0.475586 0.925781 0.487305 0.923828 0.494141 0.928711 0.494141 0.936523 0.49707 0.94043 0.496094 0.945312 0.5 0.946289 0.500977 0.958984 0.495117 0.960938 0.489258 0.963867 0.486328 0.974609 0.478516 0.974609 0.47168 0.96875 0.464844 0.963867 0.459961 0.957031 0.46582 0.949219 0.463867 0.939453 0.46582 0.931641 0.469727 0.930664
0 0.553711 0.924805 0.555664 0.932617 0.554688 0.942383 0.55957 0.951172 0.571289 0.956055 0.576172 0.958984 0.579102 0.961914 0.586914 0.963867 0.584961 0.958984 0.581055 0.956055 0.582031 0.954102 0.589844 0.953125 0.589844 0.946289 0.591797 0.943359 0.588867 0.938477 0.587891 0.932617 0.585938 0.928711 0.583008 0.924805 0.580078 0.918945 0.578125 0.916992 0.573242 0.917969 0.568359 0.918945 0.564453 0.919922 0.557617 0.919922
0 0.561523 0.835938 0.576172 0.822266 0.59375 0.820312 0.597656 0.833984 0.602539 0.84082 0.599609 0.855469 0.59082 0.871094 0.581055 0.867188 0.575195 0.87207 0.560547 0.858398 0.560547 0.849609
0 0.509766 0.851562 0.507812 0.866211 0.506836 0.87207 0.498047 0.879883 0.489258 0.880859 0.472656 0.866211 0.470703 0.858398 0.478516 0.849609 0.477539 0.839844 0.483398 0.834961 0.492188 0.834961 0.499023 0.831055
0 0.430664 0.770508 0.429688 0.78418 0.425781 0.789062 0.421875 0.789062 0.416016 0.797852 0.411133 0.793945 0.393555 0.783203 0.393555 0.783203 0.393555 0.772461 0.394531 0.760742 0.401367 0.756836 0.407227 0.751953 0.415039 0.751953 0.425781 0.755859 0.425781 0.763672
0 0.477539 0.768555 0.49707 0.780273 0.509766 0.78418 0.517578 0.783203 0.520508 0.77832 0.520508 0.771484 0.522461 0.763672 0.518555 0.757812 0.514648 0.749023 0.501953 0.745117 0.488281 0.751953 0.487305 0.759766
0 0.421875 0.700195 0.413086 0.697266 0.40918 0.685547 0.408203 0.676758 0.40918 0.669922 0.418945 0.666016 0.430664 0.666992 0.438477 0.676758 0.444336 0.68457 0.436523 0.69043 0.432617 0.693359 0.426758 0.695312
0 0.419922 0.580078 0.433594 0.572266 0.455078 0.578125 0.457031 0.587891 0.452148 0.602539 0.441406 0.610352 0.43457 0.607422 0.426758 0.606445 0.416992 0.598633 0.419922 0.59082 0.416016 0.585938
0 0.438477 0.520508 0.450195 0.517578 0.456055 0.515625 0.46875 0.507812 0.46875 0.496094 0.453125 0.481445 0.445312 0.483398 0.43457 0.483398 0.427734 0.498047 0.429688 0.511719 0.431641 0.519531
0 0.445312 0.401367 0.453125 0.401367 0.46582 0.389648 0.475586 0.392578 0.483398 0.401367 0.483398 0.408203 0.480469 0.419922 0.476562 0.423828 0.464844 0.429688 0.451172 0.426758 0.443359 0.413086
0 0.458008 0.308594 0.477539 0.299805 0.491211 0.314453 0.490234 0.326172 0.483398 0.331055 0.469727 0.342773 0.456055 0.333008 0.456055 0.327148 0.451172 0.322266 0.452148 0.313477
0 0.49707 0.21582 0.506836 0.22168 0.516602 0.232422 0.516602 0.242188 0.512695 0.255859 0.501953 0.263672 0.488281 0.261719 0.479492 0.258789 0.476562 0.245117 0.473633 0.236328 0.473633 0.220703 0.482422 0.21875 0.491211 0.213867
0 0.5625 0.211914 0.577148 0.207031 0.584961 0.211914 0.584961 0.231445 0.579102 0.236328 0.567383 0.238281 0.557617 0.225586
0 0.543945 0.295898 0.56543 0.289062 0.582031 0.300781 0.581055 0.318359 0.573242 0.327148 0.564453 0.326172 0.558594 0.332031 0.548828 0.326172 0.545898 0.304688
0 0.560547 0.381836 0.568359 0.395508 0.563477 0.404297 0.55957 0.416016 0.548828 0.417969 0.541992 0.413086 0.537109 0.413086 0.53418 0.402344 0.538086 0.393555 0.543945 0.384766
0 0.5625 0.490234 0.556641 0.495117 0.557617 0.50293 0.552734 0.503906 0.550781 0.508789 0.541016 0.514648 0.53418 0.516602 0.518555 0.490234 0.532227 0.473633 0.556641 0.479492
0 0.513672 0.575195 0.521484 0.567383 0.535156 0.569336 0.541992 0.583008 0.538086 0.59375 0.53125 0.59668 0.522461 0.599609 0.515625 0.597656 0.509766 0.585938 0.512695 0.583008
0 0.524414 0.651367 0.530273 0.65918 0.533203 0.670898 0.532227 0.678711 0.527344 0.692383 0.519531 0.695312 0.509766 0.685547 0.49707 0.679688 0.49707 0.666992 0.50293 0.661133 0.506836 0.654297 0.514648 0.649414
0 0.723633 1 0.729492 0.984375 0.736328 0.983398 0.753906 0.992188 0.753906 1
0 0.803711 1 0.804688 0.985352 0.813477 0.975586 0.823242 0.97168 0.829102 0.976562 0.84082 0.982422 0.845703 0.992188 0.845703 1
0 0.902344 1 0.891602 0.986328 0.893555 0.977539 0.893555 0.972656 0.898438 0.966797 0.90625 0.964844 0.90625 0.964844 0.914062 0.963867 0.924805 0.97168 0.927734 0.979492 0.930664 0.987305 0.933594 0.993164 0.931641 1
0 1 0.993164 0.989258 0.987305 0.983398 0.984375 0.977539 0.974609 0.977539 0.96875 0.983398 0.963867 0.984375 0.957031 0.990234 0.955078 0.99707 0.951172 1 0.951172
0 0.933594 0.90918 0.927734 0.90918 0.920898 0.904297 0.912109 0.90332 0.90332 0.892578 0.90918 0.888672 0.916016 0.880859 0.916992 0.880859 0.924805 0.878906 0.927734 0.874023 0.935547 0.87207 0.935547 0.885742 0.944336 0.890625 0.94043 0.894531 0.941406 0.897461 0.9375 0.900391 0.938477 0.905273
0 0.822266 0.905273 0.826172 0.892578 0.834961 0.886719 0.844727 0.883789 0.849609 0.897461 0.854492 0.898438 0.851562 0.90332 0.849609 0.910156 0.845703 0.915039 0.845703 0.920898 0.841797 0.918945 0.836914 0.919922 0.827148 0.916016 0.827148 0.910156
0 0.759766 0.933594 0.755859 0.93457 0.745117 0.935547 0.740234 0.929688 0.740234 0.929688 0.733398 0.929688 0.731445 0.923828 0.730469 0.90918 0.733398 0.897461 0.74707 0.893555 0.758789 0.897461 0.762695 0.90625 0.768555 0.908203 0.767578 0.913086 0.774414 0.925781 0.766602 0.923828 0.767578 0.929688 0.766602 0.933594 0.767578 0.9375
0 0.65625 0.946289 0.647461 0.946289 0.642578 0.942383 0.641602 0.926758 0.644531 0.908203 0.646484 0.902344 0.654297 0.907227 0.663086 0.907227 0.672852 0.913086 0.680664 0.923828 0.679688 0.930664 0.678711 0.948242 0.671875 0.944336 0.666992 0.947266 0.666992 0.950195
0 0.65918 0.820312 0.668945 0.814453 0.681641 0.819336 0.689453 0.826172 0.697266 0.834961 0.691406 0.839844 0.692383 0.84668 0.685547 0.847656 0.680664 0.853516 0.677734 0.851562 0.673828 0.856445 0.666016 0.856445 0.657227 0.849609 0.657227 0.839844 0.654297 0.833008
0 0.757812 0.808594 0.762695 0.805664 0.769531 0.80957 0.775391 0.816406 0.780273 0.821289 0.78125 0.830078 0.78125 0.841797 0.77832 0.847656 0.774414 0.849609 0.767578 0.850586 0.761719 0.848633 0.75293 0.849609 0.748047 0.837891 0.744141 0.830078 0.746094 0.81543 0.75 0.811523
0 0.844727 0.802734 0.851562 0.796875 0.855469 0.795898 0.859375 0.800781 0.864258 0.806641 0.865234 0.816406 0.865234 0.822266 0.866211 0.828125 0.857422 0.834961 0.84668 0.836914 0.838867 0.830078 0.834961 0.827148 0.835938 0.820312 0.832031 0.819336 0.834961 0.808594
0 0.928711 0.786133 0.9375 0.791016 0.945312 0.791016 0.955078 0.803711 0.957031 0.81543 0.953125 0.819336 0.952148 0.826172 0.948242 0.827148 0.942383 0.831055 0.939453 0.827148 0.933594 0.826172 0.923828 0.820312 0.921875 0.816406 0.916016 0.813477 0.916992 0.802734 0.918945 0.792969 0.921875 0.791016 0.925781 0.791016
0 0.951172 0.703125 0.957031 0.707031 0.961914 0.716797 0.967773 0.720703 0.973633 0.731445 0.96875 0.733398 0.959961 0.730469 0.952148 0.731445 0.949219 0.725586 0.941406 0.731445 0.926758 0.730469 0.927734 0.720703 0.929688 0.710938 0.936523 0.708008
0 0.878906 0.740234 0.880859 0.730469 0.884766 0.726562 0.876953 0.714844 0.869141 0.709961 0.854492 0.708984 0.847656 0.719727 0.84375 0.731445 0.851562 0.741211 0.859375 0.741211 0.862305 0.742188 0.865234 0.740234 0.871094 0.743164 0.874023 0.743164 0.874023 0.740234 0.87793 0.743164
0 0.75293 0.741211 0.758789 0.733398 0.767578 0.726562 0.770508 0.727539 0.776367 0.724609 0.786133 0.730469 0.786133 0.736328 0.78418 0.746094 0.77832 0.75293 0.773438 0.75 0.772461 0.750977 0.762695 0.75 0.758789 0.74707
0 0.705078 0.746094 0.699219 0.750977 0.700195 0.759766 0.696289 0.762695 0.696289 0.770508 0.69043 0.767578 0.686523 0.766602 0.683594 0.762695 0.677734 0.758789 0.672852 0.757812 0.672852 0.742188 0.670898 0.737305 0.672852 0.732422 0.673828 0.732422 0.681641 0.729492 0.685547 0.723633 0.685547 0.723633 0.691406 0.726562 0.701172 0.728516 0.699219 0.732422 0.701172 0.737305
0 0.579102 0.766602 0.574219 0.751953 0.581055 0.741211 0.595703 0.740234 0.601562 0.744141 0.605469 0.75 0.607422 0.75 0.611328 0.769531 0.608398 0.769531 0.607422 0.771484 0.603516 0.769531 0.601562 0.773438 0.597656 0.773438 0.59082 0.774414 0.584961 0.770508
0 0.595703 0.648438 0.617188 0.646484 0.626953 0.655273 0.623047 0.677734 0.612305 0.68457 0.591797 0.681641 0.587891 0.663086 0.59082 0.661133
0 0.682617 0.633789 0.688477 0.629883 0.700195 0.629883 0.711914 0.639648 0.72168 0.648438 0.723633 0.652344 0.720703 0.662109 0.720703 0.662109 0.717773 0.666992 0.708984 0.675781 0.698242 0.679688 0.691406 0.680664 0.68457 0.674805 0.677734 0.666992 0.677734 0.658203 0.678711 0.647461 0.68457 0.643555
0 0.632812 0.584961 0.631836 0.589844 0.625 0.591797 0.618164 0.598633 0.602539 0.587891 0.601562 0.581055 0.59668 0.571289 0.601562 0.570312 0.604492 0.560547 0.610352 0.556641 0.610352 0.556641 0.621094 0.556641 0.629883 0.564453 0.639648 0.570312 0.638672 0.583008
0 0.709961 0.544922 0.71875 0.554688 0.724609 0.55957 0.729492 0.563477 0.726562 0.569336 0.725586 0.576172 0.717773 0.580078 0.708984 0.579102 0.703125 0.579102 0.693359 0.569336 0.691406 0.555664 0.700195 0.544922
0 0.770508 0.635742 0.77832 0.628906 0.78418 0.62793 0.78418 0.62793 0.789062 0.625977 0.793945 0.625977 0.794922 0.634766 0.800781 0.638672 0.806641 0.644531 0.803711 0.654297 0.799805 0.65918 0.792969 0.660156 0.791992 0.665039 0.785156 0.665039 0.77832 0.664062 0.769531 0.650391
0 0.866211 0.626953 0.87207 0.62207 0.878906 0.618164 0.880859 0.625 0.887695 0.638672 0.884766 0.644531 0.880859 0.651367 0.875 0.652344 0.867188 0.652344 0.859375 0.647461 0.858398 0.636719
0 0.944336 0.606445 0.952148 0.609375 0.959961 0.609375 0.963867 0.613281 0.96875 0.615234 0.974609 0.624023 0.978516 0.634766 0.975586 0.639648 0.970703 0.641602 0.958984 0.645508 0.949219 0.636719 0.942383 0.630859 0.936523 0.626953 0.94043 0.617188
0 0.949219 0.533203 0.953125 0.521484 0.96582 0.521484 0.982422 0.520508 0.988281 0.525391 0.993164 0.533203 0.994141 0.540039 0.994141 0.545898 0.990234 0.546875 0.987305 0.549805 0.982422 0.553711 0.974609 0.555664 0.970703 0.55957 0.964844 0.555664 0.963867 0.551758 0.958984 0.553711 0.952148 0.547852 0.948242 0.539062
0 0.90625 0.538086 0.90918 0.548828 0.910156 0.561523 0.90625 0.567383 0.898438 0.564453 0.882812 0.561523 0.874023 0.5625 0.871094 0.555664 0.873047 0.550781 0.870117 0.541992 0.876953 0.537109 0.880859 0.52832 0.892578 0.535156 0.900391 0.533203
0 0.782227 0.546875 0.791992 0.544922 0.794922 0.540039 0.803711 0.537109 0.807617 0.540039 0.81543 0.543945 0.814453 0.547852 0.81543 0.550781 0.81543 0.554688 0.820312 0.55957 0.816406 0.5625 0.810547 0.5625 0.806641 0.570312 0.798828 0.569336 0.795898 0.56543 0.792969 0.56543 0.790039 0.567383 0.78418 0.564453 0.782227 0.560547 0.78418 0.556641 0.78125 0.553711 0.78125 0.549805
0 0.277344 0.341797 0.285156 0.349609 0.295898 0.345703 0.296875 0.336914 0.300781 0.334961 0.291992 0.328125 0.28418 0.331055 0.282227 0.333984 0.279297 0.333984
0 0.967773 0.454102 0.976562 0.443359 0.986328 0.442383 0.995117 0.449219 1 0.459961 0.995117 0.474609 0.985352 0.479492 0.972656 0.476562 0.96582 0.470703 0.964844 0.457031
0 0.911133 0.445312 0.914062 0.450195 0.918945 0.459961 0.917969 0.463867 0.912109 0.464844 0.910156 0.470703 0.904297 0.472656 0.898438 0.473633 0.890625 0.47168 0.884766 0.46875 0.87793 0.456055 0.888672 0.444336 0.898438 0.44043 0.908203 0.441406
0 0.827148 0.469727 0.820312 0.472656 0.813477 0.470703 0.81543 0.479492 0.810547 0.480469 0.808594 0.481445 0.800781 0.481445 0.793945 0.476562 0.788086 0.458984 0.795898 0.456055 0.804688 0.448242 0.817383 0.447266 0.825195 0.454102 0.828125 0.462891
0 0.71875 0.498047 0.71582 0.494141 0.713867 0.488281 0.709961 0.490234 0.704102 0.487305 0.703125 0.478516 0.707031 0.469727 0.705078 0.458984 0.717773 0.455078 0.729492 0.459961 0.737305 0.467773 0.737305 0.477539 0.732422 0.483398
0 0.643555 0.50293 0.645508 0.49707 0.648438 0.492188 0.648438 0.485352 0.645508 0.47168 0.635742 0.463867 0.625 0.464844 0.621094 0.472656 0.614258 0.476562 0.618164 0.479492 0.613281 0.486328 0.613281 0.489258 0.615234 0.494141 0.614258 0.496094 0.623047 0.500977 0.626953 0.5 0.632812 0.5 0.636719 0.500977 0.638672 0.50293 0.641602 0.50293
0 0.628906 0.383789 0.639648 0.378906 0.648438 0.378906 0.655273 0.380859 0.661133 0.392578 0.661133 0.399414 0.654297 0.40332 0.646484 0.412109 0.639648 0.416016 0.62793 0.414062 0.625 0.405273 0.62793 0.402344 0.626953 0.396484 0.626953 0.388672 0.629883 0.388672
0 0.716797 0.399414 0.726562 0.40625 0.741211 0.404297 0.749023 0.396484 0.751953 0.386719 0.745117 0.376953 0.740234 0.374023 0.731445 0.371094 0.72168 0.366211 0.719727 0.37207 0.717773 0.380859 0.71582 0.385742 0.714844 0.393555
0 0.81543 0.363281 0.820312 0.360352 0.826172 0.363281 0.827148 0.370117 0.834961 0.375 0.833984 0.37793 0.838867 0.383789 0.838867 0.388672 0.831055 0.393555 0.824219 0.397461 0.822266 0.40332 0.816406 0.396484 0.813477 0.399414 0.806641 0.395508 0.799805 0.395508 0.799805 0.395508 0.800781 0.385742 0.797852 0.378906 0.799805 0.37207 0.804688 0.369141 0.807617 0.362305 0.8125 0.361328
0 0.916016 0.348633 0.926758 0.353516 0.930664 0.363281 0.936523 0.373047 0.932617 0.382812 0.920898 0.383789 0.915039 0.388672 0.905273 0.388672 0.893555 0.390625 0.888672 0.382812 0.885742 0.367188 0.892578 0.353516 0.897461 0.352539 0.902344 0.351562
0 1 0.387695 0.992188 0.380859 0.985352 0.380859 0.978516 0.380859 0.974609 0.361328 0.988281 0.350586 0.994141 0.351562 1 0.348633
0 0.99707 0.292969 0.986328 0.292969 0.986328 0.283203 0.982422 0.276367 0.983398 0.273438 0.987305 0.272461 0.991211 0.262695 0.996094 0.257812 1 0.261719 1 0.290039
0 0.902344 0.290039 0.899414 0.27832 0.90625 0.270508 0.910156 0.264648 0.918945 0.263672 0.929688 0.260742 0.935547 0.264648 0.941406 0.268555 0.942383 0.275391 0.942383 0.28125 0.941406 0.289062 0.928711 0.295898 0.920898 0.301758 0.907227 0.301758 0.902344 0.292969 0.905273 0.289062
0 0.844727 0.302734 0.842773 0.303711 0.845703 0.308594 0.837891 0.310547 0.834961 0.3125 0.833984 0.30957 0.829102 0.310547 0.827148 0.307617 0.826172 0.305664 0.818359 0.305664 0.8125 0.298828 0.81543 0.295898 0.813477 0.289062 0.816406 0.289062 0.814453 0.28125 0.820312 0.279297 0.824219 0.277344 0.827148 0.272461 0.832031 0.274414 0.834961 0.275391 0.836914 0.280273 0.841797 0.27832 0.845703 0.28125 0.849609 0.286133 0.849609 0.288086 0.849609 0.292969 0.849609 0.295898 0.850586 0.301758 0.847656 0.302734 0.84668 0.300781
0 0.744141 0.314453 0.739258 0.314453 0.732422 0.314453 0.728516 0.314453 0.726562 0.307617 0.725586 0.293945 0.733398 0.289062 0.744141 0.28418 0.75293 0.287109 0.753906 0.293945 0.754883 0.298828 0.761719 0.305664 0.758789 0.30957 0.756836 0.314453 0.754883 0.3125 0.75293 0.3125 0.750977 0.311523 0.74707 0.310547 0.749023 0.314453 0.74707 0.31543 0.745117 0.3125 0.744141 0.3125
0 0.651367 0.320312 0.65918 0.320312 0.665039 0.320312 0.672852 0.320312 0.677734 0.311523 0.667969 0.297852 0.664062 0.288086 0.65625 0.288086 0.649414 0.297852 0.642578 0.303711 0.634766 0.30957 0.634766 0.320312 0.640625 0.324219 0.650391 0.325195 0.650391 0.322266
0 0.647461 0.234375 0.663086 0.235352 0.673828 0.235352 0.681641 0.228516 0.686523 0.208008 0.672852 0.203125 0.662109 0.198242 0.649414 0.203125 0.646484 0.217773
0 0.738281 0.19043 0.74707 0.185547 0.755859 0.18457 0.756836 0.188477 0.760742 0.193359 0.766602 0.191406 0.772461 0.193359 0.777344 0.199219 0.773438 0.209961 0.771484 0.217773 0.770508 0.229492 0.764648 0.227539 0.762695 0.228516 0.750977 0.231445 0.741211 0.226562 0.737305 0.213867 0.734375 0.207031 0.735352 0.202148 0.739258 0.199219 0.736328 0.196289
0 0.835938 0.19043 0.844727 0.182617 0.849609 0.182617 0.851562 0.1875 0.864258 0.188477 0.864258 0.203125 0.861328 0.208008 0.858398 0.212891 0.850586 0.212891 0.844727 0.21875 0.844727 0.21875 0.828125 0.212891 0.829102 0.192383
0 0.922852 0.18457 0.933594 0.180664 0.938477 0.1875 0.945312 0.192383 0.949219 0.201172 0.945312 0.206055 0.942383 0.210938 0.942383 0.210938 0.93457 0.216797 0.923828 0.21582 0.916016 0.207031 0.916992 0.199219 0.917969 0.192383 0.918945 0.19043
0 0.574219 0.0595703 0.581055 0.0527344 0.588867 0.0585938 0.59375 0.0517578 0.59375 0.0458984 0.59082 0.0351562 0.591797 0.0224609 0.578125 0.0185547 0.5625 0.0107422 0.551758 0.0175781 0.547852 0.0195312 0.540039 0.0205078 0.533203 0.0292969 0.535156 0.0400391 0.540039 0.0517578 0.546875 0.0585938 0.552734 0.0585938 0.560547 0.0625 0.568359 0.0625
0 0.624023 0.0644531 0.631836 0.0576172 0.642578 0.0507812 0.648438 0.0498047 0.644531 0.0361328 0.644531 0.0244141 0.640625 0.0224609 0.632812 0.0185547 0.626953 0.0292969 0.615234 0.0185547 0.607422 0.0175781 0.597656 0.0234375 0.595703 0.0410156 0.59668 0.0556641 0.601562 0.0615234 0.606445 0.0546875 0.609375 0.0527344 0.612305 0.0546875 0.614258 0.0585938 0.618164 0.0585938
0 0.720703 0.0390625 0.71582 0.0410156 0.707031 0.0410156 0.694336 0.0400391 0.693359 0.0322266 0.689453 0.0283203 0.692383 0.0253906 0.68457 0.0234375 0.686523 0.0205078 0.6875 0.0175781 0.692383 0.0166016 0.693359 0.0126953 0.705078 0.00390625 0.707031 0 0.724609 0 0.735352 0.0107422 0.735352 0.0107422 0.741211 0.0224609 0.734375 0.0302734 0.731445 0.0332031 0.731445 0.0371094 0.726562 0.0410156
0 0.792969 0.0644531 0.801758 0.0527344 0.810547 0.0546875 0.81543 0.0410156 0.821289 0.0332031 0.822266 0.0234375 0.818359 0.0136719 0.8125 0.00878906 0.808594 0.0078125 0.806641 0 0.791992 0 0.783203 0.00878906 0.77832 0.0283203 0.782227 0.0380859 0.772461 0.0429688 0.776367 0.0488281 0.777344 0.0537109 0.780273 0.0585938 0.78418 0.0537109 0.791016 0.0556641
0 0.875977 0.0537109 0.867188 0.0400391 0.862305 0.0302734 0.863281 0.0185547 0.869141 0.015625 0.871094 0.0078125 0.876953 0.00488281 0.876953 0.00488281 0.898438 0.00292969 0.913086 0.00976562 0.915039 0.0146484 0.915039 0.0185547 0.90918 0.0351562 0.902344 0.0380859 0.896484 0.0380859 0.897461 0.0458984 0.891602 0.046875 0.886719 0.0517578
0 0.388672 0.855469 0.407227 0.847656 0.413086 0.860352 0.408203 0.87793 0.391602 0.876953 0.386719 0.866211
0 0.0878906 0.506836 0.101562 0.513672 0.110352 0.53125 0.101562 0.549805 0.0898438 0.560547 0.0859375 0.574219 0.0703125 0.569336 0.0703125 0.569336 0.0683594 0.545898 0.0810547 0.533203 0.0771484 0.514648
