0 0.0726172 0.12041 0.0634766 0.112305 0.0634062 0.121935 0.0539463 0.121935 0.0478516 0.116211 0.0332031 0.129883 0.0273438 0.123047 0.0244141 0.116211 0.0361328 0.108398 0.0341797 0.104492 0.0126953 0.106445 0.0146484 0.0976562 0.0302734 0.0927734 0.0263672 0.0869141 0.0117188 0.0849609 0.00683594 0.078125 0.0117188 0.0761719 0.0263672 0.078125 0.0126953 0.0693359 0.00976562 0.0566406 0.0419922 0.0683594 0.0166016 0.0517578 0.0263672 0.0371094 0.0341797 0.0273438 0.0419922 0.0390625 0.0546875 0.0595703 0.0527344 0.0371094 0.0634766 0.0244141 0.0771484 0.0332031 0.0859375 0.0195312 0.0927734 0.0234375 0.09375 0.0361328 0.0820312 0.0517578 0.0908203 0.0478516 0.101562 0.0332031 0.107422 0.0380859 0.100586 0.0498047 0.0859375 0.0634766 0.117188 0.0458984 0.116211 0.0615234 0.111328 0.0683594 0.125 0.0644531 0.118164 0.0761719 0.0976562 0.0800781 0.105469 0.0888672 0.121094 0.0986328 0.115234 0.100586 0.104492 0.0966797 0.107422 0.105469 0.103516 0.109375 0.0908203 0.0888672 0.0957031 0.105469 0.09375 0.118164 0.0820312 0.103516 0.0791016 0.112305
0 0.183594 0.0751953 0.175781 0.0966797 0.174805 0.0771484 0.164062 0.0888672 0.158203 0.0898438 0.158203 0.0693359 0.139648 0.0859375 0.130859 0.0859375 0.117188 0.0566406 0.132812 0.0458984 0.132812 0.046875 0.117188 0.0292969 0.12793 0.0205078 0.144531 0.0302734 0.140625 0.0185547 0.124023 0 0.160156 0 0.188194 0.000583984 0.209961 0.00585938 0.217522 0.0134648 0.224097 0.0286563 0.223229 0.0481191 0.214616 0.0661592 0.205078 0.0869141
0 0.281061 0.0546152 0.267578 0.0556641 0.25 0.0595703 0.228516 0.0449219 0.24707 0.0224609 0.237305 0.00585938 0.245556 0.000860352 0.280765 0 0.309989 0 0.304688 0.0107422 0.324219 0.00488281 0.319336 0.0205078 0.326406 0.0329238 0.316802 0.0473437 0.301185 0.0533184
0 0.297964 0.133061 0.276367 0.15918 0.27832 0.138672 0.257812 0.143555 0.257812 0.126953 0.257173 0.113868 0.260317 0.0918877 0.27832 0.0615234 0.291992 0.0849609 0.293945 0.0605469 0.301758 0.0644531 0.301758 0.0888672 0.326172 0.0683594 0.327148 0.0771484 0.3125 0.0957031 0.339844 0.0820312 0.344652 0.0901592 0.338867 0.09375 0.313477 0.108398 0.345703 0.103516 0.332988 0.130005 0.321808 0.133135 0.305002 0.134155
0 0.186738 0.223714 0.170898 0.230469 0.160156 0.228516 0.139648 0.226562 0.138672 0.203125 0.144531 0.182617 0.163086 0.172852 0.181641 0.183594 0.205429 0.191335 0.196919 0.217225
0 0.185547 0.192383 0.144531 0.178711 0.131836 0.162109 0.138672 0.148438 0.15918 0.143555 0.140625 0.132812 0.143555 0.116211 0.149927 0.110634 0.166645 0.101625 0.18642 0.100589 0.208914 0.105379 0.224229 0.124651 0.225586 0.15625 0.217773 0.176758 0.202148 0.186523
0 0.0564902 0.224066 0.0400391 0.229492 0.0537109 0.242188 0.0507812 0.25 0.0263672 0.249023 0.00878906 0.25293 0.000976562 0.233398 0.00195312 0.209961 0.015625 0.204102 0.0273438 0.188477 0.0340693 0.18986 0.0571582 0.199372 0.0632256 0.216432
0 0.00142871 0.288738 0.0224609 0.271484 0.0458984 0.272461 0.0575947 0.287185 0.0490117 0.304933 0.0595703 0.306641 0.0498047 0.318359 0.0556641 0.326172 0.0537158 0.335579 0.0449219 0.341797 0.0438203 0.356624 0.0241514 0.36461 0 0.36461
0 0.0732422 0.222656 0.0673828 0.208984 0.0537109 0.209961 0.0379375 0.178906 0.0427549 0.163159 0.0489902 0.133942 0.0706729 0.12352 0.0859375 0.107422 0.117188 0.110352 0.134784 0.135401 0.141652 0.156587 0.143555 0.186523 0.124023 0.206055
0 0.130292 0.233599 0.117172 0.264517 0.14712 0.240807 0.156902 0.271063 0.150215 0.301041 0.142578 0.333008 0.102539 0.338867 0.0722656 0.333008 0.0700928 0.315677 0.0731621 0.289818 0.0566406 0.291016 0.0751953 0.277344 0.0597744 0.251799 0.0718105 0.236082 0.0893838 0.248073 0.103317 0.233198 0.123552 0.237115
0 0.306214 0.274694 0.295006 0.264003 0.286045 0.243908 0.282636 0.214638 0.301758 0.210938 0.307617 0.193359 0.326172 0.181641 0.332921 0.203963 0.337518 0.209881 0.337569 0.217393 0.34668 0.206055 0.358398 0.195312 0.347722 0.218538 0.358345 0.211327 0.368164 0.209961 0.363357 0.222415 0.373469 0.22342 0.358156 0.239429 0.372338 0.244167 0.366589 0.254122 0.36914 0.26599 0.366589 0.274646 0.343681 0.261738 0.343681 0.282262 0.329972 0.27518 0.312595 0.283598 0.309597 0.278307
0 0.33517 0.355887 0.318042 0.348764 0.312333 0.33808 0.30352 0.322055 0.304688 0.316406 0.323242 0.316406 0.313477 0.294922 0.34668 0.275391 0.373047 0.293945 0.392578 0.30957 0.369141 0.317383 0.376953 0.324219 0.385742 0.353516 0.364917 0.347206 0.352898 0.348986 0.343483 0.357444
0 0.12793 0.44043 0.100586 0.416992 0.0830078 0.398438 0.0887607 0.385286 0.0859375 0.378906 0.100586 0.368164 0.124023 0.348633 0.143555 0.34082 0.15625 0.358398 0.173828 0.370117 0.172852 0.40918 0.163086 0.427734 0.158203 0.433594 0.133789 0.439453
0 0 0.484543 0.0345791 0.491075 0.0474307 0.521838 0.0411523 0.568845 0 0.582948
0 0.0390625 0.493164 0.0625 0.481445 0.0771484 0.46582 0.09375 0.455078 0.09375 0.486328 0.111328 0.476562 0.119141 0.479492 0.10763 0.537278 0.0917969 0.561523 0.0576172 0.557617 0.0429688 0.555664 0.0429688 0.520508 0.0429688 0.520508 0.0371094 0.50293
0 0.13785 0.515284 0.118793 0.490503 0.133032 0.462342 0.158203 0.449219 0.176758 0.439453 0.195312 0.442383 0.203502 0.462936 0.211895 0.49175 0.200965 0.513626 0.188139 0.519924 0.158603 0.522864
0 0.29279 0.487105 0.273784 0.489036 0.263358 0.487105 0.249565 0.48421 0.238379 0.477935 0.230863 0.47415 0.220198 0.464013 0.217709 0.449661 0.225826 0.435309 0.222656 0.427734 0.242417 0.425171 0.254883 0.411133 0.275419 0.417007 0.290039 0.40625 0.295327 0.418587 0.308422 0.416744 0.315325 0.432762 0.318984 0.452083 0.313018 0.467884 0.308291 0.484324 0.29983 0.489951
0 0.326967 0.424274 0.328259 0.408424 0.337745 0.395502 0.348633 0.382812 0.369141 0.375 0.38782 0.386471 0.407945 0.396166 0.414936 0.411777 0.424035 0.416681 0.42074 0.432772 0.410705 0.456918 0.384006 0.468897 0.365234 0.484375 0.343628 0.464879 0.332107 0.450209
0 0.000101562 0.609326 0.0147012 0.599325 0.0312158 0.606521 0.0396133 0.615432 0.0458369 0.638143 0.0507471 0.656431 0.0239395 0.656679 0.0317676 0.677333 0.0185537 0.694347 0 0.695887
0 0 0.7169 0.0410156 0.700195 0.0605469 0.700195 0.0439453 0.724609 0.0683594 0.75 0.0644531 0.78125 0.0410156 0.788086 0.0185547 0.803711 0 0.779297
0 0.0326279 0.899863 0.0244141 0.915039 0.00292969 0.90918 0.00184277 0.868067 0.0051416 0.83673 0.00488281 0.813477 0.0351562 0.797852 0.0488281 0.801758 0.0585938 0.810547 0.0839727 0.820459 0.0898438 0.850586 0.0888672 0.880859 0.0791016 0.898438 0.0654297 0.902344 0.0585938 0.913086 0.0509063 0.907438 0.0449219 0.910156 0.0419922 0.901367
0 0.121094 0.875 0.0966797 0.865234 0.0869141 0.84668 0.0889199 0.799935 0.110726 0.786632 0.132934 0.782001 0.154297 0.782227 0.178021 0.806082 0.183542 0.822486 0.16504 0.856064 0.144263 0.874356 0.139648 0.875977
0 0.282477 0.952081 0.252576 0.947377 0.231319 0.931697 0.218266 0.906413 0.225763 0.8727 0.250283 0.85996 0.274891 0.851336 0.286133 0.845703 0.313477 0.854492 0.327148 0.878906 0.324219 0.902344 0.314581 0.941105 0.299805 0.947266
0 0.210938 0.632812 0.181804 0.637153 0.155127 0.625771 0.139014 0.590913 0.148511 0.570521 0.177734 0.5625 0.211469 0.555581 0.235371 0.569904 0.235371 0.606327 0.218191 0.633122
0 0.23089 0.737696 0.208694 0.736511 0.184364 0.722994 0.173828 0.71875 0.166992 0.701172 0.165039 0.680664 0.171875 0.662109 0.19043 0.641602 0.225586 0.638672 0.249823 0.650801 0.267984 0.664173 0.269625 0.690048 0.269625 0.709469 0.255699 0.725763
0 0.323242 0.591797 0.300343 0.577714 0.273438 0.578125 0.265625 0.545898 0.296252 0.4975 0.339087 0.490013 0.369648 0.504023 0.38083 0.539586 0.347011 0.573275
0 0.38286 0.559496 0.405482 0.568993 0.424782 0.566922 0.439061 0.546163 0.436022 0.517305 0.421593 0.497052 0.402454 0.481356 0.38848 0.480344 0.373893 0.502289 0.366194 0.513843 0.372176 0.548117 0.375977 0.557617 0.375977 0.557617
0 0.347034 0.693789 0.336914 0.701172 0.30957 0.700195 0.299199 0.686897 0.2885 0.677938 0.272461 0.660156 0.276367 0.646484 0.290206 0.620739 0.298828 0.600586 0.337891 0.59668 0.361328 0.598633 0.37207 0.617188 0.381586 0.640413 0.384766 0.660156 0.375977 0.675781 0.358931 0.694754
0 0.260808 0.825654 0.249915 0.826641 0.235384 0.822424 0.218358 0.813507 0.201712 0.802181 0.192383 0.792969 0.20289 0.775222 0.212827 0.764707 0.227359 0.748923 0.236328 0.741211 0.258789 0.735352 0.28125 0.746094 0.295244 0.766804 0.296875 0.791016 0.293276 0.805103 0.284509 0.821941 0.275391 0.829102
0 0.339844 0.80957 0.327613 0.811732 0.304085 0.803986 0.286133 0.802734 0.295951 0.782039 0.288617 0.753313 0.287109 0.734375 0.303068 0.728946 0.326315 0.717372 0.350344 0.712065 0.369442 0.732174 0.3738 0.751604 0.3738 0.776391 0.366247 0.794465 0.354047 0.805762
0 0.444546 0.778409 0.435547 0.783203 0.421196 0.775356 0.405173 0.769781 0.381836 0.751953 0.384754 0.719521 0.385742 0.704102 0.408203 0.677734 0.425781 0.666992 0.447266 0.667969 0.473633 0.681641 0.472016 0.695918 0.462897 0.701872 0.447109 0.716755 0.430628 0.73112 0.448796 0.756637 0.453702 0.778124
0 0.431252 0.731905 0.467536 0.696805 0.482482 0.704276 0.501298 0.710627 0.509277 0.723859 0.516898 0.736748 0.513624 0.750509 0.509766 0.766602 0.504883 0.776367 0.480815 0.786712 0.458485 0.78433 0.449078 0.760248
0 0.00233496 0.918093 0.0239004 0.9177 0.0360713 0.923459 0.0451494 0.937639 0.0416523 0.946842 0.0387998 0.953284 0.03125 0.97168 0.0215889 0.967191 0.0113271 0.970566 0.00723145 0.972101 0 0.971486 0 0.918106
0 0.0410156 0.915039 0.0683594 0.914062 0.0898438 0.920898 0.110474 0.938757 0.110474 0.955094 0.111328 0.981445 0.101562 0.999023 0.0695986 1 0.0322266 1 0.0336064 0.977643 0.033373 0.949514
0 0.336302 0.850826 0.339894 0.832357 0.356938 0.820776 0.373841 0.814829 0.39011 0.819524 0.407225 0.82641 0.420466 0.84228 0.421875 0.869141 0.416451 0.883537 0.397461 0.90918 0.370117 0.914062 0.34082 0.904297 0.332031 0.883789 0.338867 0.874023 0.354492 0.865234 0.333984 0.862305
0 0.435541 0.833637 0.44043 0.857422 0.460938 0.880859 0.478516 0.886719 0.512695 0.882812 0.52832 0.871094 0.539352 0.840197 0.538132 0.816223 0.523779 0.796939 0.509941 0.788496 0.492868 0.785683 0.468679 0.791372 0.451498 0.798861 0.440283 0.808068
0 0.352238 0.960873 0.342773 0.958008 0.34375 0.950195 0.334961 0.941406 0.338373 0.932943 0.349609 0.924805 0.361831 0.932746 0.367402 0.943784 0.365001 0.951996 0.359581 0.958624
0 0.414486 1 0.399173 1 0.389814 0.987429 0.389648 0.957031 0.389648 0.941406 0.384766 0.929688 0.398565 0.923554 0.399414 0.911133 0.421875 0.904297 0.427734 0.90625 0.434601 0.91275 0.44043 0.90332 0.455078 0.912109 0.464396 0.919191 0.474609 0.917969 0.489258 0.9375 0.49707 0.955078 0.495117 0.974609 0.496094 0.991211 0.480153 1
0 0.54767 0.995265 0.53125 0.996094 0.510742 0.984375 0.502255 0.96892 0.4927 0.942313 0.500485 0.911513 0.522898 0.899848 0.548673 0.891329 0.572266 0.889648 0.58653 0.906439 0.596892 0.923507 0.59674 0.933313 0.59674 0.946187 0.588437 0.965677 0.574451 0.977829 0.559516 0.992406
0 0.444242 0.160014 0.456652 0.137733 0.469919 0.123197 0.483308 0.113144 0.503787 0.114366 0.519193 0.117083 0.540713 0.122653 0.556252 0.141167 0.559787 0.158166 0.559787 0.179034 0.54701 0.198189 0.524084 0.208106 0.505683 0.212998 0.479762 0.215172 0.463866 0.207156 0.456774 0.193027 0.443359 0.175781
0 0.620483 0.200892 0.606803 0.197629 0.593474 0.194236 0.576269 0.180405 0.565465 0.163181 0.564386 0.139603 0.572096 0.120585 0.590214 0.104309 0.614423 0.0988262 0.640713 0.102424 0.664306 0.111333 0.666992 0.120117 0.682469 0.147861 0.680265 0.160061 0.680265 0.174256 0.666956 0.183035 0.653273 0.185068 0.635682 0.194865
0 0.50672 0.307515 0.494191 0.303993 0.48612 0.29376 0.479683 0.278023 0.478395 0.257774 0.490973 0.240718 0.50293 0.224609 0.521691 0.224042 0.546896 0.226538 0.558385 0.235072 0.564935 0.249034 0.570382 0.26414 0.56978 0.273794 0.56978 0.285201 0.565303 0.292405 0.555243 0.301687 0.545385 0.309114 0.52832 0.317383 0.516602 0.316406
0 0.646654 0.300477 0.619878 0.295126 0.609604 0.283825 0.584961 0.263672 0.607736 0.242197 0.610352 0.226562 0.625 0.204102 0.649414 0.206055 0.676316 0.201982 0.683763 0.222367 0.690454 0.242439 0.687271 0.25551 0.687271 0.273928 0.670111 0.290715
0 0.538157 0.416334 0.524667 0.411866 0.508518 0.40639 0.498725 0.385491 0.491211 0.367188 0.501448 0.339083 0.52337 0.328562 0.535156 0.318359 0.566406 0.325195 0.583445 0.349189 0.592773 0.362305 0.585702 0.380419 0.573167 0.396028 0.555661 0.410645
0 0.67181 0.390483 0.654501 0.388062 0.639629 0.381509 0.629437 0.369685 0.62373 0.346606 0.627 0.322104 0.653155 0.305864 0.680849 0.305737 0.707195 0.318934 0.715904 0.333596 0.714941 0.346534 0.714941 0.362183 0.706368 0.373084 0.69642 0.380521
0 0.573573 0.507727 0.555523 0.505793 0.539576 0.49645 0.527397 0.486302 0.520438 0.4681 0.530442 0.442647 0.552986 0.430083 0.59082 0.426758 0.601988 0.453344 0.601988 0.478087 0.588578 0.502732
0 0.696896 0.489661 0.673919 0.487771 0.660156 0.462891 0.637766 0.442188 0.640031 0.421419 0.648589 0.406263 0.669842 0.393096 0.698377 0.389004 0.733781 0.407949 0.736542 0.426674 0.736542 0.450843 0.725213 0.476648
0 0.606445 0.589844 0.591949 0.590607 0.578314 0.58324 0.56762 0.575278 0.561257 0.564703 0.559385 0.52858 0.573716 0.516104 0.592645 0.509687 0.619166 0.516697 0.626278 0.543838 0.626278 0.562089 0.618043 0.581576
0 0.720703 0.552734 0.706602 0.539937 0.682617 0.543945 0.671082 0.532581 0.661712 0.515124 0.670971 0.497916 0.682529 0.483576 0.699139 0.473102 0.72119 0.473477 0.742289 0.484574 0.749415 0.497218 0.749415 0.516371 0.742289 0.527594
0 0.616175 0.696642 0.607432 0.696855 0.594654 0.695468 0.583605 0.687781 0.573613 0.676359 0.568857 0.662375 0.569242 0.640918 0.577841 0.627574 0.591771 0.61722 0.615234 0.605469 0.636719 0.609375 0.648647 0.623945 0.663757 0.639447 0.659647 0.654156 0.649414 0.670898 0.649414 0.682617 0.636719 0.691406
0 0.733343 0.661977 0.705183 0.652403 0.690257 0.631534 0.685539 0.602601 0.69933 0.579614 0.715662 0.570642 0.735397 0.559854 0.751321 0.566004 0.77591 0.577296 0.791199 0.59635 0.788931 0.618025 0.780356 0.647463 0.752592 0.657142 0.740479 0.65946
0 0.63945 0.778103 0.612802 0.771208 0.599517 0.749465 0.600869 0.722948 0.638672 0.694336 0.648438 0.703125 0.672543 0.722135 0.672543 0.749288 0.670577 0.768071 0.663086 0.783203 0.649414 0.78418
0 0.7417 0.739611 0.72148 0.7167 0.716147 0.692999 0.719792 0.672655 0.741211 0.657227 0.768555 0.645508 0.787109 0.649414 0.802094 0.660312 0.820312 0.682617 0.815823 0.700886 0.802277 0.717578 0.804488 0.723167 0.802277 0.733301 0.782102 0.733403 0.761719 0.746094
0 0.658918 0.783874 0.678009 0.791146 0.698675 0.801383 0.718493 0.813639 0.726493 0.837072 0.709961 0.858398 0.69043 0.869141 0.681641 0.882812 0.660158 0.887786 0.640217 0.875549 0.614936 0.821778 0.637695 0.81543 0.636045 0.791371
0 0.68399 0.988254 0.658984 0.977382 0.639259 0.958571 0.632658 0.933548 0.639414 0.908525 0.659372 0.896272 0.688477 0.888672 0.710938 0.898438 0.729087 0.920674 0.739127 0.944593 0.722431 0.970479 0.708607 0.981006 0.707031 0.989258
0 0.784505 0.841354 0.767694 0.839583 0.746102 0.827012 0.731601 0.8001 0.735426 0.768053 0.748412 0.754419 0.773988 0.746098 0.805835 0.737493 0.818989 0.752246 0.818989 0.769608 0.84375 0.770508 0.843405 0.780844 0.843405 0.798206 0.832011 0.816744 0.820617 0.838673 0.799152 0.841611
0 0.78806 0.943656 0.776849 0.937677 0.759808 0.920166 0.758398 0.895965 0.767815 0.872332 0.784371 0.860208 0.799983 0.863074 0.817642 0.851754 0.841593 0.853588 0.858009 0.869438 0.864852 0.891064 0.869527 0.916662 0.86584 0.925278 0.853143 0.937359 0.843221 0.943864 0.833185 0.953241 0.823187 0.958479 0.817104 0.958816 0.802734 0.958984 0.799805 0.941406
0 0.788277 1 0.793694 0.977452 0.813588 0.966464 0.834096 0.961693 0.854525 0.962972 0.871761 0.97459 0.875033 0.998977 0.873308 1
0 0.772009 0.249783 0.749557 0.23609 0.743272 0.219448 0.745612 0.196864 0.759987 0.181561 0.779444 0.171754 0.816406 0.166016 0.832031 0.166016 0.837891 0.18457 0.84668 0.203125 0.849609 0.231445 0.837891 0.238281 0.83006 0.23958 0.822266 0.230469 0.822266 0.230469 0.820312 0.246094 0.808594 0.24707 0.798828 0.239258 0.791992 0.262695 0.783203 0.264648 0.786133 0.25
0 0.805654 0.36161 0.779473 0.349853 0.759038 0.331811 0.75247 0.300389 0.763782 0.280319 0.800181 0.257816 0.831927 0.268155 0.86194 0.288712 0.857729 0.322628 0.84445 0.348745 0.833296 0.360191
0 0.837268 0.449759 0.818733 0.450215 0.798294 0.437237 0.779106 0.414806 0.780357 0.392188 0.830078 0.359375 0.870117 0.376953 0.881836 0.40625 0.879883 0.424805 0.87207 0.43457 0.869141 0.452148 0.862305 0.456055 0.853516 0.454102 0.848633 0.453125
0 0.85814 0.520221 0.842478 0.518941 0.827858 0.511811 0.815617 0.499662 0.806109 0.479457 0.80914 0.455423 0.83217 0.442685 0.856156 0.443212 0.866552 0.437934 0.873734 0.438146 0.884766 0.425781 0.908203 0.445312 0.922852 0.462891 0.912104 0.487683 0.890787 0.521382
0 0.854492 0.59668 0.822266 0.600586 0.835938 0.575195 0.797792 0.579172 0.789076 0.560111 0.784753 0.539037 0.794934 0.517498 0.81132 0.510524 0.841793 0.500607 0.893255 0.496423 0.900391 0.518555 0.898102 0.538186 0.892578 0.5625 0.876953 0.583984 0.868164 0.59668
0 0.900391 0.724609 0.883789 0.706055 0.868164 0.675781 0.876953 0.642578 0.894269 0.621271 0.942383 0.620117 0.961914 0.640625 0.966797 0.661133 0.97168 0.703125 0.944336 0.710938 0.932617 0.720703
0 0.91946 0.831139 0.896948 0.817346 0.878906 0.787109 0.878906 0.763672 0.883693 0.747683 0.901576 0.735761 0.931452 0.719163 0.971216 0.716825 0.995117 0.74707 0.998777 0.805657 0.95186 0.827397
0 0.950103 0.914559 0.924147 0.905524 0.901945 0.884909 0.89861 0.845994 0.923828 0.827148 0.946289 0.814453 0.980469 0.823242 1 0.838867 1 0.891602 0.99707 0.911133 0.97168 0.914062
0 0.933763 0.942073 0.941563 0.930312 0.954634 0.917647 0.983933 0.914766 1 0.923409 1 1 0.934149 1 0.927063 0.976995 0.930951 0.946072
0 0.899414 0.124023 0.870146 0.112362 0.875 0.0947266 0.860352 0.078125 0.877828 0.0373662 0.925781 0.03125 0.947266 0.0429688 0.958008 0.0517578 0.96182 0.0657412 0.957031 0.102539 0.916992 0.129883
0 0.953281 0.232475 0.942514 0.239357 0.925944 0.231495 0.905406 0.226317 0.890304 0.210592 0.885385 0.178758 0.89574 0.161307 0.918945 0.144531 0.953125 0.137695 0.970703 0.149414 0.982814 0.174999 0.989258 0.193359 0.982814 0.204455 0.972027 0.227084
0 0.992072 0.498856 0.971558 0.506984 0.941819 0.503628 0.921306 0.481187 0.917807 0.45857 0.923611 0.43719 0.957086 0.42111 0.99398 0.438957 1 0.473942
0 0.93457 0.242188 0.913086 0.290039 0.917969 0.316406 0.939453 0.335938 0.959961 0.344727 0.987305 0.331055 1 0.31543 1 0.262695 1 0.254883 0.986328 0.243164 0.960938 0.243164
0 0.835938 0 0.841797 0.015625 0.856445 0.0341797 0.873047 0.0410156 0.883789 0.0449219 0.901367 0.0371094 0.912109 0.0390625 0.931641 0.0263672 0.935547 0.0166016 0.935547 0.0166016 0.93457 0.00292969 0.935547 0
0 0.238281 0.12793 0.249023 0.117188 0.264648 0.12793 0.261719 0.136719 0.266602 0.143555 0.274414 0.164062 0.257812 0.165039 0.259766 0.182617 0.250977 0.1875 0.241211 0.178711 0.240234 0.191406 0.229492 0.186523 0.226562 0.166992 0.214844 0.167969 0.222656 0.149414 0.220703 0.120117 0.231445 0.119141
0 0.330078 0.125977 0.345703 0.12207 0.34375 0.132812 0.353516 0.133789 0.350586 0.142578 0.339844 0.149414 0.336914 0.15625 0.344727 0.166992 0.342773 0.171875 0.325195 0.171875 0.317383 0.176758 0.307617 0.168945 0.296875 0.172852 0.291016 0.164062 0.290039 0.152344 0.283203 0.148438 0.292969 0.132812 0.305664 0.135742 0.320312 0.116211
0 0.307617 0.0263672 0.319336 0.0175781 0.321289 0.0273438 0.334961 0.0224609 0.323242 0.0390625 0.337891 0.0449219 0.338867 0.0625 0.332031 0.0664062 0.316406 0.0605469 0.310547 0.0742188 0.301758 0.0742188 0.291992 0.0625 0.295898 0.0537109 0.282227 0.0507812 0.283203 0.0390625
0 0.348633 0 0.342773 0.00195312 0.358398 0.00292969 0.355469 0.0126953 0.360352 0.0126953 0.363281 0.0292969 0.380859 0.0273438 0.393555 0.0244141 0.398438 0.0185547 0.415039 0.0253906 0.416016 0.00390625 0.429688 0.00683594 0.4375 0.000976562
0 0.431641 0 0.425781 0.0166016 0.443359 0.0126953 0.450195 0.0234375 0.458984 0.0253906 0.469727 0.0107422 0.478516 0.0234375 0.487305 0.0166016 0.486328 0.0078125 0.50293 0.00878906 0.509766 0
0 0.171875 0.345703 0.195312 0.344727 0.188477 0.353516 0.194336 0.364258 0.189453 0.371094 0.19043 0.383789 0.178711 0.379883 0.157227 0.369141 0.158203 0.34082
0 0.0839844 0.598633 0.107422 0.586914 0.106445 0.598633 0.123047 0.599609 0.12207 0.612305 0.115234 0.625 0.120117 0.639648 0.101562 0.635742 0.0810547 0.645508 0.0634766 0.636719 0.0634766 0.624023 0.0449219 0.621094 0.0566406 0.603516 0.0761719 0.599609
0 0 0.973633 0.03125 0.966797 0.0332031 0.981445 0.0341797 0.995117 0.0332031 1 0 1
0 0.895508 0.542969 0.902344 0.526367 0.905273 0.540039 0.915039 0.53125 0.912109 0.555664 0.925781 0.538086 0.923828 0.556641 0.949219 0.557617 0.957031 0.567383 0.93457 0.576172 0.938477 0.583008 0.917969 0.589844 0.939453 0.613281 0.939453 0.613281 0.919922 0.610352 0.916016 0.621094 0.891602 0.600586 0.875 0.607422 0.87207 0.598633 0.87207 0.598633 0.858398 0.600586 0.87207 0.579102 0.873047 0.554688 0.878906 0.540039
0 0.743164 0.310547 0.750977 0.294922 0.760742 0.314453 0.772461 0.318359 0.765625 0.330078 0.770508 0.34668 0.757812 0.350586 0.751953 0.357422 0.734375 0.34668 0.71875 0.345703 0.734375 0.335938 0.72168 0.324219 0.722656 0.314453
0 0.470703 0.360352 0.486328 0.352539 0.501953 0.368164 0.504883 0.383789 0.5 0.399414 0.478516 0.392578 0.470703 0.400391 0.461914 0.389648 0.451172 0.399414 0.439453 0.392578 0.450195 0.361328
