1 0.142578 0.000976562 0.138672 0.0244141 0.136719 0.0292969 0.129883 0.0429688 0.129883 0.0507812 0.128906 0.0566406 0.125 0.0664062 0.121094 0.0712891 0.115234 0.0820312 0.111328 0.0917969 0.107422 0.0966797 0.103516 0.100586 0.0986328 0.103516 0.09375 0.106445 0.0927734 0.111328 0.100586 0.123047 0.109375 0.132812 0.114258 0.134766 0.119141 0.136719 0.124023 0.141602 0.131836 0.151367 0.138672 0.164062 0.139648 0.177734 0.138672 0.195312 0.134766 0.207031 0.129883 0.210938 0.125977 0.214844 0.120117 0.217773 0.118164 0.222656 0.116211 0.227539 0.115234 0.237305 0.115234 0.243164 0.118164 0.27832 0.118164 0.28418 0.115234 0.303711 0.109375 0.311523 0.106445 0.317383 0.106445 0.324219 0.105469 0.331055 0.101562 0.350586 0.0976562 0.373047 0.0976562 0.37793 0.0966797 0.410156 0.0927734 0.421875 0.0888672 0.435547 0.0820312 0.46875 0.0800781 0.482422 0.0791016 0.508789 0.0791016 0.519531 0.0820312 0.541016 0.0820312 0.550781 0.0800781 0.588867 0.078125 0.603516 0.0751953 0.608398 0.0742188 0.613281 0.0712891 0.619141 0.0703125 0.625977 0.0664062 0.635742 0.0644531 0.643555 0.0615234 0.648438 0.0507812 0.664062 0.046875 0.670898 0.0429688 0.674805 0.0390625 0.679688 0.0322266 0.69043 0.0283203 0.702148 0.0253906 0.708008 0.0244141 0.712891 0.0205078 0.716797 0.0146484 0.711914 0.00976562 0.708984 0.00683594 0.704102 0.00292969 0.694336 0 0.675781 0.00195312 0.258789 0.00683594 0.227539 0.00683594 0.211914 0.00585938 0.0117188 0 0
0 0.310547 0.615234 0.307617 0.631836 0.310547 0.636719 0.314453 0.639648 0.320312 0.642578 0.325195 0.642578 0.331055 0.639648 0.336914 0.636719 0.34668 0.631836 0.349609 0.626953 0.350586 0.621094 0.348633 0.616211 0.344727 0.612305 0.339844 0.609375 0.334961 0.609375 0.318359 0.610352
0 0.226562 0.603516 0.217773 0.619141 0.216797 0.624023 0.217773 0.628906 0.220703 0.633789 0.228516 0.640625 0.234375 0.641602 0.242188 0.641602 0.24707 0.640625 0.254883 0.633789 0.254883 0.625977 0.253906 0.613281 0.250977 0.608398 0.24707 0.605469 0.242188 0.604492 0.236328 0.604492
0 0.134766 0.609375 0.124023 0.623047 0.125 0.628906 0.126953 0.633789 0.129883 0.638672 0.135742 0.641602 0.140625 0.641602 0.146484 0.638672 0.15625 0.632812 0.161133 0.628906 0.163086 0.624023 0.160156 0.620117 0.15625 0.617188 0.151367 0.615234
0 0.112305 0.739258 0.130859 0.740234 0.134766 0.737305 0.141602 0.734375 0.145508 0.731445 0.149414 0.726562 0.149414 0.719727 0.148438 0.713867 0.146484 0.708008 0.142578 0.703125 0.138672 0.700195 0.131836 0.698242 0.125 0.698242 0.120117 0.699219 0.115234 0.702148 0.111328 0.706055 0.104492 0.716797 0.103516 0.72168 0.102539 0.727539 0.104492 0.732422
0 0.189453 0.717773 0.196289 0.731445 0.201172 0.736328 0.210938 0.742188 0.216797 0.743164 0.222656 0.743164 0.227539 0.741211 0.232422 0.738281 0.241211 0.727539 0.243164 0.72168 0.244141 0.716797 0.244141 0.705078 0.242188 0.700195 0.235352 0.700195 0.216797 0.699219 0.204102 0.700195 0.197266 0.703125 0.194336 0.708008
0 0.302734 0.706055 0.287109 0.72168 0.291016 0.724609 0.295898 0.727539 0.306641 0.730469 0.311523 0.730469 0.316406 0.726562 0.320312 0.722656 0.324219 0.716797 0.327148 0.711914 0.327148 0.707031 0.324219 0.703125 0.318359 0.700195 0.310547 0.697266 0.304688 0.697266 0.300781 0.700195
0 0.384766 0.696289 0.381836 0.71875 0.382812 0.724609 0.385742 0.728516 0.389648 0.732422 0.395508 0.735352 0.40332 0.736328 0.40918 0.736328 0.414062 0.735352 0.417969 0.732422 0.422852 0.727539 0.426758 0.723633 0.428711 0.717773 0.428711 0.708008 0.425781 0.703125 0.422852 0.699219 0.417969 0.697266 0.412109 0.696289 0.407227 0.696289 0.401367 0.697266
0 0.366211 0.790039 0.362305 0.805664 0.362305 0.810547 0.365234 0.816406 0.370117 0.821289 0.375977 0.822266 0.390625 0.826172 0.395508 0.822266 0.398438 0.818359 0.401367 0.8125 0.404297 0.808594 0.405273 0.803711 0.404297 0.798828 0.399414 0.791992 0.390625 0.78125 0.385742 0.779297 0.380859 0.779297 0.374023 0.780273 0.370117 0.783203
0 0.458984 0.801758 0.457031 0.814453 0.457031 0.819336 0.458984 0.824219 0.464844 0.827148 0.47168 0.826172 0.477539 0.822266 0.482422 0.820312 0.492188 0.8125 0.493164 0.806641 0.493164 0.799805 0.492188 0.794922 0.488281 0.791016 0.483398 0.790039 0.467773 0.789062 0.461914 0.790039 0.457031 0.793945 0.456055 0.798828
0 0.277344 0.826172 0.302734 0.813477 0.306641 0.80957 0.310547 0.804688 0.310547 0.798828 0.307617 0.794922 0.302734 0.792969 0.296875 0.791016 0.291016 0.791016 0.286133 0.793945 0.282227 0.796875 0.272461 0.80957 0.271484 0.81543
0 0.174805 0.795898 0.173828 0.8125 0.175781 0.818359 0.175781 0.824219 0.174805 0.829102 0.176758 0.834961 0.183594 0.836914 0.189453 0.835938 0.195312 0.832031 0.211914 0.818359 0.213867 0.8125 0.213867 0.806641 0.213867 0.801758 0.206055 0.790039 0.201172 0.788086 0.196289 0.787109 0.19043 0.787109 0.185547 0.789062 0.180664 0.792969
0 0.0869141 0.795898 0.0791016 0.807617 0.0791016 0.8125 0.0791016 0.818359 0.0791016 0.824219 0.0820312 0.833984 0.0878906 0.836914 0.09375 0.834961 0.0986328 0.832031 0.102539 0.829102 0.112305 0.823242 0.115234 0.816406 0.115234 0.811523 0.115234 0.806641 0.112305 0.801758 0.107422 0.798828 0.102539 0.797852
0 0.152344 0.875977 0.149414 0.886719 0.148438 0.891602 0.147461 0.896484 0.148438 0.901367 0.151367 0.912109 0.157227 0.921875 0.162109 0.924805 0.166992 0.924805 0.172852 0.922852 0.183594 0.919922 0.186523 0.915039 0.188477 0.90918 0.191406 0.899414 0.191406 0.889648 0.189453 0.883789 0.1875 0.878906 0.182617 0.876953 0.176758 0.875977 0.171875 0.875977 0.166992 0.878906
0 0.244141 0.890625 0.245117 0.910156 0.24707 0.916992 0.25293 0.926758 0.260742 0.925781 0.265625 0.924805 0.269531 0.921875 0.288086 0.90918 0.288086 0.90332 0.288086 0.896484 0.286133 0.890625 0.286133 0.885742 0.28125 0.875977 0.274414 0.87207 0.263672 0.871094 0.257812 0.874023 0.253906 0.87793 0.24707 0.880859 0.243164 0.883789
0 0.341797 0.896484 0.342773 0.912109 0.344727 0.916992 0.347656 0.921875 0.351562 0.924805 0.357422 0.925781 0.364258 0.924805 0.370117 0.921875 0.378906 0.915039 0.386719 0.90625 0.387695 0.900391 0.385742 0.895508 0.382812 0.891602 0.376953 0.880859 0.373047 0.875977 0.367188 0.875 0.361328 0.875977 0.356445 0.87793 0.351562 0.880859 0.34668 0.884766 0.34375 0.889648
0 0.436523 0.887695 0.428711 0.90332 0.431641 0.910156 0.4375 0.916016 0.441406 0.919922 0.445312 0.922852 0.451172 0.922852 0.456055 0.925781 0.460938 0.927734 0.46582 0.927734 0.472656 0.921875 0.474609 0.916992 0.479492 0.912109 0.484375 0.908203 0.488281 0.90332 0.489258 0.898438 0.488281 0.892578 0.486328 0.887695 0.483398 0.883789 0.479492 0.879883 0.475586 0.876953 0.463867 0.87207 0.458984 0.87207 0.453125 0.873047 0.442383 0.875977 0.438477 0.880859
0 0.526367 0.888672 0.524414 0.90332 0.522461 0.908203 0.522461 0.913086 0.527344 0.916992 0.532227 0.919922 0.537109 0.920898 0.541992 0.921875 0.546875 0.925781 0.55957 0.929688 0.578125 0.928711 0.583008 0.925781 0.585938 0.917969 0.587891 0.913086 0.586914 0.908203 0.583984 0.90332 0.578125 0.893555 0.574219 0.889648 0.566406 0.880859 0.563477 0.876953 0.557617 0.875 0.552734 0.875977 0.547852 0.878906 0.539062 0.883789
0 0.62793 0.875 0.618164 0.895508 0.617188 0.900391 0.618164 0.90625 0.621094 0.911133 0.625 0.914062 0.630859 0.915039 0.635742 0.916992 0.650391 0.922852 0.654297 0.919922 0.658203 0.915039 0.662109 0.912109 0.666016 0.90918 0.667969 0.902344 0.668945 0.896484 0.667969 0.889648 0.665039 0.882812 0.662109 0.878906 0.657227 0.875977 0.651367 0.874023 0.646484 0.87207 0.640625 0.871094 0.634766 0.871094
0 0.641602 0.789062 0.646484 0.813477 0.645508 0.818359 0.648438 0.822266 0.652344 0.826172 0.662109 0.832031 0.667969 0.833008 0.673828 0.833008 0.679688 0.831055 0.68457 0.827148 0.686523 0.820312 0.686523 0.81543 0.686523 0.807617 0.68457 0.799805 0.680664 0.795898 0.675781 0.792969 0.669922 0.791992 0.657227 0.791992
0 0.549805 0.794922 0.556641 0.8125 0.55957 0.817383 0.564453 0.822266 0.569336 0.823242 0.576172 0.822266 0.581055 0.819336 0.583008 0.814453 0.587891 0.801758 0.588867 0.795898 0.588867 0.790039 0.586914 0.785156 0.582031 0.783203 0.577148 0.78418 0.566406 0.787109 0.561523 0.790039
0 0.740234 0.78418 0.733398 0.798828 0.732422 0.803711 0.732422 0.808594 0.735352 0.814453 0.742188 0.817383 0.74707 0.817383 0.75293 0.818359 0.764648 0.820312 0.772461 0.816406 0.772461 0.810547 0.772461 0.799805 0.769531 0.792969 0.765625 0.789062 0.760742 0.787109 0.755859 0.785156 0.75 0.785156
0 0.912109 0.780273 0.911133 0.793945 0.912109 0.798828 0.915039 0.804688 0.918945 0.808594 0.926758 0.814453 0.931641 0.816406 0.936523 0.816406 0.941406 0.81543 0.946289 0.8125 0.947266 0.804688 0.946289 0.792969 0.944336 0.788086 0.94043 0.783203 0.93457 0.78125 0.929688 0.780273 0.923828 0.780273 0.917969 0.782227
0 0.900391 0.874023 0.899414 0.890625 0.901367 0.895508 0.904297 0.900391 0.912109 0.908203 0.920898 0.913086 0.925781 0.910156 0.928711 0.90625 0.9375 0.893555 0.939453 0.887695 0.9375 0.881836 0.933594 0.878906 0.927734 0.878906 0.921875 0.87793 0.916992 0.876953
0 0.802734 0.870117 0.798828 0.887695 0.798828 0.893555 0.802734 0.898438 0.810547 0.907227 0.819336 0.915039 0.826172 0.917969 0.831055 0.917969 0.833984 0.913086 0.838867 0.911133 0.845703 0.911133 0.848633 0.905273 0.849609 0.900391 0.849609 0.893555 0.847656 0.887695 0.84375 0.883789 0.837891 0.880859 0.833984 0.87793 0.821289 0.871094
0 0.726562 0.876953 0.724609 0.888672 0.727539 0.893555 0.731445 0.897461 0.737305 0.898438 0.743164 0.898438 0.74707 0.895508 0.748047 0.890625 0.748047 0.885742 0.745117 0.880859 0.741211 0.876953 0.736328 0.875977
0 0.702148 0.954102 0.699219 0.964844 0.697266 0.969727 0.695312 0.974609 0.694336 0.980469 0.698242 0.989258 0.704102 0.988281 0.71582 0.989258 0.720703 0.990234 0.732422 0.983398 0.733398 0.978516 0.733398 0.972656 0.730469 0.967773 0.725586 0.962891 0.717773 0.956055 0.710938 0.954102
0 0.782227 0.970703 0.779297 0.983398 0.78125 0.988281 0.787109 0.990234 0.792969 0.989258 0.798828 0.988281 0.805664 0.988281 0.810547 0.989258 0.816406 0.989258 0.821289 0.985352 0.822266 0.980469 0.821289 0.974609 0.818359 0.969727 0.816406 0.964844 0.8125 0.961914 0.807617 0.958008 0.802734 0.956055 0.796875 0.958008 0.792969 0.960938
0 0.874023 0.964844 0.87207 0.986328 0.874023 0.991211 0.895508 0.990234 0.90625 0.989258 0.912109 0.989258 0.916992 0.989258 0.920898 0.984375 0.919922 0.978516 0.916992 0.973633 0.911133 0.96875 0.896484 0.959961 0.884766 0.958008 0.879883 0.958008
0 0.615234 0.96582 0.595703 0.970703 0.59375 0.976562 0.59375 0.986328 0.642578 0.991211 0.644531 0.986328 0.645508 0.981445 0.642578 0.976562 0.636719 0.97168 0.629883 0.963867 0.625 0.961914 0.618164 0.961914
0 0.532227 0.960938 0.522461 0.96582 0.517578 0.96875 0.509766 0.976562 0.506836 0.981445 0.504883 0.986328 0.505859 0.992188 0.509766 0.996094 0.516602 0.998047 0.522461 0.998047 0.539062 0.998047 0.549805 1 0.55957 0.994141 0.556641 0.989258 0.552734 0.985352 0.548828 0.979492 0.544922 0.969727 0.541992 0.964844
0 0.421875 0.964844 0.414062 0.974609 0.411133 0.978516 0.410156 0.983398 0.411133 0.988281 0.414062 0.993164 0.421875 1 0.427734 1 0.454102 0.996094 0.456055 0.991211 0.456055 0.986328 0.454102 0.981445 0.450195 0.976562 0.443359 0.96875 0.439453 0.96582 0.43457 0.963867 0.426758 0.963867
0 0.341797 0.961914 0.331055 0.969727 0.326172 0.972656 0.319336 0.980469 0.317383 0.985352 0.318359 0.990234 0.322266 0.994141 0.328125 0.996094 0.333984 0.99707 0.351562 0.998047 0.362305 0.999023 0.367188 0.999023 0.370117 0.994141 0.369141 0.989258 0.366211 0.979492 0.359375 0.970703 0.355469 0.967773
0 0.265625 0.966797 0.251953 0.97168 0.24707 0.972656 0.242188 0.974609 0.227539 0.981445 0.223633 0.986328 0.225586 0.991211 0.229492 0.996094 0.234375 0.998047 0.240234 0.998047 0.256836 0.999023 0.262695 1 0.272461 0.999023 0.273438 0.993164 0.270508 0.987305 0.266602 0.983398 0.266602 0.978516
0 0.484375 0.704102 0.475586 0.71582 0.474609 0.720703 0.475586 0.726562 0.478516 0.731445 0.483398 0.734375 0.488281 0.737305 0.494141 0.736328 0.499023 0.734375 0.503906 0.732422 0.507812 0.728516 0.514648 0.719727 0.515625 0.714844 0.512695 0.709961 0.504883 0.702148 0.5 0.699219 0.495117 0.699219 0.490234 0.699219
0 0.584961 0.697266 0.574219 0.708008 0.574219 0.713867 0.578125 0.724609 0.582031 0.728516 0.588867 0.729492 0.594727 0.729492 0.599609 0.732422 0.608398 0.733398 0.611328 0.728516 0.614258 0.716797 0.612305 0.711914 0.610352 0.707031 0.603516 0.696289 0.597656 0.694336 0.592773 0.694336
0 0.671875 0.699219 0.663086 0.716797 0.666016 0.720703 0.670898 0.724609 0.674805 0.729492 0.679688 0.731445 0.685547 0.732422 0.696289 0.731445 0.700195 0.727539 0.704102 0.723633 0.705078 0.71875 0.706055 0.712891 0.706055 0.707031 0.703125 0.702148 0.699219 0.697266 0.694336 0.694336 0.689453 0.693359 0.68457 0.692383 0.678711 0.693359
0 0.791992 0.727539 0.791016 0.713867 0.790039 0.708984 0.787109 0.698242 0.783203 0.694336 0.774414 0.694336 0.763672 0.694336 0.759766 0.698242 0.757812 0.704102 0.756836 0.709961 0.757812 0.714844 0.761719 0.719727 0.764648 0.724609 0.769531 0.727539 0.774414 0.727539 0.78125 0.726562
0 0.849609 0.697266 0.847656 0.714844 0.850586 0.719727 0.852539 0.724609 0.856445 0.728516 0.861328 0.729492 0.866211 0.731445 0.87207 0.731445 0.876953 0.730469 0.881836 0.729492 0.884766 0.723633 0.882812 0.717773 0.882812 0.707031 0.881836 0.702148 0.879883 0.697266 0.875 0.694336 0.868164 0.693359 0.858398 0.694336
0 0.956055 0.617188 0.955078 0.629883 0.956055 0.634766 0.958984 0.638672 0.964844 0.642578 0.974609 0.647461 0.979492 0.648438 0.983398 0.644531 0.987305 0.640625 0.993164 0.631836 0.99707 0.625977 0.998047 0.616211 0.99707 0.611328 0.996094 0.606445 0.990234 0.598633 0.985352 0.597656 0.978516 0.597656 0.973633 0.598633 0.967773 0.601562 0.958984 0.608398
0 0.868164 0.603516 0.867188 0.618164 0.867188 0.624023 0.870117 0.628906 0.873047 0.633789 0.876953 0.637695 0.881836 0.639648 0.889648 0.637695 0.896484 0.638672 0.90625 0.634766 0.910156 0.62793 0.912109 0.623047 0.912109 0.616211 0.910156 0.611328 0.907227 0.605469 0.90332 0.601562 0.898438 0.599609 0.893555 0.601562 0.888672 0.603516 0.883789 0.604492 0.87793 0.604492
0 0.787109 0.603516 0.776367 0.614258 0.777344 0.619141 0.779297 0.624023 0.785156 0.632812 0.789062 0.636719 0.794922 0.642578 0.803711 0.648438 0.808594 0.649414 0.814453 0.646484 0.818359 0.642578 0.821289 0.637695 0.823242 0.630859 0.823242 0.623047 0.819336 0.618164 0.811523 0.608398 0.805664 0.607422
0 0.697266 0.604492 0.6875 0.613281 0.686523 0.619141 0.686523 0.625977 0.6875 0.630859 0.6875 0.636719 0.688477 0.641602 0.691406 0.645508 0.694336 0.649414 0.699219 0.650391 0.705078 0.648438 0.708984 0.645508 0.713867 0.641602 0.727539 0.630859 0.728516 0.621094 0.728516 0.614258 0.726562 0.609375 0.722656 0.606445 0.716797 0.606445 0.710938 0.606445
0 0.602539 0.598633 0.595703 0.611328 0.592773 0.616211 0.592773 0.621094 0.592773 0.625977 0.59375 0.630859 0.597656 0.635742 0.606445 0.642578 0.612305 0.643555 0.626953 0.640625 0.634766 0.633789 0.636719 0.628906 0.636719 0.62207 0.634766 0.616211 0.626953 0.602539 0.621094 0.599609 0.616211 0.599609 0.610352 0.599609
0 0.526367 0.606445 0.509766 0.606445 0.504883 0.609375 0.501953 0.613281 0.493164 0.626953 0.494141 0.631836 0.498047 0.635742 0.501953 0.638672 0.506836 0.640625 0.511719 0.642578 0.517578 0.642578 0.523438 0.641602 0.529297 0.638672 0.53418 0.635742 0.535156 0.629883 0.536133 0.623047 0.535156 0.618164 0.533203 0.613281
0 0.413086 0.611328 0.40918 0.636719 0.411133 0.641602 0.415039 0.645508 0.419922 0.645508 0.425781 0.644531 0.435547 0.639648 0.445312 0.632812 0.448242 0.62793 0.450195 0.623047 0.450195 0.617188 0.449219 0.612305 0.444336 0.609375 0.438477 0.608398 0.432617 0.608398 0.418945 0.608398
0 0.949219 0.692383 0.94043 0.701172 0.936523 0.706055 0.935547 0.710938 0.9375 0.71582 0.942383 0.71875 0.948242 0.72168 0.958984 0.725586 0.964844 0.725586 0.969727 0.723633 0.972656 0.719727 0.973633 0.713867 0.973633 0.708008 0.972656 0.703125 0.969727 0.698242 0.96582 0.694336 0.960938 0.692383 0.956055 0.69043
0 0.807617 0.524414 0.796875 0.537109 0.795898 0.541992 0.795898 0.547852 0.799805 0.552734 0.804688 0.555664 0.810547 0.555664 0.816406 0.555664 0.820312 0.552734 0.824219 0.548828 0.827148 0.543945 0.828125 0.539062 0.828125 0.53418 0.823242 0.53125
0 0.900391 0.518555 0.892578 0.533203 0.891602 0.539062 0.892578 0.548828 0.899414 0.551758 0.904297 0.552734 0.910156 0.552734 0.916016 0.550781 0.920898 0.547852 0.928711 0.541016 0.931641 0.535156 0.932617 0.530273 0.929688 0.525391 0.925781 0.522461 0.916016 0.518555 0.911133 0.518555
0 0.991211 0.506836 0.984375 0.521484 0.980469 0.525391 0.978516 0.530273 0.978516 0.536133 0.980469 0.541016 0.984375 0.544922 0.989258 0.546875 0.994141 0.547852 0.99707 0.542969 0.998047 0.538086 0.998047 0.532227 0.99707 0.509766
0 0.926758 0.428711 0.913086 0.43457 0.912109 0.439453 0.911133 0.445312 0.914062 0.452148 0.918945 0.458984 0.925781 0.460938 0.930664 0.460938 0.935547 0.458984 0.94043 0.457031 0.945312 0.453125 0.951172 0.445312 0.952148 0.44043 0.952148 0.43457 0.950195 0.429688 0.946289 0.424805 0.941406 0.421875 0.936523 0.421875 0.930664 0.423828
0 0.746094 0.425781 0.733398 0.4375 0.732422 0.442383 0.734375 0.447266 0.740234 0.454102 0.751953 0.463867 0.757812 0.46582 0.763672 0.466797 0.767578 0.461914 0.767578 0.457031 0.768555 0.439453 0.765625 0.43457 0.760742 0.432617 0.755859 0.430664
0 0.71582 0.517578 0.706055 0.52832 0.705078 0.53418 0.706055 0.539062 0.707031 0.543945 0.711914 0.547852 0.716797 0.548828 0.722656 0.549805 0.728516 0.548828 0.745117 0.542969 0.748047 0.533203 0.748047 0.52832 0.746094 0.523438 0.743164 0.518555 0.738281 0.515625 0.732422 0.513672 0.727539 0.512695 0.722656 0.513672
0 0.624023 0.512695 0.617188 0.523438 0.614258 0.52832 0.614258 0.53418 0.615234 0.545898 0.618164 0.550781 0.623047 0.554688 0.62793 0.555664 0.635742 0.555664 0.642578 0.553711 0.646484 0.549805 0.650391 0.544922 0.65918 0.527344 0.65918 0.522461 0.655273 0.517578 0.651367 0.515625 0.646484 0.513672 0.641602 0.512695 0.634766 0.512695
0 0.527344 0.515625 0.514648 0.529297 0.516602 0.53418 0.516602 0.540039 0.517578 0.544922 0.522461 0.548828 0.527344 0.550781 0.532227 0.549805 0.554688 0.546875 0.55957 0.544922 0.561523 0.540039 0.5625 0.535156 0.563477 0.529297 0.563477 0.523438 0.55957 0.518555 0.553711 0.513672 0.542969 0.508789 0.537109 0.507812 0.532227 0.508789
0 0.44043 0.517578 0.432617 0.52832 0.431641 0.533203 0.431641 0.541016 0.433594 0.546875 0.43457 0.551758 0.441406 0.552734 0.448242 0.552734 0.463867 0.548828 0.46875 0.545898 0.469727 0.540039 0.469727 0.53418 0.46875 0.529297 0.46875 0.523438 0.466797 0.513672 0.461914 0.511719 0.455078 0.512695 0.449219 0.513672
0 0.333008 0.53418 0.34082 0.546875 0.342773 0.551758 0.34668 0.555664 0.353516 0.555664 0.363281 0.554688 0.367188 0.550781 0.37207 0.547852 0.375 0.542969 0.375977 0.538086 0.375977 0.532227 0.375 0.527344 0.371094 0.516602 0.366211 0.513672 0.361328 0.513672 0.355469 0.513672 0.344727 0.515625 0.339844 0.518555
0 0.246094 0.50293 0.237305 0.513672 0.236328 0.520508 0.235352 0.533203 0.235352 0.539062 0.238281 0.543945 0.242188 0.547852 0.24707 0.548828 0.251953 0.549805 0.256836 0.550781 0.261719 0.550781 0.266602 0.549805 0.271484 0.546875 0.280273 0.542969 0.285156 0.541016 0.290039 0.538086 0.291016 0.533203 0.290039 0.527344 0.287109 0.522461 0.283203 0.517578 0.275391 0.509766 0.266602 0.503906 0.261719 0.503906 0.255859 0.503906
0 0.274414 0.421875 0.265625 0.439453 0.263672 0.444336 0.263672 0.450195 0.266602 0.455078 0.270508 0.458984 0.277344 0.458984 0.289062 0.457031 0.293945 0.454102 0.296875 0.450195 0.299805 0.445312 0.300781 0.439453 0.300781 0.433594 0.299805 0.427734 0.295898 0.423828 0.290039 0.421875 0.28418 0.420898
0 0.361328 0.433594 0.353516 0.447266 0.353516 0.452148 0.356445 0.457031 0.361328 0.461914 0.365234 0.464844 0.370117 0.466797 0.375 0.46582 0.380859 0.463867 0.40332 0.455078 0.40332 0.449219 0.401367 0.444336 0.399414 0.439453 0.395508 0.43457 0.391602 0.430664 0.386719 0.428711 0.381836 0.427734 0.376953 0.429688
0 0.451172 0.4375 0.453125 0.454102 0.458008 0.456055 0.462891 0.457031 0.467773 0.458008 0.473633 0.457031 0.478516 0.455078 0.488281 0.450195 0.493164 0.447266 0.493164 0.442383 0.493164 0.4375 0.490234 0.432617 0.485352 0.430664 0.480469 0.427734 0.475586 0.424805 0.469727 0.423828 0.463867 0.422852 0.458984 0.424805 0.455078 0.428711
0 0.549805 0.423828 0.545898 0.439453 0.546875 0.444336 0.548828 0.449219 0.551758 0.454102 0.556641 0.456055 0.561523 0.458008 0.568359 0.458008 0.579102 0.454102 0.581055 0.449219 0.582031 0.443359 0.579102 0.439453 0.576172 0.435547 0.566406 0.427734 0.560547 0.425781
0 0.639648 0.427734 0.640625 0.442383 0.641602 0.448242 0.643555 0.453125 0.647461 0.456055 0.65332 0.457031 0.660156 0.457031 0.665039 0.455078 0.668945 0.452148 0.672852 0.448242 0.679688 0.44043 0.679688 0.435547 0.676758 0.430664 0.671875 0.429688 0.666992 0.428711 0.65625 0.426758 0.650391 0.426758 0.645508 0.425781
0 0.666016 0.335938 0.65918 0.353516 0.657227 0.358398 0.657227 0.364258 0.657227 0.369141 0.660156 0.374023 0.664062 0.378906 0.676758 0.382812 0.681641 0.383789 0.686523 0.381836 0.691406 0.37793 0.694336 0.373047 0.700195 0.363281 0.704102 0.353516 0.703125 0.348633 0.699219 0.342773 0.696289 0.338867 0.691406 0.335938 0.68457 0.334961 0.678711 0.334961
0 0.933594 0.333984 0.916016 0.361328 0.916016 0.367188 0.918945 0.371094 0.923828 0.37207 0.930664 0.37207 0.948242 0.371094 0.956055 0.370117 0.960938 0.367188 0.964844 0.361328 0.967773 0.356445 0.967773 0.351562 0.966797 0.34375 0.962891 0.338867 0.958008 0.335938 0.953125 0.334961 0.943359 0.333008
0 0.573242 0.335938 0.569336 0.349609 0.569336 0.356445 0.571289 0.361328 0.574219 0.366211 0.581055 0.368164 0.585938 0.368164 0.591797 0.365234 0.59668 0.362305 0.601562 0.360352 0.603516 0.354492 0.603516 0.349609 0.604492 0.344727 0.604492 0.338867 0.602539 0.333984 0.597656 0.331055 0.591797 0.331055 0.584961 0.332031
0 0.473633 0.34668 0.477539 0.362305 0.482422 0.364258 0.488281 0.366211 0.494141 0.368164 0.5 0.368164 0.504883 0.366211 0.507812 0.360352 0.508789 0.355469 0.509766 0.349609 0.509766 0.344727 0.508789 0.338867 0.506836 0.333984 0.500977 0.332031 0.495117 0.333008 0.488281 0.334961 0.478516 0.34082
0 0.382812 0.332031 0.373047 0.344727 0.37207 0.349609 0.37207 0.356445 0.374023 0.361328 0.37793 0.373047 0.382812 0.378906 0.386719 0.381836 0.394531 0.381836 0.407227 0.37793 0.412109 0.373047 0.414062 0.368164 0.418945 0.359375 0.419922 0.353516 0.419922 0.348633 0.418945 0.34375 0.416992 0.338867 0.415039 0.333984 0.410156 0.332031 0.404297 0.331055 0.394531 0.332031
0 0.306641 0.328125 0.295898 0.331055 0.291016 0.333984 0.287109 0.337891 0.28418 0.342773 0.282227 0.348633 0.283203 0.359375 0.286133 0.364258 0.290039 0.368164 0.294922 0.371094 0.301758 0.370117 0.308594 0.366211 0.313477 0.363281 0.318359 0.359375 0.325195 0.350586 0.326172 0.345703 0.324219 0.34082 0.320312 0.336914 0.316406 0.333008
0 0.174805 0.330078 0.174805 0.34375 0.174805 0.348633 0.176758 0.353516 0.179688 0.358398 0.186523 0.367188 0.191406 0.368164 0.199219 0.368164 0.210938 0.366211 0.220703 0.361328 0.223633 0.356445 0.227539 0.347656 0.228516 0.341797 0.224609 0.336914 0.220703 0.332031 0.213867 0.330078 0.208008 0.329102 0.202148 0.328125 0.186523 0.327148
0 0.177734 0.412109 0.169922 0.417969 0.166992 0.422852 0.166016 0.428711 0.165039 0.445312 0.167969 0.450195 0.174805 0.458984 0.181641 0.458008 0.196289 0.454102 0.201172 0.450195 0.205078 0.445312 0.204102 0.439453 0.202148 0.43457 0.193359 0.420898 0.188477 0.419922
0 0.164062 0.50293 0.157227 0.510742 0.152344 0.512695 0.148438 0.516602 0.143555 0.519531 0.140625 0.523438 0.139648 0.530273 0.139648 0.541992 0.142578 0.548828 0.147461 0.552734 0.154297 0.554688 0.15918 0.554688 0.166992 0.554688 0.173828 0.552734 0.183594 0.549805 0.186523 0.541016 0.1875 0.530273 0.185547 0.525391 0.181641 0.522461 0.179688 0.517578 0.175781 0.512695
0 0.295898 0.0791016 0.293945 0.0625 0.290039 0.0585938 0.280273 0.0527344 0.275391 0.0507812 0.269531 0.0507812 0.265625 0.0537109 0.255859 0.0595703 0.25293 0.0644531 0.251953 0.0703125 0.25293 0.0771484 0.256836 0.0810547 0.264648 0.0878906 0.271484 0.0898438 0.277344 0.0898438 0.282227 0.0888672 0.287109 0.0849609
0 0.251953 0.135742 0.240234 0.146484 0.237305 0.151367 0.235352 0.15625 0.231445 0.178711 0.234375 0.18457 0.240234 0.186523 0.24707 0.1875 0.262695 0.186523 0.267578 0.182617 0.272461 0.176758 0.275391 0.170898 0.275391 0.166016 0.275391 0.154297 0.273438 0.148438 0.270508 0.144531
0 0.222656 0.239258 0.208984 0.250977 0.208984 0.257812 0.209961 0.271484 0.212891 0.275391 0.220703 0.275391 0.225586 0.273438 0.242188 0.268555 0.246094 0.265625 0.249023 0.260742 0.25 0.254883 0.25 0.249023 0.248047 0.244141 0.243164 0.241211 0.238281 0.239258
0 0.327148 0.144531 0.328125 0.160156 0.328125 0.166016 0.329102 0.172852 0.331055 0.177734 0.335938 0.181641 0.342773 0.183594 0.347656 0.18457 0.353516 0.183594 0.358398 0.181641 0.362305 0.177734 0.363281 0.171875 0.368164 0.15332 0.367188 0.148438 0.365234 0.143555 0.360352 0.141602 0.355469 0.138672 0.349609 0.136719 0.34375 0.136719 0.338867 0.138672 0.333984 0.140625
0 0.351562 0.0566406 0.348633 0.078125 0.348633 0.0839844 0.350586 0.0888672 0.353516 0.09375 0.357422 0.0966797 0.366211 0.102539 0.37207 0.101562 0.376953 0.0996094 0.380859 0.0966797 0.382812 0.0917969 0.384766 0.0869141 0.384766 0.0800781 0.386719 0.0751953 0.386719 0.0644531 0.383789 0.0595703 0.379883 0.0546875 0.375977 0.0507812 0.367188 0.0458984 0.361328 0.046875 0.357422 0.0498047
0 0.455078 0.0585938 0.446289 0.0761719 0.446289 0.0820312 0.449219 0.0869141 0.455078 0.0957031 0.458008 0.100586 0.460938 0.104492 0.466797 0.106445 0.47168 0.105469 0.477539 0.103516 0.481445 0.0996094 0.487305 0.0917969 0.488281 0.0869141 0.488281 0.0820312 0.485352 0.0722656 0.482422 0.0673828 0.473633 0.0595703 0.46875 0.0556641
0 0.545898 0.0625 0.539062 0.0771484 0.537109 0.0820312 0.535156 0.0878906 0.535156 0.0947266 0.536133 0.0996094 0.537109 0.104492 0.541992 0.107422 0.552734 0.111328 0.558594 0.111328 0.564453 0.109375 0.576172 0.108398 0.581055 0.108398 0.59375 0.106445 0.595703 0.0986328 0.595703 0.0917969 0.592773 0.0869141 0.588867 0.0820312 0.583008 0.0722656 0.579102 0.0673828 0.574219 0.0634766 0.568359 0.0615234 0.563477 0.0605469 0.555664 0.0605469
0 0.527344 0.147461 0.519531 0.163086 0.516602 0.166992 0.513672 0.171875 0.514648 0.177734 0.517578 0.181641 0.525391 0.188477 0.536133 0.19043 0.541992 0.189453 0.546875 0.186523 0.549805 0.182617 0.554688 0.180664 0.557617 0.175781 0.557617 0.169922 0.555664 0.165039 0.552734 0.155273 0.546875 0.146484 0.541016 0.146484
0 0.433594 0.163086 0.429688 0.172852 0.428711 0.177734 0.427734 0.183594 0.427734 0.189453 0.428711 0.194336 0.431641 0.199219 0.436523 0.202148 0.442383 0.202148 0.453125 0.202148 0.458008 0.198242 0.461914 0.194336 0.47168 0.180664 0.470703 0.174805 0.46875 0.169922 0.46582 0.166016 0.459961 0.15625 0.456055 0.15332 0.451172 0.15332 0.446289 0.15625 0.441406 0.15918
0 0.415039 0.234375 0.405273 0.241211 0.399414 0.249023 0.399414 0.254883 0.399414 0.261719 0.401367 0.273438 0.40332 0.27832 0.40625 0.282227 0.410156 0.286133 0.415039 0.288086 0.419922 0.288086 0.425781 0.285156 0.430664 0.283203 0.436523 0.282227 0.441406 0.280273 0.444336 0.275391 0.446289 0.270508 0.445312 0.264648 0.443359 0.253906 0.44043 0.249023 0.436523 0.244141 0.43457 0.239258 0.427734 0.231445
0 0.334961 0.234375 0.317383 0.241211 0.313477 0.244141 0.305664 0.251953 0.301758 0.261719 0.303711 0.270508 0.305664 0.275391 0.311523 0.27832 0.317383 0.27832 0.328125 0.280273 0.333984 0.28125 0.338867 0.279297 0.34375 0.276367 0.352539 0.269531 0.352539 0.263672 0.352539 0.25293 0.348633 0.243164 0.345703 0.239258
0 0.511719 0.241211 0.5 0.250977 0.498047 0.256836 0.498047 0.262695 0.5 0.266602 0.503906 0.276367 0.506836 0.28125 0.511719 0.28418 0.517578 0.285156 0.529297 0.283203 0.532227 0.27832 0.537109 0.273438 0.542969 0.264648 0.541992 0.258789 0.540039 0.253906 0.536133 0.244141 0.53125 0.241211 0.525391 0.239258 0.518555 0.239258
0 0.601562 0.25 0.59082 0.25293 0.588867 0.258789 0.587891 0.268555 0.589844 0.273438 0.591797 0.27832 0.597656 0.280273 0.603516 0.280273 0.608398 0.279297 0.619141 0.273438 0.62207 0.269531 0.62207 0.263672 0.623047 0.251953 0.62207 0.246094 0.618164 0.243164 0.612305 0.242188 0.607422 0.242188 0.602539 0.243164
0 0.618164 0.15332 0.610352 0.162109 0.608398 0.166992 0.607422 0.171875 0.605469 0.176758 0.607422 0.181641 0.610352 0.185547 0.62207 0.197266 0.626953 0.198242 0.632812 0.198242 0.637695 0.197266 0.642578 0.194336 0.644531 0.189453 0.646484 0.18457 0.648438 0.169922 0.646484 0.165039 0.643555 0.160156 0.641602 0.155273 0.636719 0.151367 0.630859 0.150391
0 0.634766 0.0683594 0.625 0.078125 0.623047 0.0830078 0.623047 0.0888672 0.626953 0.0927734 0.631836 0.0966797 0.634766 0.101562 0.642578 0.108398 0.647461 0.106445 0.652344 0.104492 0.662109 0.0986328 0.673828 0.0888672 0.674805 0.0839844 0.674805 0.078125 0.674805 0.0732422 0.672852 0.0683594 0.668945 0.0644531 0.664062 0.0625 0.65918 0.0625 0.65332 0.0625 0.642578 0.0644531
0 0.719727 0.0791016 0.71875 0.0957031 0.720703 0.100586 0.722656 0.105469 0.725586 0.109375 0.736328 0.113281 0.75293 0.115234 0.756836 0.111328 0.759766 0.104492 0.761719 0.0996094 0.762695 0.0947266 0.762695 0.0888672 0.760742 0.0761719 0.758789 0.0644531 0.75293 0.0615234 0.748047 0.0595703 0.742188 0.0595703 0.732422 0.0625 0.728516 0.0664062
0 0.716797 0.152344 0.708984 0.163086 0.707031 0.167969 0.704102 0.172852 0.701172 0.182617 0.703125 0.1875 0.706055 0.192383 0.712891 0.194336 0.717773 0.194336 0.722656 0.192383 0.727539 0.189453 0.733398 0.1875 0.742188 0.180664 0.745117 0.175781 0.745117 0.169922 0.743164 0.165039 0.740234 0.160156 0.735352 0.15625 0.730469 0.154297 0.724609 0.15332
0 0.697266 0.241211 0.6875 0.249023 0.681641 0.25293 0.677734 0.255859 0.676758 0.260742 0.676758 0.266602 0.677734 0.273438 0.680664 0.280273 0.68457 0.285156 0.689453 0.285156 0.706055 0.286133 0.709961 0.283203 0.712891 0.27832 0.717773 0.257812 0.716797 0.25293 0.713867 0.248047 0.710938 0.243164 0.706055 0.239258 0.693359 0.238281
0 0.801758 0.166992 0.793945 0.180664 0.791016 0.18457 0.790039 0.19043 0.791016 0.195312 0.792969 0.200195 0.798828 0.203125 0.805664 0.202148 0.811523 0.203125 0.822266 0.204102 0.826172 0.199219 0.826172 0.194336 0.826172 0.188477 0.827148 0.183594 0.828125 0.172852 0.827148 0.167969 0.824219 0.163086 0.819336 0.160156 0.813477 0.161133 0.803711 0.164062
0 0.816406 0.0810547 0.811523 0.0947266 0.8125 0.0996094 0.814453 0.104492 0.819336 0.111328 0.824219 0.114258 0.829102 0.113281 0.833008 0.110352 0.842773 0.104492 0.844727 0.0996094 0.848633 0.0878906 0.851562 0.078125 0.849609 0.0703125 0.84668 0.0654297 0.84082 0.0664062 0.835938 0.0693359 0.826172 0.0742188
0 0.887695 0.160156 0.881836 0.169922 0.879883 0.174805 0.879883 0.180664 0.884766 0.185547 0.899414 0.188477 0.904297 0.19043 0.910156 0.189453 0.919922 0.185547 0.923828 0.178711 0.921875 0.15332 0.917969 0.150391 0.912109 0.148438 0.90625 0.148438 0.901367 0.149414 0.896484 0.151367
0 0.904297 0.0839844 0.901367 0.0986328 0.902344 0.103516 0.907227 0.107422 0.912109 0.108398 0.923828 0.110352 0.928711 0.108398 0.933594 0.106445 0.936523 0.102539 0.939453 0.0966797 0.939453 0.0908203 0.938477 0.0800781 0.9375 0.0742188 0.933594 0.0712891 0.928711 0.0742188 0.922852 0.0761719 0.918945 0.0791016 0.914062 0.0800781
0 0.871094 0.249023 0.860352 0.256836 0.857422 0.260742 0.855469 0.265625 0.856445 0.270508 0.858398 0.275391 0.862305 0.279297 0.867188 0.28125 0.87207 0.283203 0.879883 0.28418 0.884766 0.282227 0.890625 0.28125 0.896484 0.28125 0.901367 0.271484 0.901367 0.265625 0.901367 0.251953 0.899414 0.24707 0.897461 0.242188 0.891602 0.240234 0.885742 0.240234 0.881836 0.243164
0 0.817383 0.262695 0.803711 0.24707 0.793945 0.24707 0.78125 0.249023 0.776367 0.251953 0.772461 0.255859 0.771484 0.260742 0.771484 0.266602 0.772461 0.271484 0.775391 0.276367 0.780273 0.27832 0.786133 0.279297 0.796875 0.27832 0.807617 0.275391 0.8125 0.272461 0.81543 0.267578
0 0.982422 0.0830078 0.980469 0.0947266 0.979492 0.100586 0.981445 0.105469 0.984375 0.109375 0.989258 0.113281 0.995117 0.115234 1 0.114258 1 0.108398 0.999023 0.0917969 0.999023 0.0849609 0.99707 0.0800781
0 0.96875 0.162109 0.963867 0.175781 0.964844 0.181641 0.966797 0.186523 0.969727 0.19043 0.973633 0.194336 0.983398 0.202148 0.992188 0.207031 0.99707 0.207031 1 0.203125 1 0.197266 0.996094 0.15918
0 0.962891 0.246094 0.951172 0.257812 0.946289 0.260742 0.945312 0.265625 0.945312 0.271484 0.947266 0.279297 0.951172 0.289062 0.956055 0.291992 0.961914 0.294922 0.966797 0.295898 0.97168 0.297852 0.978516 0.297852 0.982422 0.292969 0.988281 0.283203 0.992188 0.273438 0.993164 0.267578 0.993164 0.262695 0.991211 0.250977 0.988281 0.246094 0.983398 0.244141 0.972656 0.243164
0 0.921875 0.0224609 0.924805 0.0273438 0.928711 0.03125 0.932617 0.0351562 0.936523 0.0400391 0.944336 0.046875 0.949219 0.0478516 0.955078 0.0478516 0.958984 0.0439453 0.960938 0.0390625 0.96582 0.0234375 0.96582 0.0185547 0.963867 0.0136719 0.960938 0.00878906 0.958984 0.00390625 0.956055 0 0.949219 0 0.923828 0
0 0.84375 0.0214844 0.857422 0.0380859 0.860352 0.0429688 0.865234 0.0458984 0.870117 0.0449219 0.875977 0.0410156 0.878906 0.0351562 0.879883 0.0292969 0.879883 0.0234375 0.881836 0.0185547 0.883789 0.00878906 0.881836 0.00390625 0.876953 0 0.87207 0 0.84082 0
0 0.743164 0.00390625 0.741211 0.015625 0.742188 0.0205078 0.745117 0.0253906 0.749023 0.0292969 0.756836 0.0361328 0.765625 0.0429688 0.771484 0.0429688 0.78125 0.0410156 0.78418 0.0351562 0.785156 0.0302734 0.785156 0.0244141 0.782227 0.00390625
1 0 0.78125 0.0244141 0.810547 0.0234375 0.81543 0.0244141 0.821289 0.0224609 0.826172 0.0195312 0.831055 0.0234375 0.835938 0.0283203 0.838867 0.0332031 0.841797 0.0390625 0.847656 0.0429688 0.853516 0.0429688 0.858398 0.0429688 0.867188 0.0429688 0.874023 0.0400391 0.879883 0.0361328 0.883789 0.0302734 0.889648 0.0263672 0.894531 0.0244141 0.900391 0.0214844 0.90918 0.015625 0.922852 0.0117188 0.926758 0.0078125 0.929688 0.000976562 0.932617
