0 0.481445 0.473633 0.477539 0.472656 0.472656 0.467773 0.46875 0.462891 0.466548 0.455841 0.467265 0.445326 0.47168 0.439453 0.475586 0.436523 0.477539 0.430664 0.485418 0.426687 0.5 0.427734 0.510742 0.43457 0.511719 0.439453 0.509766 0.448242 0.504883 0.448242 0.501953 0.454102 0.498047 0.455078 0.496094 0.457031 0.493164 0.459961 0.489258 0.461914 0.488281 0.463867 0.492188 0.46582 0.490234 0.467773 0.490234 0.473633 0.486328 0.473633
0 0.673828 0.0810547 0.676758 0.0791016 0.678711 0.078125 0.680664 0.0751953 0.681641 0.0722656 0.68457 0.0722656 0.688477 0.0722656 0.691406 0.0683594 0.694336 0.0693359 0.698242 0.0712891 0.701172 0.0732422 0.705078 0.0732422 0.706055 0.0771484 0.708008 0.0800781 0.708008 0.0820312 0.706055 0.0849609 0.708008 0.0869141 0.709961 0.0869141 0.708984 0.0898438 0.708984 0.0917969 0.708008 0.0927734 0.707031 0.0947266 0.706055 0.0957031 0.705078 0.100586 0.704102 0.104492 0.702148 0.105469 0.700195 0.106445 0.696289 0.106445 0.693359 0.105469 0.69043 0.102539 0.6875 0.100586 0.686523 0.100586 0.685547 0.101562 0.683594 0.102539 0.679688 0.101562 0.676758 0.100586 0.673828 0.0976562 0.673828 0.0947266 0.674805 0.0917969 0.672852 0.0898438 0.672852 0.0869141 0.674805 0.0859375 0.674805 0.0839844
1 0.725939 0.894878 0.702132 0.887578 0.694861 0.879785 0.696289 0.87207 0.697266 0.869141 0.701172 0.867188 0.705078 0.867188 0.704102 0.863281 0.707031 0.858398 0.71582 0.856445 0.720703 0.859375 0.724609 0.861328 0.733398 0.862305 0.742188 0.862305 0.749023 0.864258 0.754883 0.868164 0.760742 0.870117 0.765625 0.867188 0.768555 0.865234 0.773438 0.862305 0.776367 0.861328 0.780273 0.862305 0.780273 0.868164 0.780273 0.870117 0.782227 0.871094 0.783203 0.875977 0.782227 0.878906 0.785156 0.880859 0.786133 0.885742 0.785156 0.887695 0.785156 0.892578 0.787109 0.897461 0.791016 0.896484 0.793945 0.902344 0.793945 0.908203 0.791016 0.911133 0.788086 0.912109 0.782227 0.912109 0.779297 0.915039 0.772461 0.915039 0.771484 0.912109 0.776367 0.908203 0.774414 0.907227 0.770508 0.90918 0.768555 0.912109 0.763672 0.911133 0.763672 0.90625 0.761719 0.905273 0.758789 0.904297 0.757812 0.899414 0.75293 0.900391 0.748047 0.900391 0.741211 0.898438 0.732422 0.897461
0 0.667969 0.865234 0.65918 0.864258 0.650391 0.864258 0.638672 0.860352 0.631836 0.850586 0.626953 0.842773 0.62793 0.836914 0.632223 0.832343 0.634766 0.826172 0.641602 0.820312 0.647461 0.817383 0.651367 0.81543 0.658203 0.816406 0.664062 0.820312 0.685602 0.849275 0.683594 0.858398 0.679688 0.864258 0.676758 0.866211 0.673828 0.869141 0.669922 0.868164
0 0.452148 0.177734 0.443359 0.163086 0.44043 0.149414 0.439453 0.143555 0.44043 0.139648 0.444336 0.136719 0.447266 0.136719 0.450195 0.138672 0.452148 0.134766 0.457031 0.133789 0.458984 0.132812 0.462891 0.132812 0.46582 0.135742 0.467773 0.135742 0.46875 0.141602 0.46582 0.145508 0.464844 0.146484 0.461914 0.149414 0.461914 0.150391 0.458008 0.152344 0.458008 0.154297 0.458984 0.15625 0.459961 0.15625 0.461914 0.155273 0.463867 0.155273 0.464844 0.158203 0.464844 0.161133 0.463867 0.162109 0.462891 0.166992 0.46582 0.167969 0.46582 0.170898 0.462891 0.172852 0.463867 0.174805 0.463867 0.177734 0.460938 0.180664 0.454102 0.179688
0 0.946289 0.18457 0.944336 0.182617 0.941406 0.182617 0.939337 0.173538 0.943359 0.167969 0.947266 0.164062 0.950195 0.164062 0.954102 0.165039 0.959961 0.165039 0.963867 0.166016 0.96875 0.167969 0.97168 0.171875 0.975586 0.174805 0.975586 0.18457 0.97168 0.186523 0.969727 0.189453 0.966797 0.193359 0.96582 0.195312 0.960938 0.196289 0.958008 0.195312 0.957031 0.192383 0.955078 0.193359 0.951172 0.192383 0.950195 0.189453 0.948242 0.186523
1 0.595703 0.723633 0.595703 0.714844 0.597656 0.709961 0.594727 0.706055 0.592773 0.700195 0.59375 0.695312 0.594727 0.689453 0.597656 0.686523 0.604492 0.683594 0.606445 0.678711 0.608999 0.673259 0.616211 0.670898 0.625324 0.66911 0.631836 0.670898 0.637695 0.674805 0.639648 0.678711 0.639648 0.688477 0.634766 0.693359 0.630859 0.696289 0.629883 0.703125 0.62793 0.706055 0.626953 0.708984 0.625977 0.712891 0.625977 0.71582 0.624023 0.717773 0.621094 0.71875 0.619141 0.720703 0.619141 0.720703 0.615234 0.726562 0.611328 0.725586 0.603516 0.726562 0.600586 0.725586
0 0.670898 0.202148 0.666016 0.202148 0.663086 0.198242 0.658203 0.197266 0.65332 0.191406 0.654297 0.183594 0.657945 0.177498 0.661133 0.173828 0.665799 0.167895 0.674805 0.164062 0.682617 0.166992 0.688477 0.172852 0.688477 0.180664 0.680664 0.19043 0.679688 0.195312 0.677734 0.197266 0.675781 0.199219
0 0.681641 0.240234 0.677734 0.238281 0.675781 0.235352 0.673828 0.232422 0.672852 0.225586 0.673828 0.220703 0.674805 0.21582 0.676412 0.214706 0.680276 0.211484 0.686073 0.209809 0.692383 0.209961 0.696289 0.212891 0.695312 0.216797 0.696289 0.21875 0.696289 0.222656 0.694336 0.225586 0.692383 0.227539 0.6875 0.234375 0.685547 0.239258
1 0.442383 0.290039 0.4375 0.289062 0.433594 0.286133 0.433594 0.28125 0.432617 0.276367 0.433594 0.273438 0.43457 0.267578 0.435547 0.263672 0.43457 0.259766 0.432617 0.256836 0.432617 0.255859 0.435547 0.254883 0.436523 0.253906 0.438477 0.253906 0.44043 0.255859 0.441406 0.255859 0.444336 0.255859 0.446289 0.256836 0.447266 0.259766 0.448242 0.261719 0.450195 0.262695 0.450195 0.265625 0.452148 0.266602 0.454102 0.270508 0.455078 0.273438 0.454102 0.273438 0.453125 0.276367 0.454102 0.279297 0.452148 0.28125 0.449219 0.28125 0.448242 0.282227 0.448242 0.287109 0.446289 0.288086
0 0.652344 0.335938 0.652344 0.329102 0.654297 0.326172 0.658203 0.324219 0.661133 0.325195 0.662109 0.324219 0.663086 0.323242 0.665039 0.325195 0.667969 0.325195 0.666992 0.327148 0.668945 0.328125 0.668945 0.332031 0.668945 0.335938 0.666992 0.338867 0.665039 0.339844 0.661133 0.338867 0.65918 0.337891 0.657227 0.338867 0.655273 0.337891
0 0.493164 0.0273438 0.495117 0.0224609 0.490234 0.0205078 0.487305 0.0195312 0.488281 0.0175781 0.493164 0.0175781 0.490234 0.0136719 0.493164 0.00878906 0.490234 0.0078125 0.486328 0.00878906 0.486328 0.00292969 0.483398 0 0.463867 0 0.461914 0.00292969 0.463867 0.00585938 0.463867 0.0126953 0.46582 0.0175781 0.469727 0.0253906 0.46875 0.0273438 0.46582 0.0283203 0.466797 0.0351562 0.47168 0.0380859 0.470703 0.0410156 0.469727 0.0439453 0.47168 0.0478516 0.474609 0.0478516 0.475586 0.0458984 0.476562 0.0449219 0.475586 0.0410156 0.478516 0.0410156 0.480469 0.0429688 0.481445 0.0429688 0.482422 0.0410156 0.482422 0.0371094 0.481445 0.0361328 0.478516 0.0361328 0.478516 0.0341797 0.484375 0.0332031 0.483398 0.03125 0.480469 0.0302734 0.482422 0.0263672 0.485352 0.0263672 0.485352 0.0283203 0.488281 0.0283203 0.489258 0.0263672
0 0.442383 0.0859375 0.444336 0.0820312 0.447266 0.0839844 0.448242 0.0810547 0.445312 0.0761719 0.447266 0.0712891 0.448242 0.0654297 0.455078 0.0634766 0.461914 0.0644531 0.46582 0.0634766 0.46875 0.0644531 0.469727 0.0654297 0.47168 0.0673828 0.472656 0.0703125 0.474609 0.0712891 0.475586 0.0712891 0.479492 0.0722656 0.483398 0.0761719 0.482422 0.0791016 0.482422 0.0800781 0.484375 0.0810547 0.484375 0.0849609 0.484375 0.0869141 0.480469 0.0869141 0.482422 0.0908203 0.479492 0.0917969 0.483398 0.0947266 0.484375 0.0976562 0.483398 0.100586 0.478516 0.0986328 0.478516 0.101562 0.480469 0.105469 0.478516 0.107422 0.476562 0.110352 0.474609 0.111328 0.474609 0.115234 0.473633 0.116211 0.473633 0.118164 0.469727 0.120117 0.467773 0.121094 0.46582 0.123047 0.461914 0.12207 0.460938 0.120117 0.458008 0.121094 0.456055 0.120117 0.456055 0.116211 0.450195 0.114258 0.448242 0.108398 0.447266 0.107422 0.447266 0.102539 0.447266 0.102539 0.447266 0.0957031 0.443359 0.0947266 0.441406 0.0917969 0.439453 0.0908203 0.439453 0.0869141
0 0.569336 0.836914 0.560547 0.833008 0.547852 0.826172 0.541992 0.810547 0.546875 0.800781 0.551758 0.792969 0.563477 0.786133 0.573242 0.783203 0.578125 0.782227 0.584961 0.78418 0.586914 0.787109 0.59082 0.785156 0.59668 0.786133 0.600586 0.785156 0.601562 0.787109 0.600586 0.790039 0.601562 0.791992 0.601562 0.793945 0.604492 0.796875 0.607422 0.799805 0.609375 0.802734 0.610352 0.804688 0.614258 0.805664 0.613281 0.807617 0.616211 0.811523 0.619141 0.8125 0.621094 0.816406 0.621094 0.819336 0.621094 0.823242 0.619141 0.831055 0.618164 0.835938 0.613281 0.841797 0.613281 0.844727 0.612305 0.845703 0.608398 0.84375 0.606445 0.84375 0.598633 0.841797 0.59375 0.842773 0.59082 0.841797 0.585938 0.84082 0.579102 0.837891 0.574219 0.836914
0 0.332031 0.802734 0.331055 0.798828 0.332031 0.794922 0.332031 0.791992 0.333008 0.789062 0.331055 0.786133 0.325195 0.785156 0.323242 0.782227 0.318359 0.776367 0.318359 0.769531 0.320312 0.763672 0.327148 0.756836 0.333984 0.757812 0.338867 0.745117 0.345703 0.744141 0.354188 0.745262 0.355469 0.745117 0.357422 0.746094 0.359375 0.751953 0.361328 0.756836 0.363281 0.759766 0.364258 0.763672 0.366211 0.767578 0.369141 0.770508 0.368164 0.772461 0.370117 0.777344 0.370117 0.783203 0.371094 0.788086 0.371094 0.791992 0.37207 0.794922 0.370117 0.796875 0.371094 0.802734 0.368164 0.804688 0.368164 0.806641 0.366211 0.810547 0.363281 0.814453 0.358398 0.81543 0.355469 0.81543 0.351562 0.81543 0.348633 0.813477 0.341797 0.8125 0.34082 0.80957 0.337891 0.807617 0.334961 0.803711
0 0.390625 0.773438 0.388672 0.77832 0.384766 0.77832 0.379883 0.77832 0.374023 0.779297 0.368164 0.77832 0.362305 0.765625 0.359457 0.757283 0.351562 0.745117 0.350586 0.740234 0.352539 0.735352 0.355469 0.732422 0.360352 0.731445 0.366211 0.731445 0.370117 0.735352 0.37207 0.738281 0.37793 0.739258 0.384766 0.743164 0.388672 0.745117 0.391602 0.74707 0.393555 0.75 0.393555 0.751953 0.391602 0.753906 0.389648 0.756836 0.386719 0.757812 0.385742 0.758789 0.386719 0.762695 0.388672 0.767578
0 0.463867 0.775391 0.461914 0.774414 0.459961 0.771484 0.458996 0.768208 0.458984 0.761719 0.462891 0.761719 0.463867 0.760742 0.46582 0.760742 0.46875 0.761719 0.470703 0.761719 0.474609 0.761719 0.477539 0.764648 0.480469 0.763672 0.484375 0.761719 0.485352 0.761719 0.487305 0.761719 0.489258 0.762695 0.490234 0.764648 0.493164 0.766602 0.494141 0.767578 0.494141 0.768555 0.491211 0.769531 0.492188 0.771484 0.492188 0.773438 0.491211 0.775391 0.491211 0.77832 0.490234 0.780273 0.490234 0.78125 0.487305 0.78418 0.484375 0.783203 0.477539 0.780273 0.472656 0.780273 0.47168 0.779297 0.467773 0.77832
0 0.461914 0.970703 0.460938 0.963867 0.462891 0.961914 0.463867 0.959961 0.461914 0.958984 0.459961 0.956055 0.459961 0.953125 0.462891 0.951172 0.46582 0.948242 0.46875 0.944336 0.475586 0.945312 0.480469 0.949219 0.482422 0.955078 0.485352 0.958008 0.486328 0.961914 0.485352 0.96582 0.482422 0.966797 0.482422 0.969727 0.480469 0.972656 0.479492 0.972656 0.478516 0.973633 0.476562 0.973633 0.475586 0.972656 0.474609 0.973633 0.474609 0.974609 0.47168 0.974609 0.47168 0.973633 0.470703 0.973633 0.470703 0.974609 0.46875 0.973633 0.464844 0.970703
0 0.481445 0.311523 0.477539 0.311523 0.477539 0.307617 0.477539 0.302734 0.479492 0.299805 0.481445 0.298828 0.483398 0.298828 0.487305 0.297852 0.491211 0.297852 0.492188 0.300781 0.493164 0.301758 0.495117 0.302734 0.496094 0.303711 0.495117 0.304688 0.490234 0.305664 0.491211 0.308594 0.492188 0.30957 0.492188 0.310547 0.490234 0.30957 0.489258 0.30957 0.487305 0.306641 0.485352 0.308594 0.483398 0.308594 0.483398 0.30957
0 0.538646 0.523005 0.544922 0.483398 0.549805 0.483398 0.557617 0.488281 0.5625 0.490234 0.563477 0.495117 0.563477 0.5 0.563477 0.504883 0.5625 0.507812 0.5625 0.510742 0.5625 0.511719 0.564453 0.514648 0.563477 0.516602 0.561523 0.516602 0.561523 0.519531 0.558594 0.519531 0.556641 0.522461 0.553711 0.522461 0.550781 0.522461 0.548828 0.524414 0.544922 0.524414
0 0.90918 0.55957 0.912109 0.557617 0.913086 0.554688 0.913086 0.550781 0.915039 0.548828 0.918945 0.545898 0.922852 0.546875 0.926758 0.545898 0.930664 0.546875 0.93457 0.547852 0.936523 0.547852 0.936523 0.549805 0.9375 0.550781 0.939453 0.550781 0.941406 0.553711 0.942383 0.557617 0.941406 0.560547 0.94043 0.564453 0.936523 0.569336 0.93457 0.572266 0.931641 0.574219 0.930664 0.576172 0.928711 0.577148 0.926758 0.578125 0.923828 0.578125 0.921875 0.577148 0.919922 0.576172 0.916992 0.575195 0.915039 0.576172 0.913086 0.573242 0.911133 0.570312 0.910156 0.568359 0.90918 0.567383 0.90918 0.56543 0.908203 0.564453 0.908203 0.563477 0.908203 0.560547
0 0.956055 0.242188 0.959961 0.238281 0.962891 0.234375 0.96582 0.231445 0.969727 0.226562 0.970703 0.22168 0.975586 0.219727 0.980469 0.222656 0.983398 0.226562 0.986328 0.232422 0.986328 0.238281 0.985352 0.246094 0.986328 0.25293 0.988281 0.258789 0.988281 0.261719 0.987305 0.265625 0.986328 0.269531 0.986328 0.274414 0.980469 0.274414 0.975586 0.274414 0.970703 0.268555 0.966797 0.263672 0.962891 0.256836 0.957031 0.249023
0 0.970703 0.216797 0.967773 0.210938 0.96875 0.207031 0.969727 0.200195 0.969727 0.194336 0.970703 0.191406 0.975586 0.192383 0.979492 0.194336 0.982422 0.197266 0.985352 0.203125 0.985352 0.205078 0.987305 0.208984 0.987305 0.212891 0.988281 0.21582 0.989258 0.217773 0.989258 0.220703 0.990234 0.222656 0.987305 0.224609 0.985352 0.225586 0.984375 0.226562 0.981445 0.226562 0.978516 0.22168 0.975586 0.22168 0.97168 0.220703
1 0.984375 0.206055 0.980469 0.199219 0.975586 0.192383 0.975586 0.178711 0.976562 0.173828 0.972656 0.166016 0.973633 0.155273 0.973633 0.151367 0.97168 0.148438 0.976562 0.143555 0.976562 0.136719 0.977539 0.135742 0.978516 0.130859 0.985352 0.128906 0.989258 0.128906 0.991211 0.130859 0.991211 0.135742 0.993164 0.139648 0.995117 0.141602 0.995117 0.148438 0.994141 0.154297 0.993164 0.160156 0.994141 0.163086 0.993164 0.164062 0.991211 0.166016 0.991211 0.168945 0.991211 0.170898 0.989258 0.185547 0.989258 0.19043 0.988281 0.192383 0.990234 0.197266 0.988281 0.203125 0.987305 0.204102
0 0.503906 0.197266 0.50293 0.194336 0.505859 0.192383 0.510742 0.19043 0.512695 0.189453 0.515625 0.191406 0.518555 0.193359 0.521484 0.195312 0.521484 0.198242 0.521484 0.201172 0.520508 0.201172 0.519531 0.204102 0.518555 0.206055 0.516602 0.207031 0.512695 0.206055 0.509766 0.206055 0.506836 0.204102 0.50293 0.203125
0 0.500977 0.22168 0.503906 0.219727 0.507812 0.219727 0.511719 0.220703 0.515625 0.225586 0.514648 0.230469 0.514648 0.235352 0.510742 0.238281 0.508789 0.239258 0.505859 0.239258 0.50293 0.238281 0.501953 0.238281 0.499023 0.236328 0.49707 0.234375 0.496094 0.232422 0.49707 0.230469 0.499023 0.228516 0.499023 0.226562 0.499023 0.225586 0.5 0.223633
0 0.510742 0.258789 0.507812 0.254883 0.504883 0.254883 0.503906 0.255859 0.501953 0.254883 0.5 0.254883 0.49707 0.256836 0.49707 0.259766 0.495117 0.260742 0.494141 0.262695 0.493164 0.266602 0.494141 0.269531 0.496094 0.271484 0.496094 0.273438 0.49707 0.275391 0.498047 0.276367 0.5 0.276367 0.500977 0.274414 0.50293 0.273438 0.50293 0.270508 0.50293 0.268555 0.504883 0.268555 0.505859 0.268555 0.506836 0.267578 0.509766 0.263672 0.511719 0.263672 0.511719 0.259766
0 0.310547 0.116211 0.307617 0.110352 0.30957 0.105469 0.30957 0.105469 0.313477 0.104492 0.318359 0.104492 0.324219 0.105469 0.329102 0.107422 0.330078 0.110352 0.328125 0.115234 0.327148 0.117188 0.324219 0.117188 0.320312 0.119141 0.317383 0.119141 0.3125 0.119141
0 0.0966797 0.0673828 0.0996094 0.0644531 0.100586 0.0595703 0.104492 0.0576172 0.102539 0.0537109 0.106445 0.0498047 0.110352 0.0498047 0.113281 0.0517578 0.117188 0.0517578 0.118164 0.0498047 0.12207 0.0498047 0.125 0.0507812 0.125977 0.0537109 0.125977 0.0556641 0.125 0.0585938 0.125 0.0605469 0.124023 0.0644531 0.123047 0.0673828 0.123047 0.0703125 0.121094 0.0712891 0.119141 0.0722656 0.116211 0.0732422 0.112305 0.0742188 0.107422 0.0722656 0.104492 0.0712891 0.0996094 0.0712891
0 0.0263672 0.0410156 0.0292969 0.0390625 0.0292969 0.0351562 0.03125 0.03125 0.0351562 0.0302734 0.0380859 0.0253906 0.0439453 0.0214844 0.0478516 0.0224609 0.0527344 0.0234375 0.0595703 0.0234375 0.0644531 0.0292969 0.0673828 0.0341797 0.0683594 0.0380859 0.0683594 0.0400391 0.0683594 0.0419922 0.0693359 0.046875 0.0693359 0.0488281 0.0683594 0.0517578 0.0664062 0.0527344 0.0644531 0.0517578 0.0625 0.0517578 0.0595703 0.0527344 0.0566406 0.0556641 0.0556641 0.0576172 0.0507812 0.0605469 0.0498047 0.0625 0.046875 0.0625 0.0439453 0.0605469 0.0419922 0.0585938 0.0390625 0.0576172 0.0390625 0.0576172 0.0371094 0.0576172 0.0332031 0.0546875 0.0302734 0.0537109 0.0273438 0.0527344 0.0263672 0.0507812 0.0253906 0.0498047 0.0244141 0.0488281 0.0234375 0.046875 0.0224609 0.0449219 0.0224609 0.0429688 0.0234375 0.0419922 0.0253906 0.0429688
0 0.0146484 0.0595703 0.015625 0.0566406 0.0205078 0.0546875 0.0214844 0.0517578 0.0253906 0.0507812 0.0302734 0.0527344 0.0351562 0.0556641 0.0419922 0.0615234 0.0429688 0.0664062 0.0400391 0.0683594 0.0380859 0.0703125 0.0371094 0.0732422 0.0302734 0.0732422 0.0283203 0.0732422 0.0244141 0.0722656 0.0214844 0.0712891 0.0175781 0.0693359 0.0146484 0.0683594 0.0126953 0.0654297 0.0126953 0.0615234
0 0.137695 0.172852 0.136719 0.169922 0.136719 0.166992 0.137695 0.164062 0.139648 0.161133 0.140625 0.158203 0.143555 0.157227 0.146484 0.157227 0.149414 0.158203 0.152344 0.158203 0.15332 0.15918 0.154297 0.162109 0.154297 0.165039 0.154297 0.168945 0.15332 0.170898 0.152344 0.170898 0.150391 0.173828 0.148438 0.175781 0.144531 0.174805 0.142578 0.173828 0.140625 0.173828
0 0.0175781 0.134766 0.0166016 0.131836 0.0166016 0.12793 0.0146484 0.125977 0.0126953 0.123047 0.00878906 0.123047 0.00488281 0.121094 0.00390625 0.125 0.000976562 0.125977 0 0.126953 0 0.142578 0 0.151367 0.00292969 0.150391 0.00488281 0.150391 0.00683594 0.148438 0.00878906 0.146484 0.00976562 0.144531 0.0126953 0.142578 0.0136719 0.140625 0.015625 0.139648 0.0166016 0.138672
0 0 0.165039 0.00488281 0.163086 0.0078125 0.165039 0.00976562 0.167969 0.0146484 0.170898 0.0214844 0.173828 0.0205078 0.181641 0.0234375 0.186523 0.0224609 0.192383 0.0263672 0.196289 0.0283203 0.202148 0.0273438 0.207031 0.0253906 0.209961 0.0244141 0.212891 0.0205078 0.213867 0.0166016 0.213867 0.015625 0.214844 0.0136719 0.216797 0.0126953 0.21875 0.00976562 0.216797 0.00585938 0.217773 0.00390625 0.220703 0.00195312 0.224609 0.000976562 0.227539 0 0.228516
0 0 0.228516 0.00585938 0.217773 0.0126953 0.216797 0.0185547 0.209961 0.0224609 0.208984 0.0302734 0.209961 0.0351562 0.210938 0.0341797 0.22168 0.0361328 0.225586 0.0332031 0.231445 0.0302734 0.235352 0.0263672 0.234375 0.0234375 0.234375 0.0195312 0.234375 0.0185547 0.236328 0.0205078 0.240234 0.0205078 0.242188 0.0166016 0.245117 0.0136719 0.245117 0.015625 0.24707 0.0146484 0.25 0.0126953 0.251953 0.0126953 0.255859 0.0107422 0.257812 0.0078125 0.257812 0.00488281 0.257812 0.00195312 0.257812 0.000976562 0.257812 0 0.257812
0 0.117188 0.429688 0.112305 0.427734 0.105469 0.426758 0.100586 0.427734 0.0976562 0.429688 0.0947266 0.435547 0.0947266 0.44043 0.0957031 0.444336 0.0976562 0.444336 0.100586 0.446289 0.102539 0.448242 0.103516 0.447266 0.106445 0.446289 0.107422 0.448242 0.109375 0.449219 0.111328 0.447266 0.115234 0.445312 0.117188 0.444336 0.119141 0.442383 0.118164 0.439453 0.119141 0.43457 0.119141 0.431641
0 0.131836 0.620117 0.128906 0.618164 0.126953 0.618164 0.123047 0.617188 0.120117 0.617188 0.116211 0.618164 0.115234 0.620117 0.114258 0.62793 0.115234 0.629883 0.117188 0.630859 0.119141 0.632812 0.120117 0.635742 0.125 0.637695 0.12793 0.640625 0.132812 0.640625 0.138672 0.637695 0.141602 0.636719 0.141602 0.62793 0.141602 0.62793 0.141602 0.623047 0.141602 0.623047 0.139648 0.620117 0.137695 0.619141 0.135742 0.619141 0.132812 0.619141
0 0.105469 0.756836 0.103516 0.75293 0.0996094 0.750977 0.0966797 0.74707 0.0927734 0.74707 0.0908203 0.75 0.0888672 0.75293 0.0859375 0.754883 0.0839844 0.758789 0.0839844 0.763672 0.0869141 0.765625 0.0888672 0.766602 0.0898438 0.768555 0.09375 0.769531 0.0966797 0.769531 0.0996094 0.767578 0.101562 0.766602 0.102539 0.763672 0.104492 0.762695 0.104492 0.760742
0 0.213867 0.938477 0.214844 0.930664 0.211914 0.925781 0.208008 0.923828 0.203125 0.920898 0.198242 0.922852 0.194336 0.925781 0.192383 0.928711 0.192383 0.932617 0.191406 0.935547 0.193359 0.939453 0.193359 0.941406 0.196289 0.942383 0.198242 0.945312 0.202148 0.946289 0.204102 0.947266 0.208008 0.947266 0.210938 0.945312 0.211914 0.942383
0 0.341797 0.964844 0.337891 0.962891 0.333984 0.961914 0.331055 0.963867 0.329102 0.96582 0.329102 0.970703 0.329102 0.975586 0.326172 0.976562 0.325195 0.976562 0.325195 0.978516 0.328125 0.982422 0.330078 0.986328 0.332031 0.987305 0.338867 0.987305 0.339844 0.985352 0.341797 0.984375 0.342773 0.986328 0.347656 0.986328 0.349609 0.985352 0.349609 0.982422 0.349609 0.980469 0.348633 0.979492 0.347656 0.977539 0.349609 0.976562 0.352539 0.975586 0.354492 0.973633 0.353516 0.97168 0.351562 0.97168 0.348633 0.970703 0.347656 0.966797 0.34668 0.966797 0.34375 0.966797
0 0.349609 0.908203 0.347656 0.910156 0.34668 0.914062 0.344727 0.914062 0.341797 0.916992 0.339844 0.924805 0.337891 0.925781 0.335938 0.929688 0.334961 0.931641 0.335938 0.932617 0.337891 0.933594 0.336914 0.93457 0.336914 0.935547 0.336914 0.936523 0.338867 0.938477 0.339844 0.939453 0.342773 0.943359 0.350586 0.941406 0.351562 0.938477 0.351562 0.932617 0.355469 0.933594 0.358398 0.935547 0.362305 0.9375 0.363281 0.93457 0.367188 0.93457 0.368164 0.928711 0.366211 0.925781 0.366211 0.923828 0.362305 0.921875 0.360352 0.920898 0.358398 0.919922 0.357422 0.916992 0.355469 0.916992 0.353516 0.917969 0.351562 0.916016 0.351562 0.914062 0.350586 0.911133
0 0.520508 0.679688 0.519531 0.681641 0.516602 0.680664 0.513672 0.680664 0.509766 0.680664 0.505859 0.676758 0.500977 0.676758 0.49707 0.681641 0.492188 0.682617 0.492188 0.689453 0.494141 0.695312 0.494141 0.698242 0.494141 0.704102 0.49707 0.708984 0.500977 0.712891 0.50293 0.714844 0.508789 0.714844 0.511719 0.71582 0.513672 0.714844 0.516602 0.712891 0.518555 0.708984 0.520508 0.706055 0.523438 0.703125 0.525391 0.701172 0.527344 0.700195 0.529297 0.698242 0.53125 0.696289 0.529297 0.693359 0.529297 0.691406 0.52832 0.689453 0.52832 0.686523 0.525391 0.686523 0.525391 0.68457 0.523438 0.682617 0.523438 0.679688
0 0.518555 0.680664 0.509766 0.680664 0.506836 0.677734 0.501953 0.676758 0.498047 0.675781 0.49707 0.670898 0.499023 0.666992 0.5 0.65918 0.500977 0.65625 0.50293 0.650391 0.506836 0.646484 0.511719 0.644531 0.511719 0.641602 0.516602 0.640625 0.516602 0.636719 0.517578 0.633789 0.523438 0.632812 0.524414 0.636719 0.525391 0.636719 0.526367 0.633789 0.530273 0.635742 0.529297 0.639648 0.533203 0.639648 0.539062 0.639648 0.540039 0.642578 0.535156 0.646484 0.535156 0.649414 0.537109 0.648438 0.541016 0.645508 0.541992 0.646484 0.541992 0.649414 0.542969 0.650391 0.545898 0.650391 0.546875 0.65332 0.545898 0.65625 0.545898 0.65918 0.543945 0.661133 0.541992 0.663086 0.540039 0.665039 0.536133 0.666016 0.533203 0.669922 0.53125 0.673828 0.525391 0.678711 0.522461 0.680664
0 0.273438 0.618164 0.270508 0.614258 0.266602 0.615234 0.264648 0.617188 0.262695 0.621094 0.260742 0.624023 0.257812 0.62793 0.257812 0.631836 0.262695 0.632812 0.268555 0.633789 0.273438 0.634766 0.277344 0.635742 0.279297 0.632812 0.282227 0.631836 0.283203 0.629883 0.285156 0.626953 0.285156 0.625 0.280273 0.623047 0.277344 0.621094 0.274414 0.620117
0 0.282227 0.625977 0.27832 0.623047 0.275391 0.621094 0.272461 0.617188 0.268555 0.614258 0.269531 0.611328 0.272461 0.608398 0.275391 0.606445 0.277344 0.604492 0.282227 0.604492 0.286133 0.604492 0.288086 0.608398 0.290039 0.609375 0.291016 0.618164 0.291016 0.621094 0.288086 0.624023 0.287109 0.62793 0.283203 0.62793
0 0.239258 0.621094 0.237305 0.619141 0.235352 0.616211 0.237305 0.611328 0.239258 0.608398 0.241211 0.607422 0.242188 0.605469 0.243164 0.602539 0.25 0.598633 0.256836 0.597656 0.263672 0.595703 0.266602 0.598633 0.266602 0.605469 0.265625 0.610352 0.262695 0.615234 0.260742 0.618164 0.258789 0.620117 0.257812 0.62207 0.254883 0.623047 0.250977 0.624023 0.249023 0.625 0.245117 0.623047
1 0.380859 0.644531 0.380859 0.641602 0.381836 0.634766 0.380859 0.629883 0.380859 0.624023 0.383789 0.618164 0.386719 0.620117 0.391602 0.621094 0.394531 0.621094 0.397461 0.618164 0.400391 0.620117 0.399414 0.62207 0.400391 0.624023 0.40332 0.625977 0.40332 0.629883 0.407227 0.631836 0.40625 0.636719 0.408203 0.638672 0.408203 0.644531 0.405273 0.647461 0.402344 0.648438 0.400391 0.650391 0.398438 0.651367 0.396484 0.649414 0.393555 0.649414 0.391602 0.648438 0.390625 0.649414 0.388672 0.648438 0.387695 0.648438 0.385742 0.647461
0 0.410156 0.639648 0.40918 0.634766 0.40918 0.631836 0.408203 0.628906 0.410156 0.626953 0.407227 0.625 0.407227 0.62207 0.412109 0.62207 0.424805 0.618164 0.424805 0.618164 0.431641 0.620117 0.430664 0.625 0.429688 0.626953 0.433594 0.626953 0.436523 0.629883 0.4375 0.632812 0.43457 0.636719 0.432617 0.638672 0.429688 0.640625 0.424805 0.641602 0.421875 0.642578 0.416992 0.642578 0.413086 0.641602
0 0.378906 0.671875 0.379883 0.666992 0.382812 0.665039 0.382812 0.665039 0.386719 0.664062 0.390625 0.666016 0.390625 0.674805 0.393555 0.681641 0.398438 0.688477 0.397461 0.691406 0.397461 0.697266 0.393555 0.700195 0.387695 0.701172 0.385742 0.700195 0.385742 0.695312 0.382812 0.697266 0.380859 0.702148 0.374023 0.705078 0.368164 0.703125 0.364258 0.702148 0.362305 0.698242 0.363281 0.692383 0.365234 0.689453 0.367188 0.683594 0.370117 0.682617 0.371094 0.681641 0.37207 0.676758 0.374023 0.673828 0.376953 0.672852
0 0.287109 0.705078 0.290039 0.702148 0.290039 0.702148 0.295898 0.699219 0.296875 0.695312 0.294922 0.692383 0.294922 0.692383 0.286133 0.685547 0.27832 0.683594 0.270508 0.682617 0.260742 0.682617 0.257812 0.679688 0.25293 0.677734 0.24707 0.675781 0.242188 0.675781 0.240234 0.678711 0.240234 0.68457 0.243164 0.688477 0.251953 0.692383 0.257812 0.697266 0.265625 0.702148 0.271484 0.703125 0.279297 0.707031
0 0.449219 0.766602 0.446289 0.764648 0.446289 0.760742 0.447266 0.757812 0.445312 0.759766 0.442383 0.763672 0.44043 0.764648 0.438477 0.764648 0.436523 0.761719 0.435547 0.75293 0.433594 0.750977 0.430664 0.75 0.428711 0.75293 0.425781 0.750977 0.423828 0.751953 0.421875 0.754883 0.423828 0.767578 0.420898 0.780273 0.422852 0.786133 0.428711 0.795898 0.430664 0.795898 0.43457 0.798828 0.436523 0.800781 0.44043 0.800781 0.441406 0.796875 0.442383 0.794922 0.444336 0.795898 0.446289 0.794922 0.448242 0.788086 0.450195 0.783203 0.450195 0.779297 0.452148 0.779297 0.453125 0.776367 0.452148 0.774414 0.451172 0.773438 0.454102 0.769531 0.454102 0.768555
0 0.519531 0.986328 0.514648 0.985352 0.511719 0.980469 0.510742 0.975586 0.506836 0.96875 0.508789 0.964844 0.515625 0.958984 0.514648 0.953125 0.516602 0.953125 0.518555 0.949219 0.520508 0.944336 0.524414 0.94043 0.529297 0.94043 0.532227 0.945312 0.530273 0.952148 0.532227 0.951172 0.535156 0.949219 0.537109 0.952148 0.538086 0.955078 0.541016 0.953125 0.544922 0.956055 0.544922 0.96582 0.542969 0.970703 0.541992 0.975586 0.540039 0.976562 0.537109 0.977539 0.536133 0.979492 0.53418 0.979492 0.53418 0.982422 0.53418 0.985352 0.533203 0.986328 0.52832 0.985352 0.523438 0.984375 0.522461 0.985352
0 0.555664 0.977539 0.555664 0.973633 0.557617 0.973633 0.557617 0.969727 0.561523 0.969727 0.5625 0.97168 0.56543 0.973633 0.56543 0.973633 0.568359 0.966797 0.573242 0.961914 0.572266 0.959961 0.572266 0.957031 0.574219 0.954102 0.578125 0.953125 0.581055 0.953125 0.582031 0.954102 0.584961 0.954102 0.586914 0.953125 0.589844 0.952148 0.594727 0.952148 0.59668 0.955078 0.59668 0.959961 0.597656 0.962891 0.600586 0.962891 0.601562 0.964844 0.601562 0.96582 0.603516 0.96582 0.603516 0.96875 0.601562 0.969727 0.600586 0.969727 0.600586 0.97168 0.603516 0.974609 0.602539 0.977539 0.601562 0.979492 0.600586 0.979492 0.599609 0.981445 0.59668 0.984375 0.59668 0.986328 0.595703 0.987305 0.595703 0.989258 0.59375 0.989258 0.59375 0.984375 0.59082 0.984375 0.59082 0.985352 0.589844 0.987305 0.588867 0.990234 0.584961 0.988281 0.583984 0.986328 0.581055 0.984375 0.580078 0.984375 0.577148 0.983398 0.575195 0.984375 0.573242 0.984375 0.572266 0.985352 0.570312 0.986328 0.566406 0.986328 0.564453 0.984375 0.560547 0.984375 0.556641 0.981445
0 0.880859 0.935547 0.879883 0.924805 0.881836 0.916992 0.887695 0.915039 0.890625 0.90918 0.895508 0.90625 0.900391 0.90332 0.907227 0.907227 0.912109 0.911133 0.920898 0.915039 0.923828 0.919922 0.923828 0.925781 0.918945 0.929688 0.916016 0.931641 0.915039 0.935547 0.910156 0.935547 0.90918 0.94043 0.907227 0.944336 0.904297 0.943359 0.90332 0.94043 0.899414 0.939453 0.897461 0.936523 0.896484 0.936523 0.893555 0.9375 0.891602 0.938477 0.890625 0.938477 0.887695 0.939453 0.883789 0.938477
0 0.887695 0.998047 0.887695 0.988281 0.890625 0.984375 0.894531 0.983398 0.895508 0.981445 0.896484 0.978516 0.898438 0.978516 0.899414 0.980469 0.901367 0.980469 0.904297 0.983398 0.90625 0.984375 0.908203 0.986328 0.908203 0.988281 0.908203 0.990234 0.907227 0.991211 0.90625 0.993164 0.905273 0.994141 0.90332 0.996094 0.90332 0.99707 0.90332 0.999023 0.901367 1 0.895508 1 0.888672 1
0 0.887695 0.862305 0.884766 0.858398 0.882812 0.852539 0.884766 0.848633 0.887695 0.84668 0.890625 0.847656 0.895508 0.847656 0.899414 0.849609 0.901367 0.851562 0.900391 0.855469 0.900391 0.856445 0.899414 0.858398 0.897461 0.859375 0.893555 0.862305 0.891602 0.863281
0 0.885742 0.837891 0.883789 0.833984 0.878906 0.832031 0.873047 0.832031 0.868164 0.832031 0.865234 0.833008 0.864258 0.836914 0.861328 0.837891 0.861328 0.84375 0.859375 0.854492 0.862305 0.860352 0.870117 0.861328 0.873047 0.857422 0.875977 0.856445 0.87793 0.854492 0.880859 0.854492 0.882812 0.854492 0.885742 0.852539 0.885742 0.849609 0.885742 0.841797
1 0.87207 0.884766 0.876953 0.875977 0.882812 0.873047 0.884766 0.866211 0.884766 0.858398 0.883789 0.855469 0.881836 0.854492 0.876953 0.854492 0.87207 0.857422 0.868164 0.861328 0.868164 0.863281 0.866211 0.865234 0.863281 0.865234 0.860352 0.867188 0.858398 0.871094 0.857422 0.875977 0.858398 0.87793 0.858398 0.879883 0.860352 0.881836 0.862305 0.883789 0.866211 0.885742 0.868164 0.885742
1 0.986328 0.863281 0.988281 0.862305 0.990234 0.863281 0.990234 0.867188 0.994141 0.861328 0.994141 0.861328 0.99707 0.861328 0.999023 0.864258 1 0.866211 1 0.879883 1 0.904297 1 0.912109 0.99707 0.915039 0.992188 0.916016 0.992188 0.916016 0.988281 0.908203 0.985352 0.90332 0.985352 0.896484 0.985352 0.891602 0.985352 0.888672 0.985352 0.87207 0.985352 0.867188
0 0.866211 0.829102 0.866211 0.823242 0.866211 0.824219 0.868164 0.822266 0.871094 0.822266 0.873047 0.821289 0.876953 0.820312 0.878906 0.822266 0.881836 0.824219 0.884766 0.826172 0.884766 0.832031 0.884766 0.833984 0.882812 0.833984 0.878906 0.833008 0.875 0.832031 0.874023 0.832031 0.871094 0.832031 0.867188 0.832031
0 0.988281 0.701172 0.982422 0.698242 0.977539 0.698242 0.974609 0.695312 0.972656 0.695312 0.966797 0.699219 0.96582 0.706055 0.96875 0.709961 0.973633 0.712891 0.977539 0.71582 0.983398 0.716797 0.987305 0.71582 0.989258 0.713867 0.992188 0.711914 0.993164 0.707031 0.990234 0.703125
0 1 0.69043 0.995117 0.691406 0.991211 0.692383 0.987305 0.691406 0.984375 0.694336 0.983398 0.698242 0.987305 0.701172 0.990234 0.705078 0.992188 0.707031 0.994141 0.710938 0.996094 0.711914 1 0.712891
0 0.78125 0.792969 0.78125 0.787109 0.782227 0.78125 0.785156 0.77832 0.787109 0.776367 0.791016 0.776367 0.792969 0.77832 0.795898 0.779297 0.798828 0.786133 0.798828 0.791992 0.797852 0.795898 0.793945 0.797852 0.791016 0.798828 0.785156 0.795898
0 0.797852 0.760742 0.795898 0.762695 0.796875 0.764648 0.798828 0.769531 0.801758 0.774414 0.803711 0.777344 0.806641 0.777344 0.810547 0.775391 0.813477 0.773438 0.817383 0.771484 0.819336 0.770508 0.821289 0.766602 0.821289 0.761719 0.819336 0.758789 0.818359 0.753906 0.81543 0.753906 0.814453 0.756836 0.813477 0.755859 0.8125 0.754883 0.810547 0.754883 0.807617 0.755859 0.807617 0.757812 0.807617 0.758789 0.806641 0.759766 0.804688 0.759766 0.801758 0.759766 0.800781 0.759766
0 0.717773 0.780273 0.713867 0.779297 0.711914 0.77832 0.709961 0.780273 0.708008 0.779297 0.704102 0.77832 0.702148 0.780273 0.699219 0.783203 0.696289 0.785156 0.696289 0.789062 0.697266 0.793945 0.699219 0.797852 0.702148 0.800781 0.705078 0.800781 0.706055 0.800781 0.706055 0.803711 0.707031 0.804688 0.710938 0.806641 0.713867 0.805664 0.714844 0.802734 0.71582 0.800781 0.716797 0.800781 0.717773 0.802734 0.720703 0.799805 0.720703 0.799805 0.723633 0.798828 0.722656 0.791992 0.722656 0.78418 0.720703 0.783203 0.719727 0.782227
0 0.709961 0.762695 0.714844 0.761719 0.71582 0.756836 0.716797 0.753906 0.716797 0.75 0.714844 0.748047 0.713867 0.745117 0.710938 0.743164 0.707031 0.742188 0.704102 0.742188 0.699219 0.746094 0.699219 0.746094 0.697266 0.749023 0.695312 0.755859 0.695312 0.758789 0.695312 0.764648 0.698242 0.768555 0.705078 0.769531 0.708984 0.767578
0 0.713867 0.743164 0.717773 0.739258 0.720703 0.732422 0.719727 0.723633 0.711914 0.722656 0.708008 0.722656 0.703125 0.726562 0.703125 0.726562 0.701172 0.728516 0.701172 0.733398 0.700195 0.737305 0.701172 0.742188 0.703125 0.743164 0.707031 0.744141 0.710938 0.743164
0 0.917969 0.543945 0.915039 0.539062 0.919922 0.533203 0.922852 0.532227 0.926758 0.532227 0.927734 0.53125 0.930664 0.53125 0.93457 0.532227 0.938477 0.53418 0.94043 0.538086 0.941406 0.540039 0.941406 0.542969 0.941406 0.545898 0.94043 0.547852 0.939453 0.548828 0.938477 0.549805 0.936523 0.549805 0.93457 0.547852 0.930664 0.547852 0.928711 0.546875 0.925781 0.546875 0.924805 0.548828 0.920898 0.547852 0.918945 0.544922
0 0.661133 0.65918 0.65918 0.657227 0.661133 0.654297 0.664062 0.651367 0.664062 0.648438 0.666992 0.647461 0.672852 0.647461 0.674805 0.643555 0.677734 0.641602 0.676758 0.639648 0.677734 0.637695 0.679688 0.637695 0.682617 0.637695 0.68457 0.637695 0.688477 0.644531 0.689453 0.647461 0.692383 0.648438 0.691406 0.651367 0.69043 0.655273 0.689453 0.65918 0.6875 0.662109 0.685547 0.664062 0.682617 0.666016 0.681641 0.666016 0.679688 0.667969 0.677734 0.669922 0.674805 0.671875 0.671875 0.670898 0.669922 0.670898 0.665039 0.666992 0.665039 0.663086 0.666016 0.660156 0.665039 0.658203
0 0.685547 0.677734 0.68457 0.674805 0.683594 0.666992 0.683594 0.664062 0.686523 0.663086 0.695312 0.663086 0.699219 0.666016 0.700195 0.667969 0.698242 0.671875 0.698242 0.674805 0.696289 0.677734 0.695312 0.678711 0.694336 0.679688 0.689453 0.678711
0 0.645508 0.658203 0.642578 0.655273 0.641602 0.650391 0.644531 0.645508 0.644531 0.645508 0.647461 0.642578 0.652344 0.641602 0.658203 0.641602 0.661133 0.643555 0.662109 0.646484 0.663086 0.647461 0.664062 0.651367 0.662109 0.65332 0.660156 0.655273 0.658203 0.657227 0.655273 0.658203 0.65332 0.65918 0.651367 0.658203 0.649414 0.65918 0.647461 0.65918
0 0.558594 0.547852 0.555664 0.544922 0.551758 0.542969 0.546875 0.540039 0.544922 0.536133 0.539062 0.537109 0.53418 0.540039 0.530273 0.541992 0.527344 0.544922 0.527344 0.550781 0.525391 0.557617 0.527344 0.566406 0.533203 0.572266 0.536133 0.571289 0.541016 0.569336 0.545898 0.568359 0.547852 0.563477 0.548828 0.55957 0.550781 0.557617 0.554688 0.558594 0.557617 0.556641
0 0.557617 0.558594 0.557617 0.550781 0.555664 0.546875 0.555664 0.543945 0.558594 0.542969 0.5625 0.543945 0.5625 0.543945 0.564453 0.541992 0.567383 0.542969 0.570312 0.547852 0.570312 0.551758 0.572266 0.555664 0.572266 0.560547 0.569336 0.561523 0.56543 0.561523 0.563477 0.560547 0.55957 0.55957
0 0.490234 0.741211 0.488281 0.734375 0.489258 0.726562 0.492188 0.71875 0.495117 0.71582 0.500977 0.716797 0.503906 0.716797 0.505859 0.717773 0.507812 0.72168 0.506836 0.725586 0.503906 0.728516 0.50293 0.730469 0.500977 0.735352 0.499023 0.738281 0.496094 0.739258 0.494141 0.740234
0 0.549805 0.666016 0.547852 0.661133 0.548828 0.65625 0.550781 0.654297 0.552734 0.652344 0.554688 0.65332 0.556641 0.651367 0.558594 0.652344 0.560547 0.65332 0.561523 0.652344 0.563477 0.652344 0.564453 0.654297 0.56543 0.655273 0.564453 0.663086 0.5625 0.665039 0.561523 0.666992 0.558594 0.667969 0.553711 0.667969
0 0.195312 0.75293 0.191406 0.748047 0.192383 0.739258 0.194336 0.737305 0.195312 0.734375 0.197266 0.732422 0.199219 0.731445 0.203125 0.732422 0.208008 0.733398 0.209961 0.734375 0.210938 0.735352 0.210938 0.743164 0.210938 0.746094 0.209961 0.749023 0.208008 0.750977 0.205078 0.75293 0.204102 0.754883 0.202148 0.755859 0.197266 0.755859 0.195312 0.754883
0 0.125 0.44043 0.123047 0.4375 0.124023 0.435547 0.128906 0.43457 0.131836 0.432617 0.136719 0.431641 0.140625 0.433594 0.142578 0.435547 0.142578 0.442383 0.140625 0.444336 0.138672 0.445312 0.136719 0.446289 0.136719 0.449219 0.133789 0.450195 0.131836 0.450195 0.12793 0.446289 0.125 0.443359
0 0.678711 0.822266 0.679688 0.816406 0.683594 0.81543 0.6875 0.816406 0.69043 0.821289 0.693359 0.824219 0.697266 0.831055 0.705078 0.833008 0.708984 0.837891 0.713867 0.839844 0.717773 0.84375 0.723633 0.850586 0.720703 0.854492 0.716797 0.851562 0.716797 0.855469 0.714844 0.857422 0.709961 0.860352 0.705078 0.862305 0.705078 0.866211 0.700195 0.867188 0.697266 0.867188 0.689453 0.867188 0.6875 0.865234 0.689453 0.862305 0.692383 0.856445 0.691406 0.853516 0.688477 0.854492 0.686523 0.856445 0.68457 0.858398 0.681641 0.861328 0.678711 0.863281 0.676758 0.859375 0.676758 0.857422 0.679688 0.852539 0.679688 0.849609 0.679688 0.844727 0.678711 0.842773 0.676758 0.839844 0.672852 0.835938 0.672852 0.835938 0.670898 0.833008 0.670898 0.829102 0.671875 0.826172 0.673828 0.823242
0 0.856445 0.916992 0.867188 0.917969 0.873047 0.914062 0.875977 0.90918 0.876953 0.905273 0.873047 0.901367 0.869141 0.902344 0.866211 0.900391 0.863281 0.899414 0.863281 0.895508 0.861328 0.893555 0.862305 0.888672 0.859375 0.886719 0.856445 0.886719 0.855469 0.885742 0.854492 0.885742 0.849609 0.886719 0.849609 0.886719 0.845703 0.888672 0.844727 0.890625 0.84375 0.892578 0.841797 0.893555 0.84082 0.896484 0.839844 0.897461 0.837891 0.900391 0.837891 0.902344 0.837891 0.904297 0.838867 0.907227 0.84082 0.907227 0.841797 0.905273 0.844727 0.905273 0.845703 0.90625 0.847656 0.905273 0.849609 0.905273 0.850586 0.907227 0.853516 0.913086 0.853516 0.913086 0.852539 0.915039 0.852539 0.916992
0 0.802734 0.887695 0.805664 0.884766 0.814453 0.882812 0.820312 0.884766 0.827148 0.887695 0.827148 0.891602 0.827148 0.894531 0.829102 0.897461 0.831055 0.900391 0.831055 0.90332 0.830078 0.90625 0.827148 0.907227 0.825195 0.905273 0.823242 0.904297 0.820312 0.905273 0.818359 0.908203 0.81543 0.908203 0.811523 0.907227 0.808594 0.90625 0.806641 0.90332 0.805664 0.899414 0.804688 0.894531 0.803711 0.893555 0.802734 0.889648
0 0.960938 0.750977 0.958008 0.744141 0.958008 0.738281 0.961914 0.736328 0.962891 0.733398 0.964844 0.731445 0.970703 0.731445 0.975586 0.731445 0.979492 0.733398 0.981445 0.737305 0.984375 0.738281 0.985352 0.741211 0.983398 0.744141 0.981445 0.746094 0.978516 0.74707 0.972656 0.74707 0.970703 0.748047 0.96875 0.749023 0.96582 0.750977
0 0.825195 0.0234375 0.825195 0.0146484 0.828125 0.00878906 0.830078 0.00683594 0.837891 0.00683594 0.842773 0.0126953 0.842773 0.0234375 0.835938 0.0273438 0.835938 0.0273438 0.829102 0.0263672
0 0.827148 0.0458984 0.830078 0.0449219 0.833008 0.0458984 0.834961 0.0488281 0.834961 0.0517578 0.833008 0.0527344 0.832031 0.0537109 0.831055 0.0546875 0.830078 0.0546875 0.828125 0.0537109 0.825195 0.0537109 0.825195 0.0527344 0.824219 0.0517578 0.824219 0.0507812 0.824219 0.0498047 0.825195 0.0478516
0 0.828125 0.0664062 0.827148 0.0625 0.828125 0.0595703 0.830078 0.0585938 0.833984 0.0585938 0.836914 0.0595703 0.837891 0.0625 0.838867 0.0654297 0.836914 0.0683594 0.833984 0.0693359 0.829102 0.0673828
0 0.803711 0.229492 0.806641 0.226562 0.810547 0.224609 0.816406 0.228516 0.820312 0.233398 0.823242 0.238281 0.823242 0.245117 0.819336 0.25293 0.80957 0.256836 0.804688 0.25293 0.799805 0.25 0.796875 0.24707 0.797852 0.242188 0.803711 0.237305 0.803711 0.232422
0 0.84082 0.514648 0.837891 0.511719 0.834961 0.509766 0.828125 0.509766 0.824219 0.510742 0.822266 0.513672 0.822266 0.516602 0.822266 0.520508 0.823242 0.522461 0.824219 0.523438 0.826172 0.522461 0.828125 0.523438 0.830078 0.523438 0.833008 0.523438 0.834961 0.525391 0.836914 0.525391 0.838867 0.522461 0.838867 0.520508 0.84082 0.519531
0 0.824219 0.524414 0.823242 0.530273 0.823242 0.536133 0.825195 0.541016 0.830078 0.541016 0.833008 0.540039 0.835938 0.537109 0.836914 0.53418 0.835938 0.529297 0.835938 0.525391 0.833008 0.523438 0.828125 0.522461
0 0.729492 0.50293 0.726562 0.501953 0.71875 0.498047 0.717773 0.491211 0.719727 0.490234 0.722656 0.487305 0.724609 0.487305 0.725586 0.486328 0.726562 0.484375 0.728516 0.484375 0.730469 0.485352 0.731445 0.485352 0.732422 0.485352 0.733398 0.485352 0.734375 0.485352 0.734375 0.486328 0.734375 0.487305 0.735352 0.488281 0.737305 0.490234 0.737305 0.494141 0.737305 0.496094 0.735352 0.49707 0.735352 0.498047 0.734375 0.499023 0.733398 0.499023 0.732422 0.501953 0.731445 0.50293
0 0.391602 0.74707 0.395508 0.746094 0.397461 0.742188 0.400391 0.742188 0.40625 0.742188 0.40918 0.742188 0.411133 0.744141 0.415039 0.743164 0.417969 0.743164 0.419922 0.744141 0.421875 0.74707 0.423828 0.749023 0.421875 0.750977 0.420898 0.75293 0.421875 0.754883 0.424805 0.758789 0.424805 0.762695 0.425781 0.766602 0.425781 0.772461 0.425781 0.775391 0.423828 0.78125 0.419922 0.786133 0.419922 0.786133 0.414062 0.790039 0.407227 0.791016 0.398438 0.789062 0.392578 0.786133 0.389648 0.78125 0.387695 0.77832 0.386719 0.769531 0.385742 0.758789 0.389648 0.75
0 0.177734 0.078125 0.178711 0.0742188 0.179688 0.0722656 0.181641 0.0712891 0.183594 0.0722656 0.1875 0.0732422 0.19043 0.0742188 0.192383 0.0751953 0.194336 0.078125 0.192383 0.0849609 0.19043 0.0898438 0.188477 0.0917969 0.18457 0.0917969 0.180664 0.0908203 0.176758 0.0898438 0.176758 0.0859375 0.176758 0.0820312 0.178711 0.0820312
0 0.188477 0.248047 0.19043 0.24707 0.193359 0.24707 0.195312 0.244141 0.197266 0.242188 0.200195 0.243164 0.200195 0.245117 0.202148 0.244141 0.203125 0.242188 0.206055 0.242188 0.208008 0.242188 0.211914 0.243164 0.212891 0.248047 0.211914 0.251953 0.208984 0.255859 0.207031 0.262695 0.203125 0.262695 0.198242 0.263672 0.194336 0.262695 0.19043 0.259766 0.188477 0.256836 0.1875 0.251953
1 0.324219 0.782227 0.317383 0.776367 0.316406 0.776367 0.313477 0.776367 0.30957 0.776367 0.305664 0.777344 0.303711 0.77832 0.300781 0.77832 0.298828 0.777344 0.296875 0.77832 0.293945 0.782227 0.291992 0.782227 0.287109 0.782227 0.286133 0.788086 0.289062 0.792969 0.291992 0.794922 0.295898 0.794922 0.300781 0.792969 0.303711 0.793945 0.308594 0.794922 0.310547 0.792969 0.3125 0.793945 0.314453 0.795898 0.316406 0.800781 0.321289 0.801758 0.327148 0.800781 0.327148 0.795898 0.327148 0.795898 0.327148 0.793945 0.322266 0.791016 0.322266 0.787109 0.323242 0.785156
1 0.25293 0.775391 0.253906 0.772461 0.256836 0.770508 0.260742 0.769531 0.264648 0.770508 0.266602 0.771484 0.268555 0.774414 0.269531 0.775391 0.271484 0.775391 0.272461 0.775391 0.275391 0.775391 0.277344 0.776367 0.277344 0.77832 0.27832 0.779297 0.282227 0.78125 0.286133 0.783203 0.286133 0.785156 0.286133 0.787109 0.285156 0.789062 0.28418 0.791992 0.283203 0.793945 0.280273 0.794922 0.277344 0.792969 0.274414 0.791016 0.271484 0.787109 0.270508 0.786133 0.268555 0.787109 0.267578 0.790039 0.267578 0.791016 0.266602 0.793945 0.265625 0.794922 0.264648 0.793945 0.262695 0.790039 0.260742 0.788086 0.257812 0.786133 0.258789 0.78418 0.259766 0.783203 0.256836 0.78125 0.254883 0.780273 0.25293 0.777344
1 0.219727 0.772461 0.220703 0.770508 0.222656 0.770508 0.225586 0.770508 0.227539 0.772461 0.228516 0.773438 0.230469 0.773438 0.232422 0.772461 0.234375 0.773438 0.236328 0.772461 0.239258 0.772461 0.241211 0.771484 0.243164 0.771484 0.245117 0.773438 0.24707 0.776367 0.248047 0.779297 0.248047 0.78125 0.248047 0.78418 0.244141 0.782227 0.241211 0.783203 0.237305 0.782227 0.235352 0.783203 0.233398 0.78125 0.229492 0.78125 0.225586 0.78125 0.220703 0.777344
0 0.214844 0.751953 0.209961 0.756836 0.209961 0.759766 0.210938 0.761719 0.212891 0.763672 0.214844 0.763672 0.21875 0.767578 0.223633 0.765625 0.228516 0.763672 0.229492 0.759766 0.227539 0.757812 0.226562 0.754883 0.224609 0.75293 0.22168 0.751953 0.220703 0.75
0 0.1875 0.726562 0.18457 0.726562 0.181641 0.728516 0.181641 0.730469 0.177734 0.730469 0.177734 0.733398 0.175781 0.734375 0.174805 0.735352 0.174805 0.736328 0.174805 0.737305 0.177734 0.739258 0.177734 0.741211 0.177734 0.742188 0.180664 0.744141 0.180664 0.746094 0.181641 0.748047 0.183594 0.75 0.185547 0.75 0.1875 0.748047 0.19043 0.744141 0.192383 0.742188 0.193359 0.738281 0.194336 0.735352 0.195312 0.732422 0.195312 0.729492 0.194336 0.727539 0.191406 0.725586
0 0.361328 0.703125 0.360352 0.705078 0.359375 0.706055 0.358398 0.707031 0.359375 0.709961 0.360352 0.710938 0.361328 0.713867 0.361328 0.717773 0.362305 0.720703 0.368164 0.726562 0.369141 0.723633 0.371094 0.723633 0.37207 0.72168 0.375 0.720703 0.376953 0.717773 0.379883 0.712891 0.379883 0.708984 0.378906 0.707031 0.376953 0.706055 0.375977 0.704102 0.373047 0.704102 0.369141 0.704102 0.368164 0.702148 0.364258 0.703125
0 0.366211 0.611328 0.368164 0.611328 0.369141 0.611328 0.371094 0.609375 0.373047 0.609375 0.376953 0.610352 0.378906 0.612305 0.379883 0.614258 0.378906 0.616211 0.37793 0.618164 0.376953 0.619141 0.374023 0.619141 0.371094 0.618164 0.369141 0.616211 0.366211 0.614258
1 0.237305 0.458984 0.238281 0.456055 0.242188 0.455078 0.242188 0.455078 0.242188 0.451172 0.244141 0.451172 0.24707 0.452148 0.248047 0.450195 0.24707 0.450195 0.24707 0.447266 0.248047 0.445312 0.249023 0.442383 0.25 0.442383 0.251953 0.442383 0.250977 0.44043 0.25 0.44043 0.25 0.438477 0.253906 0.43457 0.253906 0.431641 0.254883 0.428711 0.256836 0.427734 0.258789 0.427734 0.260742 0.427734 0.261719 0.425781 0.263672 0.421875 0.263672 0.416016 0.266602 0.413086 0.270508 0.413086 0.274414 0.411133 0.276367 0.40918 0.276367 0.40625 0.274414 0.404297 0.274414 0.402344 0.277344 0.400391 0.279297 0.401367 0.280273 0.402344 0.282227 0.401367 0.28418 0.400391 0.285156 0.400391 0.289062 0.399414 0.290039 0.395508 0.291016 0.393555 0.292969 0.394531 0.293945 0.396484 0.294922 0.396484 0.295898 0.394531 0.295898 0.392578 0.298828 0.390625 0.302734 0.390625 0.304688 0.391602 0.304688 0.393555 0.307617 0.392578 0.308594 0.390625 0.3125 0.390625 0.314453 0.391602 0.314453 0.393555 0.316406 0.393555 0.316406 0.392578 0.317383 0.392578 0.321289 0.392578 0.322266 0.394531 0.325195 0.395508 0.324219 0.397461 0.325195 0.399414 0.325195 0.401367 0.327148 0.40332 0.327148 0.40918 0.325195 0.413086 0.323242 0.415039 0.320312 0.416992 0.317383 0.417969 0.313477 0.418945 0.310547 0.419922 0.30957 0.419922 0.308594 0.421875 0.305664 0.424805 0.303711 0.424805 0.304688 0.427734 0.304688 0.427734 0.302734 0.430664 0.302734 0.432617 0.302734 0.43457 0.303711 0.436523 0.304688 0.439453 0.304688 0.442383 0.304688 0.444336 0.303711 0.447266 0.303711 0.449219 0.299805 0.451172 0.297852 0.450195 0.295898 0.450195 0.296875 0.452148 0.296875 0.456055 0.295898 0.456055 0.293945 0.456055 0.291992 0.455078 0.291016 0.455078 0.291016 0.458008 0.290039 0.459961 0.291992 0.461914 0.292969 0.464844 0.291992 0.466797 0.291016 0.466797 0.289062 0.467773 0.288086 0.469727 0.287109 0.470703 0.282227 0.47168 0.282227 0.474609 0.28418 0.473633 0.285156 0.474609 0.286133 0.476562 0.286133 0.478516 0.28418 0.480469 0.283203 0.482422 0.282227 0.484375 0.28125 0.484375 0.279297 0.485352 0.280273 0.486328 0.28125 0.487305 0.28125 0.488281 0.280273 0.488281 0.280273 0.489258 0.279297 0.491211 0.27832 0.493164 0.277344 0.493164 0.274414 0.494141 0.273438 0.495117 0.271484 0.495117 0.267578 0.493164 0.264648 0.491211 0.263672 0.491211 0.259766 0.492188 0.259766 0.492188 0.257812 0.488281 0.254883 0.486328 0.25293 0.486328 0.249023 0.485352 0.24707 0.484375 0.245117 0.484375 0.242188 0.484375 0.241211 0.481445 0.240234 0.478516 0.241211 0.476562 0.243164 0.476562 0.242188 0.473633 0.243164 0.47168 0.244141 0.469727 0.242188 0.46875 0.241211 0.469727 0.239258 0.469727 0.238281 0.467773 0.236328 0.467773 0.234375 0.46582 0.235352 0.462891 0.237305 0.464844 0.239258 0.462891 0.241211 0.462891 0.242188 0.461914 0.239258 0.461914
1 0.325195 0.401367 0.325195 0.396484 0.327148 0.396484 0.330078 0.394531 0.332031 0.396484 0.333984 0.396484 0.335938 0.394531 0.337891 0.394531 0.338867 0.394531 0.341797 0.395508 0.342773 0.394531 0.345703 0.392578 0.349609 0.393555 0.349609 0.393555 0.354492 0.394531 0.358398 0.397461 0.359375 0.400391 0.357422 0.402344 0.359375 0.402344 0.362305 0.402344 0.363281 0.399414 0.365234 0.399414 0.369141 0.400391 0.369141 0.402344 0.370117 0.405273 0.371094 0.405273 0.374023 0.40625 0.37793 0.407227 0.37793 0.410156 0.379883 0.410156 0.380859 0.407227 0.385742 0.408203 0.385742 0.408203 0.388672 0.410156 0.390625 0.413086 0.392578 0.415039 0.391602 0.416016 0.388672 0.419922 0.388672 0.419922 0.386719 0.420898 0.387695 0.423828 0.389648 0.425781 0.388672 0.430664 0.387695 0.432617 0.384766 0.430664 0.381836 0.431641 0.380859 0.432617 0.379883 0.433594 0.37793 0.435547 0.375977 0.436523 0.37207 0.435547 0.369141 0.436523 0.369141 0.438477 0.369141 0.44043 0.367188 0.441406 0.363281 0.44043 0.363281 0.4375 0.364258 0.435547 0.363281 0.432617 0.363281 0.428711 0.361328 0.429688 0.359375 0.430664 0.358398 0.432617 0.355469 0.43457 0.351562 0.436523 0.350586 0.438477 0.34668 0.436523 0.345703 0.43457 0.34375 0.433594 0.339844 0.435547 0.336914 0.433594 0.334961 0.430664 0.333008 0.428711 0.331055 0.428711 0.329102 0.432617 0.325195 0.43457 0.323242 0.435547 0.321289 0.435547 0.320312 0.433594 0.320312 0.430664 0.319336 0.429688 0.317383 0.428711 0.316406 0.426758 0.31543 0.425781 0.314453 0.423828 0.314453 0.420898 0.31543 0.417969 0.316406 0.416016 0.320312 0.415039 0.324219 0.414062 0.326172 0.413086 0.326172 0.40918 0.327148 0.405273 0.326172 0.40332
0 0.371094 0.44043 0.370117 0.443359 0.370117 0.444336 0.368164 0.445312 0.367188 0.446289 0.367188 0.450195 0.366211 0.452148 0.369141 0.454102 0.369141 0.455078 0.37207 0.454102 0.373047 0.454102 0.375 0.457031 0.375977 0.458008 0.378906 0.459961 0.380859 0.458984 0.383789 0.454102 0.383789 0.451172 0.385742 0.449219 0.386719 0.447266 0.386719 0.444336 0.383789 0.442383 0.381836 0.439453 0.379883 0.438477 0.379883 0.438477 0.37793 0.4375 0.375977 0.436523 0.373047 0.436523 0.37207 0.438477
0 0.405273 0.438477 0.404297 0.439453 0.40332 0.441406 0.40332 0.445312 0.40332 0.447266 0.40332 0.449219 0.404297 0.451172 0.405273 0.454102 0.40625 0.456055 0.40918 0.458984 0.411133 0.458008 0.413086 0.455078 0.415039 0.453125 0.416016 0.449219 0.416992 0.445312 0.417969 0.443359 0.416992 0.441406 0.415039 0.439453 0.413086 0.439453 0.410156 0.438477 0.40918 0.438477
0 0.369141 0.455078 0.368164 0.456055 0.365234 0.458984 0.364258 0.460938 0.364258 0.462891 0.366211 0.464844 0.366211 0.466797 0.366211 0.469727 0.369141 0.472656 0.373047 0.473633 0.37793 0.47168 0.379883 0.469727 0.380859 0.461914 0.379883 0.459961 0.37793 0.458984 0.375 0.455078 0.37207 0.455078
0 0.289062 0.477539 0.287109 0.478516 0.286133 0.483398 0.28418 0.486328 0.282227 0.488281 0.280273 0.489258 0.279297 0.491211 0.280273 0.494141 0.282227 0.495117 0.285156 0.495117 0.285156 0.5 0.289062 0.504883 0.291016 0.507812 0.294922 0.509766 0.295898 0.506836 0.298828 0.501953 0.301758 0.503906 0.305664 0.50293 0.308594 0.500977 0.311523 0.496094 0.311523 0.496094 0.310547 0.495117 0.30957 0.489258 0.311523 0.481445 0.30957 0.479492 0.306641 0.477539 0.302734 0.477539 0.296875 0.477539 0.294922 0.476562
0 0.564453 0.786133 0.55957 0.785156 0.554688 0.78418 0.551758 0.782227 0.548828 0.783203 0.547852 0.783203 0.542969 0.787109 0.542969 0.789062 0.541992 0.791992 0.541016 0.791992 0.539062 0.790039 0.533203 0.787109 0.529297 0.785156 0.525391 0.786133 0.523438 0.790039 0.523438 0.792969 0.523438 0.794922 0.525391 0.796875 0.525391 0.798828 0.525391 0.801758 0.529297 0.804688 0.529297 0.806641 0.527344 0.810547 0.529297 0.8125 0.53418 0.818359 0.538086 0.819336 0.541016 0.818359 0.542969 0.816406 0.542969 0.813477 0.544922 0.807617 0.546875 0.805664 0.546875 0.801758 0.549805 0.798828 0.552734 0.793945 0.555664 0.791992 0.5625 0.788086
0 0.716797 0.59082 0.71582 0.591797 0.714844 0.594727 0.712891 0.59668 0.710938 0.598633 0.708984 0.600586 0.707031 0.602539 0.707031 0.605469 0.708008 0.609375 0.709961 0.611328 0.710938 0.613281 0.711914 0.614258 0.711914 0.616211 0.711914 0.618164 0.712891 0.621094 0.709961 0.624023 0.710938 0.626953 0.713867 0.626953 0.716797 0.626953 0.719727 0.62793 0.723633 0.626953 0.725586 0.625 0.726562 0.625 0.733398 0.621094 0.733398 0.616211 0.733398 0.612305 0.730469 0.610352 0.729492 0.609375 0.727539 0.609375 0.723633 0.610352 0.723633 0.607422 0.725586 0.604492 0.727539 0.602539 0.730469 0.598633 0.729492 0.59375 0.728516 0.59375 0.726562 0.592773 0.724609 0.592773 0.72168 0.59082
0 0.883789 0.394531 0.885742 0.391602 0.888672 0.391602 0.891602 0.391602 0.893555 0.391602 0.896484 0.393555 0.895508 0.398438 0.894531 0.401367 0.893555 0.40332 0.892578 0.404297 0.890625 0.408203 0.888672 0.410156 0.885742 0.408203 0.884766 0.40625 0.882812 0.40332 0.881836 0.402344 0.881836 0.398438
0 0.788086 0.710938 0.791016 0.710938 0.792969 0.708984 0.795898 0.705078 0.800781 0.704102 0.803711 0.700195 0.806641 0.698242 0.808594 0.697266 0.813477 0.697266 0.81543 0.696289 0.817383 0.698242 0.821289 0.699219 0.821289 0.696289 0.824219 0.695312 0.826172 0.695312 0.827148 0.692383 0.829102 0.69043 0.831055 0.689453 0.834961 0.689453 0.837891 0.69043 0.841797 0.691406 0.842773 0.694336 0.845703 0.692383 0.851562 0.693359 0.853516 0.697266 0.853516 0.697266 0.856445 0.697266 0.859375 0.696289 0.862305 0.696289 0.864258 0.697266 0.867188 0.699219 0.867188 0.701172 0.868164 0.705078 0.869141 0.708008 0.87207 0.709961 0.87207 0.712891 0.87207 0.71582 0.871094 0.717773 0.869141 0.71875 0.868164 0.720703 0.869141 0.72168 0.870117 0.722656 0.871094 0.724609 0.870117 0.726562 0.867188 0.727539 0.865234 0.728516 0.865234 0.731445 0.865234 0.735352 0.863281 0.737305 0.860352 0.738281 0.857422 0.738281 0.855469 0.739258 0.853516 0.741211 0.852539 0.741211 0.852539 0.743164 0.853516 0.745117 0.855469 0.748047 0.855469 0.75 0.854492 0.751953 0.853516 0.753906 0.852539 0.756836 0.851562 0.758789 0.849609 0.760742 0.847656 0.762695 0.84375 0.763672 0.839844 0.764648 0.837891 0.762695 0.834961 0.762695 0.829102 0.764648 0.825195 0.764648 0.822266 0.763672 0.821289 0.761719 0.819336 0.758789 0.819336 0.754883 0.818359 0.753906 0.816406 0.753906 0.814453 0.754883 0.811523 0.754883 0.807617 0.755859 0.807617 0.758789 0.806641 0.759766 0.801758 0.759766 0.799805 0.759766 0.796875 0.760742 0.795898 0.761719 0.794922 0.762695 0.791992 0.762695 0.791992 0.760742 0.792969 0.757812 0.788086 0.756836 0.787109 0.755859 0.783203 0.75 0.78418 0.746094 0.78418 0.742188 0.78125 0.740234 0.783203 0.735352 0.785156 0.732422 0.786133 0.731445 0.787109 0.729492 0.787109 0.725586 0.788086 0.720703 0.789062 0.720703 0.791016 0.719727 0.791016 0.71582 0.788086 0.714844
1 0.829102 0.69043 0.832031 0.682617 0.836914 0.680664 0.836914 0.680664 0.84375 0.676758 0.853516 0.674805 0.859375 0.670898 0.859375 0.670898 0.863281 0.671875 0.867188 0.671875 0.87207 0.673828 0.875977 0.672852 0.880859 0.673828 0.884766 0.672852 0.889648 0.670898 0.892578 0.669922 0.897461 0.672852 0.899414 0.675781 0.90332 0.678711 0.90332 0.68457 0.90625 0.680664 0.90625 0.678711 0.90918 0.673828 0.911133 0.672852 0.918945 0.677734 0.922852 0.681641 0.926758 0.683594 0.928711 0.685547 0.931641 0.682617 0.933594 0.680664 0.9375 0.677734 0.939453 0.677734 0.941406 0.682617 0.94043 0.689453 0.941406 0.691406 0.943359 0.69043 0.943359 0.685547 0.947266 0.686523 0.953125 0.69043 0.954102 0.696289 0.957031 0.698242 0.959961 0.704102 0.958984 0.712891 0.958008 0.714844 0.956055 0.71875 0.954102 0.717773 0.949219 0.719727 0.947266 0.719727 0.943359 0.719727 0.939453 0.720703 0.935547 0.723633 0.93457 0.727539 0.93457 0.731445 0.9375 0.734375 0.941406 0.734375 0.945312 0.735352 0.950195 0.732422 0.956055 0.736328 0.956055 0.739258 0.956055 0.743164 0.955078 0.749023 0.947266 0.754883 0.941406 0.756836 0.939453 0.757812 0.9375 0.759766 0.931641 0.758789 0.927734 0.761719 0.923828 0.763672 0.919922 0.762695 0.916992 0.763672 0.913086 0.763672 0.911133 0.761719 0.90918 0.763672 0.905273 0.764648 0.902344 0.761719 0.899414 0.761719 0.898438 0.762695 0.895508 0.759766 0.891602 0.760742 0.890625 0.763672 0.885742 0.763672 0.882812 0.766602 0.873047 0.770508 0.868164 0.770508 0.865234 0.772461 0.863281 0.773438 0.859375 0.774414 0.853516 0.774414 0.853516 0.774414 0.852539 0.771484 0.850586 0.765625 0.848633 0.762695 0.848633 0.761719 0.851562 0.758789 0.852539 0.753906 0.854492 0.748047 0.852539 0.743164 0.852539 0.741211 0.853516 0.741211 0.860352 0.735352 0.864258 0.734375 0.865234 0.730469 0.867188 0.725586 0.870117 0.724609 0.870117 0.722656 0.868164 0.720703 0.868164 0.716797 0.871094 0.71582 0.87207 0.710938 0.870117 0.707031 0.868164 0.706055 0.867188 0.701172 0.866211 0.697266 0.862305 0.696289 0.858398 0.699219 0.851562 0.696289 0.848633 0.693359 0.845703 0.695312 0.841797 0.696289 0.841797 0.692383 0.839844 0.69043 0.836914 0.69043 0.833008 0.69043
1 0.880859 0.767578 0.879883 0.772461 0.878906 0.775391 0.87793 0.777344 0.87793 0.782227 0.879883 0.78418 0.882812 0.787109 0.882812 0.791016 0.885742 0.796875 0.890625 0.798828 0.897461 0.798828 0.901367 0.797852 0.904297 0.792969 0.90625 0.793945 0.907227 0.788086 0.908203 0.785156 0.911133 0.785156 0.915039 0.787109 0.916992 0.78418 0.919922 0.783203 0.921875 0.78418 0.926758 0.787109 0.929688 0.787109 0.932617 0.788086 0.935547 0.78418 0.939453 0.78125 0.94043 0.779297 0.942383 0.777344 0.943359 0.774414 0.946289 0.773438 0.950195 0.771484 0.950195 0.769531 0.947266 0.767578 0.946289 0.766602 0.946289 0.760742 0.945312 0.758789 0.943359 0.756836 0.941406 0.756836 0.938477 0.757812 0.936523 0.758789 0.931641 0.757812 0.926758 0.761719 0.924805 0.762695 0.920898 0.762695 0.917969 0.762695 0.914062 0.762695 0.911133 0.761719 0.905273 0.762695 0.904297 0.763672 0.902344 0.760742 0.897461 0.760742 0.895508 0.758789 0.893555 0.759766 0.891602 0.760742 0.889648 0.763672 0.885742 0.763672 0.883789 0.765625
0 0.980469 0.736328 0.982422 0.734375 0.986328 0.733398 0.99707 0.734375 0.999023 0.737305 1 0.739258 0.999023 0.742188 0.996094 0.745117 0.991211 0.746094 0.988281 0.746094 0.985352 0.743164 0.984375 0.739258 0.981445 0.737305
0 0.962891 0.754883 0.963867 0.751953 0.966797 0.75 0.970703 0.748047 0.972656 0.74707 0.980469 0.746094 0.983398 0.751953 0.986328 0.753906 0.986328 0.759766 0.984375 0.761719 0.980469 0.761719 0.976562 0.762695 0.97168 0.763672 0.969727 0.761719 0.963867 0.757812
1 0.986328 0.75293 0.988281 0.749023 0.990234 0.748047 0.992188 0.746094 0.995117 0.749023 0.998047 0.750977 0.99707 0.754883 0.99707 0.760742 1 0.761719 1 0.803711 0.99707 0.803711 0.993164 0.803711 0.988281 0.798828 0.986328 0.791992 0.987305 0.789062 0.989258 0.789062 0.988281 0.786133 0.985352 0.783203 0.984375 0.785156 0.979492 0.785156 0.973633 0.774414 0.975586 0.767578 0.976562 0.762695 0.980469 0.760742 0.982422 0.760742 0.986328 0.761719 0.986328 0.758789
0 0.873047 0.808594 0.879883 0.804688 0.879883 0.804688 0.884766 0.798828 0.888672 0.803711 0.888672 0.803711 0.891602 0.802734 0.896484 0.805664 0.901367 0.803711 0.90918 0.802734 0.913086 0.806641 0.917969 0.807617 0.919922 0.810547 0.922852 0.810547 0.925781 0.813477 0.929688 0.814453 0.930664 0.820312 0.935547 0.824219 0.929688 0.827148 0.926758 0.830078 0.923828 0.829102 0.916016 0.829102 0.914062 0.828125 0.912109 0.831055 0.904297 0.829102 0.898438 0.830078 0.891602 0.830078 0.888672 0.826172 0.885742 0.826172 0.878906 0.822266 0.875977 0.820312 0.873047 0.816406
