1 0.694336 0.00195312 0.693359 0.0175781 0.698242 0.0263672 0.702148 0.0302734 0.709961 0.0410156 0.717773 0.0576172 0.717773 0.0625 0.72168 0.0800781 0.723633 0.0849609 0.725586 0.0908203 0.728516 0.0947266 0.734375 0.111328 0.736328 0.117188 0.737305 0.12207 0.740234 0.126953 0.745117 0.131836 0.75 0.135742 0.75293 0.141602 0.755859 0.145508 0.757812 0.151367 0.761719 0.163086 0.765625 0.167969 0.766602 0.172852 0.757812 0.177734 0.75 0.177734 0.744141 0.176758 0.739258 0.179688 0.736328 0.185547 0.735352 0.191406 0.731445 0.207031 0.730469 0.213867 0.733398 0.217773 0.738281 0.220703 0.746094 0.228516 0.746094 0.235352 0.745117 0.241211 0.745117 0.24707 0.74707 0.251953 0.748047 0.263672 0.748047 0.270508 0.75293 0.276367 0.753906 0.28125 0.753906 0.286133 0.75293 0.299805 0.75293 0.306641 0.753906 0.318359 0.749023 0.321289 0.739258 0.326172 0.737305 0.332031 0.736328 0.336914 0.739258 0.348633 0.746094 0.351562 0.761719 0.357422 0.767578 0.358398 0.772461 0.362305 0.77832 0.365234 0.78418 0.364258 0.789062 0.364258 0.805664 0.365234 0.810547 0.364258 0.817383 0.366211 0.826172 0.367188 0.832031 0.365234 0.836914 0.362305 0.84668 0.356445 0.852539 0.355469 0.859375 0.351562 0.866211 0.350586 0.871094 0.352539 0.880859 0.354492 0.885742 0.356445 0.888672 0.360352 0.895508 0.363281 0.907227 0.366211 0.914062 0.364258 0.919922 0.366211 0.924805 0.369141 0.931641 0.37793 0.94043 0.381836 0.945312 0.382812 0.951172 0.382812 0.955078 0.380859 0.96582 0.375 0.980469 0.365234 0.985352 0.362305 1 0.356445 1 0
0 0.00195312 0.0234375 0.0263672 0.0185547 0.0214844 0.0390625 0.0302734 0.0332031 0.0302734 0.046875 0.0302734 0.046875 0.0498047 0.0234375 0.0595703 0.0322266 0.0810547 0.0205078 0.114258 0.0205078 0.115234 0 0.0185547 0 0 0
0 0.120117 0 0.117188 0.0273438 0.117188 0.0273438 0.137695 0.0126953 0.141602 0.0263672 0.164062 0.00878906 0.170898 0.0224609 0.18457 0.000976562 0.214844 0.0214844 0.224609 0
0 0 0.0341797 0.0126953 0.0166016 0.0126953 0.0371094 0.0185547 0.0341797 0.0263672 0.0283203 0.0244141 0.0654297 0.0361328 0.0839844 0.0341797 0.0996094 0.0449219 0.125 0.0380859 0.126953 0.0380859 0.143555 0.0380859 0.143555 0.0263672 0.138672 0.0214844 0.155273 0 0.147461
0 0.0927734 0.0214844 0.0917969 0.0332031 0.104492 0.0253906 0.137695 0.0449219 0.114258 0.0625 0.130859 0.0742188 0.111328 0.100586 0.120117 0.105469 0.105469 0.136719 0.0908203 0.135742 0.0791016 0.120117 0.0683594 0.137695 0.0566406 0.126953 0.0439453 0.134766 0.0449219 0.105469 0.0263672 0.106445 0.0283203 0.0898438 0.0419922 0.0830078 0.0205078 0.0722656 0.0302734 0.0478516 0.0400391 0.0546875 0.0478516 0.0263672 0.0644531 0.0283203
0 0.171875 0.0185547 0.183594 0.00683594 0.205078 0.0224609 0.202148 0.0458984 0.21875 0.0371094 0.231445 0.0517578 0.223633 0.0576172 0.232422 0.0615234 0.217773 0.0722656 0.224609 0.0830078 0.213867 0.0869141 0.224609 0.100586 0.223633 0.125977 0.197266 0.117188 0.196289 0.131836 0.183594 0.126953 0.185547 0.152344 0.171875 0.158203 0.157227 0.115234 0.136719 0.141602 0.132812 0.125 0.110352 0.136719 0.119141 0.103516 0.105469 0.0986328 0.128906 0.0791016 0.107422 0.0664062 0.133789 0.046875 0.120117 0.0126953 0.145508 0.0283203 0.166016 0.00878906
0 0.255859 0.0322266 0.264648 0.0439453 0.289062 0.0224609 0.293945 0.0351562 0.306641 0.0449219 0.318359 0.0488281 0.318359 0.0488281 0.307617 0.0566406 0.320312 0.0585938 0.3125 0.0712891 0.332031 0.0869141 0.308594 0.0888672 0.328125 0.109375 0.300781 0.110352 0.293945 0.140625 0.280273 0.125977 0.237305 0.144531 0.244141 0.124023 0.228516 0.113281 0.209961 0.111328 0.210938 0.0878906 0.238281 0.0878906 0.217773 0.0722656 0.225586 0.0644531 0.25 0.0634766 0.25 0.0634766 0.243164 0.0351562
0 0.0664062 0.154297 0.0712891 0.137695 0.0751953 0.154297 0.0888672 0.140625 0.0888672 0.140625 0.111328 0.145508 0.111328 0.155273 0.12207 0.15332 0.146484 0.172852 0.133789 0.1875 0.150391 0.189453 0.146484 0.206055 0.144531 0.234375 0.133789 0.239258 0.118164 0.238281 0.111328 0.250977 0.100586 0.245117 0.0976562 0.270508 0.0800781 0.250977 0.0703125 0.268555 0.0673828 0.250977 0.0458984 0.261719 0.046875 0.240234 0.0234375 0.236328 0.03125 0.220703 0.0146484 0.19043 0.03125 0.182617 0.0332031 0.162109 0.046875 0.163086 0.0449219 0.149414 0.0595703 0.141602
0 0.193359 0.15332 0.204102 0.160156 0.202148 0.169922 0.219727 0.162109 0.231445 0.169922 0.226562 0.18457 0.226562 0.18457 0.246094 0.205078 0.234375 0.208984 0.236328 0.216797 0.213867 0.217773 0.205078 0.235352 0.186523 0.224609 0.178711 0.248047 0.172852 0.230469 0.158203 0.244141 0.15918 0.214844 0.145508 0.21875 0.146484 0.194336 0.157227 0.185547 0.148438 0.178711 0.155273 0.166992 0.177734 0.165039 0.181641 0.151367
0 0.299805 0.120117 0.314453 0.132812 0.321289 0.12793 0.339844 0.137695 0.338867 0.158203 0.350586 0.147461 0.358398 0.15625 0.347656 0.167969 0.353516 0.171875 0.333008 0.193359 0.353516 0.189453 0.371094 0.207031 0.368164 0.213867 0.328125 0.210938 0.326172 0.235352 0.3125 0.244141 0.298828 0.228516 0.298828 0.228516 0.290039 0.260742 0.260742 0.255859 0.273438 0.231445 0.245117 0.241211 0.24707 0.222656 0.229492 0.219727 0.256836 0.198242 0.233398 0.19043 0.24707 0.176758 0.261719 0.177734 0.25 0.154297 0.270508 0.134766 0.287109 0.143555
0 0 0.22168 0.00976562 0.214844 0.0146484 0.22168 0.0185547 0.219727 0.0205078 0.243164 0.0517578 0.234375 0.0478516 0.262695 0.0673828 0.291016 0.0537109 0.291992 0.0595703 0.305664 0.0478516 0.304688 0.0517578 0.314453 0.0332031 0.310547 0.0224609 0.329102 0.00976562 0.316406 0 0.336914
0 0.141602 0.233398 0.139648 0.255859 0.165039 0.259766 0.135742 0.277344 0.15332 0.282227 0.163086 0.306641 0.125977 0.300781 0.131836 0.320312 0.110352 0.313477 0.0888672 0.334961 0.0771484 0.332031 0.0869141 0.299805 0.0556641 0.310547 0.0537109 0.296875 0.0771484 0.286133 0.0556641 0.272461 0.0498047 0.25293 0.0683594 0.249023 0.0878906 0.261719 0.101562 0.240234 0.110352 0.24707 0.12207 0.232422
0 0.227539 0.214844 0.232422 0.224609 0.246094 0.225586 0.263672 0.242188 0.261719 0.255859 0.280273 0.265625 0.262695 0.271484 0.275391 0.28125 0.259766 0.288086 0.267578 0.314453 0.25 0.306641 0.248047 0.324219 0.227539 0.317383 0.226562 0.331055 0.209961 0.330078 0.208008 0.318359 0.175781 0.334961 0.180664 0.310547 0.164062 0.316406 0.178711 0.292969 0.157227 0.286133 0.147461 0.277344 0.157227 0.274414 0.158203 0.257812 0.171875 0.261719 0.15332 0.241211 0.170898 0.225586 0.179688 0.238281 0.185547 0.220703 0.205078 0.229492
0 0.357422 0.210938 0.359375 0.230469 0.368164 0.226562 0.368164 0.235352 0.390625 0.230469 0.373047 0.25 0.381836 0.253906 0.363281 0.267578 0.379883 0.275391 0.385742 0.297852 0.368164 0.291992 0.374023 0.310547 0.351562 0.298828 0.34668 0.320312 0.331055 0.30957 0.313477 0.327148 0.306641 0.307617 0.288086 0.329102 0.289062 0.306641 0.266602 0.313477 0.273438 0.292969 0.254883 0.291992 0.263672 0.275391 0.283203 0.268555 0.282227 0.236328 0.310547 0.238281 0.327148 0.207031 0.344727 0.208984
0 0 0.326172 0.0117188 0.334961 0.0322266 0.311523 0.0361328 0.320312 0.0507812 0.310547 0.0546875 0.319336 0.0693359 0.318359 0.0566406 0.342773 0.078125 0.336914 0.0800781 0.348633 0.0917969 0.359375 0.0917969 0.359375 0.0878906 0.366211 0.0556641 0.37793 0.0849609 0.384766 0.0849609 0.397461 0.0498047 0.392578 0.0507812 0.408203 0.0302734 0.416992 0.0166016 0.402344 0.00976562 0.418945 0 0.431641
0 0.115234 0.334961 0.125977 0.3125 0.125977 0.3125 0.138672 0.322266 0.144531 0.314453 0.15332 0.323242 0.15332 0.323242 0.161133 0.320312 0.168945 0.329102 0.176758 0.336914 0.170898 0.357422 0.177734 0.358398 0.185547 0.375977 0.166992 0.375 0.169922 0.384766 0.158203 0.392578 0.150391 0.382812 0.141602 0.396484 0.128906 0.386719 0.107422 0.395508 0.107422 0.375 0.0859375 0.360352 0.105469 0.324219
0 0.253906 0.320312 0.283203 0.313477 0.277344 0.334961 0.291992 0.338867 0.295898 0.353516 0.298828 0.361328 0.285156 0.363281 0.288086 0.378906 0.271484 0.373047 0.288086 0.378906 0.285156 0.393555 0.250977 0.388672 0.25 0.408203 0.235352 0.393555 0.225586 0.405273 0.219727 0.396484 0.203125 0.40332 0.216797 0.367188 0.183594 0.367188 0.179688 0.353516 0.213867 0.353516 0.192383 0.334961 0.204102 0.317383 0.219727 0.327148 0.227539 0.3125
0 0.371094 0.310547 0.376953 0.297852 0.390625 0.296875 0.390625 0.296875 0.395508 0.320312 0.387695 0.339844 0.40918 0.339844 0.401367 0.362305 0.392578 0.366211 0.402344 0.37207 0.392578 0.396484 0.369141 0.384766 0.375977 0.402344 0.360352 0.412109 0.342773 0.410156 0.328125 0.399414 0.310547 0.40625 0.298828 0.388672 0.313477 0.373047 0.295898 0.361328 0.290039 0.337891 0.308594 0.338867 0.299805 0.324219 0.310547 0.311523 0.333008 0.305664 0.347656 0.317383 0.348633 0.298828
0 0 0.429688 0.0117188 0.40918 0.0166016 0.401367 0.0292969 0.413086 0.0507812 0.398438 0.0722656 0.396484 0.0664062 0.404297 0.0800781 0.401367 0.0908203 0.410156 0.0800781 0.423828 0.0878906 0.423828 0.0830078 0.432617 0.102539 0.445312 0.102539 0.445312 0.0869141 0.447266 0.0859375 0.458984 0.0869141 0.487305 0.0595703 0.473633 0.0644531 0.504883 0.0458984 0.509766 0.0332031 0.498047 0.0214844 0.504883 0.000976562 0.490234
0 0.144531 0.391602 0.15625 0.379883 0.160156 0.391602 0.173828 0.381836 0.170898 0.399414 0.1875 0.388672 0.186523 0.404297 0.186523 0.412109 0.201172 0.40332 0.201172 0.417969 0.201172 0.417969 0.189453 0.429688 0.210938 0.430664 0.212891 0.444336 0.195312 0.456055 0.214844 0.460938 0.214844 0.47168 0.197266 0.470703 0.205078 0.484375 0.200195 0.5 0.179688 0.491211 0.171875 0.505859 0.166992 0.495117 0.15332 0.504883 0.144531 0.5 0.132812 0.486328 0.117188 0.49707 0.102539 0.499023 0.103516 0.480469 0.0830078 0.484375 0.0947266 0.466797 0.0742188 0.463867 0.0908203 0.450195 0.0751953 0.4375 0.0898438 0.436523 0.0820312 0.415039 0.0986328 0.416992 0.0986328 0.416992 0.0869141 0.404297 0.110352 0.407227 0.105469 0.391602 0.124023 0.399414 0.125 0.388672
0 0.268555 0.40918 0.290039 0.382812 0.294922 0.401367 0.305664 0.396484 0.316406 0.40625 0.310547 0.414062 0.326172 0.410156 0.326172 0.418945 0.326172 0.418945 0.317383 0.430664 0.332031 0.429688 0.322266 0.443359 0.324219 0.458984 0.333984 0.462891 0.327148 0.472656 0.308594 0.467773 0.321289 0.479492 0.287109 0.509766 0.271484 0.488281 0.251953 0.512695 0.248047 0.495117 0.234375 0.501953 0.227539 0.495117 0.220703 0.49707 0.208008 0.493164 0.21582 0.482422 0.199219 0.472656 0.219727 0.461914 0.195312 0.453125 0.206055 0.425781 0.217773 0.411133 0.217773 0.411133 0.237305 0.419922 0.245117 0.401367 0.262695 0.386719
0 0.393555 0.392578 0.399414 0.398438 0.40918 0.389648 0.421875 0.396484 0.413086 0.412109 0.427734 0.407227 0.435547 0.435547 0.425781 0.439453 0.425781 0.439453 0.438477 0.449219 0.423828 0.458008 0.430664 0.466797 0.430664 0.466797 0.420898 0.484375 0.412109 0.478516 0.40625 0.482422 0.400391 0.493164 0.380859 0.488281 0.370117 0.496094 0.365234 0.481445 0.348633 0.490234 0.337891 0.488281 0.34668 0.472656 0.333008 0.467773 0.338867 0.455078 0.322266 0.452148 0.319336 0.438477 0.337891 0.431641 0.322266 0.418945 0.342773 0.405273 0.357422 0.413086 0.370117 0.40625 0.381836 0.393555
0 0.113281 0.511719 0.112305 0.495117 0.136719 0.485352 0.146484 0.498047 0.169922 0.493164 0.168945 0.510742 0.185547 0.505859 0.18457 0.513672 0.207031 0.515625 0.18457 0.533203 0.203125 0.537109 0.194336 0.543945 0.207031 0.553711 0.193359 0.55957 0.193359 0.572266 0.177734 0.571289 0.170898 0.585938 0.157227 0.574219 0.147461 0.582031 0.133789 0.574219 0.125977 0.586914 0.116211 0.580078 0.101562 0.592773 0.105469 0.569336 0.0898438 0.573242 0.0966797 0.556641 0.0800781 0.561523 0.0791016 0.539062 0.102539 0.529297 0.0888672 0.512695 0.0888672 0.504883
0 0.373047 0.494141 0.379883 0.501953 0.392578 0.488281 0.418945 0.487305 0.40918 0.5 0.413086 0.504883 0.426758 0.501953 0.425781 0.515625 0.441406 0.515625 0.438477 0.52832 0.421875 0.532227 0.4375 0.548828 0.416016 0.553711 0.40918 0.566406 0.383789 0.574219 0.380859 0.555664 0.365234 0.573242 0.349609 0.557617 0.356445 0.544922 0.335938 0.543945 0.361328 0.526367 0.339844 0.503906 0.364258 0.504883 0.365234 0.492188
0 0.0390625 0.614258 0.0341797 0.577148 0.0517578 0.59082 0.0498047 0.585938 0.0517578 0.569336 0.0625 0.577148 0.0673828 0.573242 0.0693359 0.567383 0.078125 0.573242 0.0947266 0.574219 0.0830078 0.595703 0.103516 0.589844 0.103516 0.599609 0.117188 0.612305 0.09375 0.613281 0.100586 0.625 0.0966797 0.631836 0.110352 0.649414 0.103516 0.654297 0.113281 0.678711 0.0986328 0.681641 0.0869141 0.675781 0.0869141 0.696289 0.0751953 0.689453 0.0751953 0.689453 0.0732422 0.707031 0.0644531 0.693359 0.0419922 0.696289 0.046875 0.666992 0.0205078 0.678711 0.0195312 0.658203 0 0.658203 0.0175781 0.642578 0 0.628906 0 0.605469
0 0.193359 0.5625 0.181641 0.599609 0.192383 0.606445 0.219727 0.598633 0.21875 0.608398 0.191406 0.625 0.207031 0.626953 0.229492 0.643555 0.223633 0.652344 0.212891 0.658203 0.192383 0.650391 0.199219 0.689453 0.183594 0.681641 0.178711 0.692383 0.170898 0.676758 0.162109 0.699219 0.151367 0.692383 0.143555 0.702148 0.140625 0.682617 0.123047 0.694336 0.125 0.670898 0.106445 0.680664 0.114258 0.666016 0.0986328 0.657227 0.109375 0.645508 0.0966797 0.629883 0.0966797 0.629883 0.0908203 0.608398 0.103516 0.609375 0.0986328 0.592773 0.108398 0.592773 0.109375 0.579102 0.120117 0.582031 0.130859 0.569336 0.147461 0.578125 0.160156 0.568359 0.169922 0.582031
0 0.275391 0.564453 0.298828 0.563477 0.298828 0.563477 0.297852 0.59082 0.30957 0.580078 0.323242 0.587891 0.318359 0.609375 0.337891 0.616211 0.327148 0.628906 0.334961 0.644531 0.329102 0.649414 0.328125 0.668945 0.313477 0.667969 0.314453 0.69043 0.299805 0.691406 0.28418 0.664062 0.276367 0.681641 0.268555 0.681641 0.267578 0.669922 0.245117 0.678711 0.246094 0.664062 0.230469 0.665039 0.21582 0.65332 0.234375 0.641602 0.217773 0.634766 0.212891 0.615234 0.219727 0.616211 0.214844 0.597656 0.229492 0.597656 0.246094 0.607422 0.239258 0.587891 0.238281 0.568359 0.255859 0.561523 0.262695 0.55957
0 0.364258 0.5625 0.385742 0.581055 0.40625 0.5625 0.40918 0.577148 0.423828 0.579102 0.415039 0.594727 0.43457 0.589844 0.433594 0.607422 0.447266 0.606445 0.444336 0.619141 0.431641 0.630859 0.446289 0.632812 0.431641 0.652344 0.426758 0.666992 0.40332 0.660156 0.40625 0.678711 0.393555 0.669922 0.381836 0.688477 0.373047 0.661133 0.360352 0.681641 0.347656 0.674805 0.352539 0.640625 0.338867 0.646484 0.320312 0.62793 0.341797 0.618164 0.323242 0.599609 0.319336 0.588867 0.338867 0.585938 0.363281 0.592773
0 0.0947266 0.696289 0.111328 0.685547 0.110352 0.702148 0.124023 0.699219 0.135742 0.719727 0.126953 0.722656 0.136719 0.741211 0.132812 0.74707 0.123047 0.745117 0.125 0.758789 0.119141 0.766602 0.108398 0.759766 0.107422 0.774414 0.0878906 0.771484 0.0820312 0.788086 0.0732422 0.776367 0.0625 0.78418 0.046875 0.772461 0.0361328 0.768555 0.0439453 0.759766 0.0224609 0.757812 0.0410156 0.742188 0.0224609 0.726562 0.0537109 0.72168 0.0361328 0.707031 0.03125 0.691406 0.0595703 0.698242 0.0742188 0.705078 0.0820312 0.6875
0 0.193359 0.692383 0.201172 0.676758 0.219727 0.665039 0.229492 0.666992 0.223633 0.695312 0.260742 0.686523 0.260742 0.686523 0.260742 0.700195 0.228516 0.71875 0.248047 0.723633 0.241211 0.729492 0.260742 0.746094 0.238281 0.75 0.227539 0.751953 0.233398 0.759766 0.233398 0.78125 0.212891 0.770508 0.212891 0.770508 0.206055 0.791016 0.196289 0.779297 0.182617 0.801758 0.175781 0.78125 0.158203 0.794922 0.15332 0.771484 0.164062 0.759766 0.142578 0.757812 0.132812 0.74707 0.148438 0.742188 0.132812 0.738281 0.143555 0.723633 0.123047 0.707031 0.155273 0.708008 0.148438 0.695312 0.166016 0.6875 0.173828 0.700195 0.18457 0.679688
0 0.31543 0.696289 0.34082 0.676758 0.345703 0.69043 0.358398 0.685547 0.355469 0.704102 0.34082 0.711914 0.34668 0.719727 0.367188 0.728516 0.347656 0.732422 0.361328 0.75 0.349609 0.75 0.34668 0.775391 0.316406 0.758789 0.316406 0.789062 0.306641 0.780273 0.302734 0.790039 0.288086 0.777344 0.273438 0.78125 0.270508 0.769531 0.24707 0.77832 0.250977 0.764648 0.233398 0.757812 0.250977 0.744141 0.228516 0.719727 0.263672 0.709961 0.273438 0.707031 0.261719 0.675781 0.27832 0.671875 0.291016 0.693359 0.306641 0.681641
0 0.413086 0.674805 0.418945 0.661133 0.435547 0.666016 0.430664 0.683594 0.439453 0.673828 0.449219 0.6875 0.456055 0.692383 0.455078 0.704102 0.464844 0.705078 0.466797 0.71875 0.46582 0.730469 0.475586 0.740234 0.469727 0.745117 0.439453 0.75 0.452148 0.769531 0.43457 0.763672 0.432617 0.78418 0.416992 0.760742 0.393555 0.783203 0.391602 0.764648 0.368164 0.770508 0.369141 0.749023 0.344727 0.755859 0.345703 0.741211 0.365234 0.730469 0.34082 0.720703 0.345703 0.700195 0.37207 0.700195 0.364258 0.660156 0.378906 0.673828 0.386719 0.662109
0 0 0.782227 0.0166016 0.779297 0.015625 0.804688 0.0400391 0.794922 0.0429688 0.80957 0.0507812 0.814453 0.0449219 0.825195 0.0332031 0.842773 0.0439453 0.842773 0.0429688 0.854492 0.0507812 0.861328 0.0332031 0.876953 0.000976562 0.875977
0 0.103516 0.795898 0.118164 0.774414 0.125977 0.783203 0.130859 0.78125 0.139648 0.794922 0.129883 0.803711 0.148438 0.805664 0.163086 0.802734 0.158203 0.811523 0.149414 0.820312 0.134766 0.830078 0.155273 0.838867 0.169922 0.842773 0.158203 0.856445 0.130859 0.854492 0.135742 0.889648 0.125 0.898438 0.108398 0.891602 0.101562 0.90332 0.09375 0.891602 0.0751953 0.90332 0.0712891 0.879883 0.0429688 0.883789 0.0585938 0.861328 0.0361328 0.84375 0.0361328 0.827148 0.0537109 0.828125 0.0458984 0.797852 0.0693359 0.806641 0.0693359 0.806641 0.0654297 0.775391 0.0917969 0.790039
0 0.231445 0.782227 0.240234 0.795898 0.246094 0.788086 0.258789 0.795898 0.263672 0.823242 0.272461 0.829102 0.257812 0.831055 0.257812 0.831055 0.268555 0.841797 0.264648 0.847656 0.274414 0.858398 0.266602 0.869141 0.261719 0.887695 0.249023 0.886719 0.248047 0.896484 0.234375 0.890625 0.226562 0.901367 0.217773 0.894531 0.202148 0.90332 0.203125 0.888672 0.189453 0.905273 0.185547 0.879883 0.164062 0.883789 0.165039 0.865234 0.188477 0.855469 0.18457 0.847656 0.161133 0.852539 0.162109 0.833008 0.173828 0.813477 0.172852 0.798828 0.199219 0.805664 0.199219 0.780273 0.208008 0.775391 0.21582 0.787109
0 0.338867 0.806641 0.364258 0.785156 0.371094 0.791016 0.379883 0.78125 0.394531 0.794922 0.394531 0.794922 0.37207 0.820312 0.388672 0.81543 0.384766 0.839844 0.380859 0.84668 0.382812 0.859375 0.370117 0.859375 0.387695 0.87207 0.387695 0.87207 0.380859 0.875977 0.378906 0.892578 0.359375 0.885742 0.361328 0.904297 0.350586 0.897461 0.335938 0.910156 0.335938 0.910156 0.327148 0.901367 0.317383 0.90625 0.313477 0.888672 0.299805 0.895508 0.299805 0.895508 0.274414 0.891602 0.283203 0.875977 0.259766 0.876953 0.268555 0.864258 0.259766 0.851562 0.277344 0.845703 0.253906 0.829102 0.254883 0.805664 0.273438 0.8125 0.273438 0.794922 0.282227 0.796875 0.279297 0.776367 0.292969 0.773438 0.30957 0.785156 0.314453 0.756836 0.320312 0.777344 0.326172 0.764648 0.331055 0.774414 0.34375 0.762695 0.345703 0.772461
0 0 0.891602 0.0185547 0.875 0.0253906 0.882812 0.0390625 0.871094 0.0507812 0.881836 0.0507812 0.899414 0.0605469 0.896484 0.0605469 0.908203 0.0703125 0.912109 0.0605469 0.922852 0.0742188 0.926758 0.0644531 0.928711 0.0546875 0.930664 0.0644531 0.939453 0.0703125 0.957031 0.0390625 0.953125 0.0361328 0.983398 0.0332031 0.977539 0.0263672 0.97168 0.0205078 0.985352 0.0146484 0.972656 0 0.981445
0 0.131836 0.907227 0.157227 0.880859 0.165039 0.895508 0.160156 0.912109 0.168945 0.912109 0.179688 0.919922 0.172852 0.939453 0.163086 0.945312 0.173828 0.954102 0.166992 0.957031 0.166016 0.966797 0.151367 0.964844 0.148438 0.982422 0.130859 0.976562 0.125977 0.99707 0.112305 0.992188 0.113281 0.96582 0.0957031 0.979492 0.078125 0.97168 0.09375 0.961914 0.09375 0.952148 0.0751953 0.951172 0.0625 0.9375 0.0830078 0.935547 0.0996094 0.93457 0.0771484 0.917969 0.0742188 0.897461 0.0742188 0.897461 0.0917969 0.891602 0.0966797 0.904297 0.108398 0.883789 0.120117 0.895508
0 0.250977 0.896484 0.266602 0.880859 0.283203 0.886719 0.266602 0.90918 0.292969 0.90918 0.303711 0.916992 0.303711 0.916992 0.303711 0.925781 0.270508 0.931641 0.286133 0.942383 0.294922 0.953125 0.282227 0.961914 0.272461 0.978516 0.249023 0.976562 0.235352 0.984375 0.236328 0.966797 0.217773 0.96875 0.208008 0.957031 0.191406 0.951172 0.204102 0.94043 0.183594 0.924805 0.183594 0.924805 0.198242 0.918945 0.191406 0.902344 0.200195 0.890625 0.216797 0.900391 0.223633 0.890625 0.242188 0.885742
0 0.378906 0.880859 0.389648 0.861328 0.392578 0.875 0.40625 0.862305 0.401367 0.884766 0.422852 0.884766 0.410156 0.897461 0.421875 0.899414 0.430664 0.923828 0.419922 0.949219 0.419922 0.949219 0.396484 0.953125 0.40332 0.974609 0.379883 0.966797 0.375 0.978516 0.356445 0.992188 0.353516 0.970703 0.336914 0.979492 0.336914 0.964844 0.319336 0.962891 0.339844 0.947266 0.316406 0.928711 0.342773 0.921875 0.323242 0.899414 0.342773 0.899414 0.361328 0.899414 0.356445 0.87793 0.376953 0.887695
0 0.644531 0.480469 0.666992 0.482422 0.667969 0.463867 0.680664 0.475586 0.696289 0.476562 0.710938 0.486328 0.700195 0.496094 0.736328 0.508789 0.701172 0.507812 0.700195 0.516602 0.667969 0.511719 0.65918 0.5
0 0.776367 0.443359 0.792969 0.452148 0.811523 0.43457 0.820312 0.449219 0.830078 0.436523 0.836914 0.443359 0.842773 0.439453 0.849609 0.450195 0.862305 0.451172 0.871094 0.466797 0.871094 0.479492 0.860352 0.485352 0.887695 0.489258 0.887695 0.489258 0.875 0.507812 0.862305 0.505859 0.862305 0.505859 0.870117 0.524414 0.852539 0.537109 0.828125 0.522461 0.823242 0.554688 0.808594 0.566406 0.797852 0.548828 0.801758 0.516602 0.748047 0.493164 0.783203 0.484375
0 0.887695 0.486328 0.90332 0.479492 0.904297 0.490234 0.918945 0.486328 0.921875 0.516602 0.900391 0.508789 0.899414 0.516602 0.885742 0.518555 0.886719 0.498047
0 0.703125 0.586914 0.705078 0.561523 0.720703 0.574219 0.726562 0.56543 0.736328 0.569336 0.735352 0.583984 0.761719 0.591797 0.764648 0.602539 0.748047 0.613281 0.777344 0.620117 0.763672 0.625977 0.775391 0.635742 0.775391 0.635742 0.757812 0.640625 0.762695 0.65332 0.753906 0.654297 0.75293 0.668945 0.736328 0.664062 0.727539 0.676758 0.714844 0.678711 0.704102 0.662109 0.688477 0.677734 0.691406 0.661133 0.677734 0.652344 0.666992 0.65625 0.682617 0.636719 0.660156 0.626953 0.673828 0.62207 0.644531 0.608398 0.685547 0.607422 0.672852 0.581055 0.688477 0.591797 0.6875 0.572266
0 0.791992 0.563477 0.798828 0.553711 0.817383 0.553711 0.821289 0.566406 0.834961 0.556641 0.847656 0.55957 0.842773 0.580078 0.870117 0.56543 0.862305 0.585938 0.871094 0.583008 0.871094 0.591797 0.884766 0.59668 0.873047 0.609375 0.87793 0.612305 0.886719 0.62793 0.867188 0.626953 0.876953 0.641602 0.876953 0.655273 0.867188 0.65332 0.845703 0.672852 0.837891 0.657227 0.807617 0.673828 0.799805 0.651367 0.775391 0.660156 0.770508 0.65332 0.78418 0.636719 0.757812 0.639648 0.774414 0.625977 0.753906 0.614258 0.771484 0.610352 0.748047 0.586914 0.767578 0.586914 0.756836 0.578125 0.776367 0.569336 0.789062 0.578125
0 0.914062 0.558594 0.930664 0.583984 0.932617 0.573242 0.924805 0.558594 0.9375 0.551758 0.945312 0.554688 0.947266 0.568359 0.960938 0.561523 0.972656 0.583984 0.980469 0.575195 0.989258 0.585938 0.980469 0.598633 0.993164 0.603516 0.993164 0.603516 0.988281 0.619141 1 0.637695 0.964844 0.637695 0.963867 0.658203 0.958008 0.666992 0.947266 0.639648 0.9375 0.674805 0.926758 0.658203 0.924805 0.641602 0.914062 0.65332 0.891602 0.65625 0.891602 0.634766 0.871094 0.634766 0.874023 0.610352 0.881836 0.605469 0.867188 0.585938 0.889648 0.584961 0.886719 0.573242 0.897461 0.574219 0.893555 0.556641
0 0.624023 0.658203 0.62793 0.670898 0.62793 0.69043 0.644531 0.667969 0.657227 0.671875 0.65918 0.68457 0.65918 0.68457 0.647461 0.698242 0.663086 0.695312 0.663086 0.695312 0.678711 0.702148 0.682617 0.713867 0.669922 0.731445 0.676758 0.749023 0.660156 0.753906 0.65332 0.77832 0.632812 0.768555 0.614258 0.780273 0.616211 0.753906 0.59375 0.761719 0.572266 0.751953 0.601562 0.724609 0.557617 0.722656 0.557617 0.71582 0.598633 0.71582 0.558594 0.698242 0.573242 0.681641 0.589844 0.69043 0.600586 0.688477 0.59668 0.661133 0.610352 0.652344 0.615234 0.663086
0 0.737305 0.671875 0.75293 0.670898 0.751953 0.702148 0.758789 0.68457 0.772461 0.679688 0.776367 0.69043 0.768555 0.695312 0.761719 0.708984 0.783203 0.710938 0.773438 0.72168 0.773438 0.72168 0.787109 0.730469 0.775391 0.74707 0.764648 0.746094 0.764648 0.760742 0.750977 0.754883 0.739258 0.766602 0.722656 0.75 0.712891 0.761719 0.703125 0.759766 0.711914 0.737305 0.69043 0.745117 0.675781 0.739258 0.6875 0.726562 0.678711 0.71875 0.692383 0.714844 0.6875 0.698242 0.6875 0.698242 0.719727 0.703125 0.709961 0.675781
0 0.855469 0.665039 0.861328 0.655273 0.870117 0.666992 0.874023 0.685547 0.885742 0.677734 0.893555 0.6875 0.883789 0.708008 0.902344 0.711914 0.888672 0.725586 0.892578 0.744141 0.874023 0.749023 0.857422 0.765625 0.84668 0.755859 0.839844 0.766602 0.825195 0.755859 0.799805 0.753906 0.814453 0.735352 0.785156 0.735352 0.805664 0.714844 0.782227 0.71582 0.791016 0.693359 0.782227 0.680664 0.806641 0.685547 0.803711 0.675781 0.8125 0.673828 0.827148 0.657227 0.841797 0.670898 0.841797 0.670898
0 0.987305 0.672852 1 0.666016 1 0.763672 0.989258 0.754883 0.978516 0.765625 0.972656 0.780273 0.961914 0.773438 0.953125 0.760742 0.929688 0.774414 0.929688 0.774414 0.930664 0.743164 0.907227 0.758789 0.892578 0.75 0.913086 0.729492 0.888672 0.732422 0.890625 0.697266 0.911133 0.692383 0.894531 0.672852 0.915039 0.650391 0.917969 0.666992 0.927734 0.655273 0.94043 0.655273 0.944336 0.664062 0.945312 0.65332 0.963867 0.651367 0.985352 0.662109 0.985352 0.662109
0 0.657227 0.760742 0.662109 0.764648 0.676758 0.767578 0.676758 0.777344 0.681641 0.776367 0.6875 0.789062 0.678711 0.796875 0.692383 0.798828 0.689453 0.817383 0.699219 0.822266 0.692383 0.831055 0.679688 0.835938 0.682617 0.850586 0.675781 0.854492 0.671875 0.862305 0.65625 0.858398 0.647461 0.868164 0.639648 0.860352 0.630859 0.847656 0.611328 0.856445 0.608398 0.844727 0.623047 0.832031 0.598633 0.833984 0.581055 0.821289 0.588867 0.81543 0.612305 0.814453 0.59668 0.803711 0.583984 0.793945 0.588867 0.788086 0.618164 0.796875 0.612305 0.772461 0.632812 0.766602 0.641602 0.782227
0 0.769531 0.759766 0.787109 0.741211 0.791992 0.75 0.791992 0.75 0.785156 0.766602 0.799805 0.765625 0.783203 0.786133 0.822266 0.786133 0.825195 0.792969 0.825195 0.792969 0.801758 0.8125 0.818359 0.824219 0.831055 0.841797 0.814453 0.848633 0.821289 0.860352 0.799805 0.856445 0.803711 0.883789 0.791992 0.875 0.780273 0.880859 0.780273 0.880859 0.770508 0.868164 0.768555 0.883789 0.751953 0.892578 0.736328 0.875977 0.720703 0.87793 0.723633 0.860352 0.697266 0.866211 0.69043 0.858398 0.707031 0.848633 0.679688 0.848633 0.680664 0.837891 0.680664 0.837891 0.703125 0.829102 0.685547 0.818359 0.692383 0.803711 0.704102 0.803711 0.686523 0.787109 0.678711 0.774414 0.686523 0.768555 0.730469 0.792969 0.723633 0.753906 0.739258 0.762695 0.754883 0.74707
0 0.866211 0.777344 0.878906 0.741211 0.898438 0.751953 0.907227 0.769531 0.921875 0.776367 0.923828 0.791992 0.915039 0.800781 0.928711 0.802734 0.924805 0.817383 0.930664 0.822266 0.933594 0.844727 0.925781 0.849609 0.905273 0.849609 0.897461 0.864258 0.875 0.854492 0.874023 0.873047 0.874023 0.873047 0.855469 0.867188 0.853516 0.855469 0.834961 0.868164 0.833984 0.855469 0.81543 0.860352 0.81543 0.84668 0.837891 0.825195 0.80957 0.830078 0.793945 0.81543 0.824219 0.804688 0.799805 0.774414 0.817383 0.780273 0.811523 0.756836 0.811523 0.756836 0.834961 0.765625 0.847656 0.748047 0.863281 0.75293
0 1 0.873047 0.984375 0.860352 0.957031 0.875 0.952148 0.858398 0.935547 0.859375 0.917969 0.848633 0.928711 0.827148 0.928711 0.827148 0.920898 0.820312 0.912109 0.787109 0.908203 0.75293 0.931641 0.744141 0.947266 0.758789 0.961914 0.75293 0.977539 0.787109 0.978516 0.755859 0.99707 0.749023 1 0.753906
0 0.982422 0.878906 0.9375 0.858398 0.962891 0.895508 0.950195 0.896484 0.939453 0.907227 0.950195 0.916992 0.961914 0.925781 0.943359 0.943359 0.959961 0.960938 0.951172 0.97168 0.980469 0.96582 0.979492 0.983398 1 1 1 0.858398
0 0.902344 0.875 0.929688 0.863281 0.933594 0.876953 0.929688 0.889648 0.944336 0.883789 0.947266 0.896484 0.948242 0.920898 0.963867 0.929688 0.949219 0.9375 0.959961 0.960938 0.945312 0.96582 0.938477 0.991211 0.926758 0.99707 0.899414 0.996094 0.885742 0.983398 0.879883 0.959961 0.865234 0.960938 0.84375 0.970703 0.84375 0.957031 0.855469 0.930664 0.830078 0.933594 0.827148 0.918945 0.849609 0.912109 0.832031 0.898438 0.810547 0.884766 0.819336 0.867188 0.838867 0.876953 0.839844 0.861328 0.860352 0.873047 0.873047 0.849609 0.884766 0.850586 0.882812 0.867188 0.90625 0.853516
0 0.793945 0.875977 0.816406 0.860352 0.81543 0.879883 0.810547 0.895508 0.84375 0.902344 0.848633 0.913086 0.848633 0.913086 0.828125 0.917969 0.832031 0.93457 0.853516 0.943359 0.835938 0.947266 0.826172 0.960938 0.828125 0.974609 0.808594 0.96582 0.791016 0.985352 0.777344 0.986328 0.777344 0.961914 0.758789 0.962891 0.749023 0.975586 0.730469 0.974609 0.720703 0.957031 0.727539 0.942383 0.728516 0.929688 0.713867 0.927734 0.719727 0.905273 0.712891 0.884766 0.712891 0.870117 0.735352 0.878906 0.749023 0.887695 0.761719 0.865234 0.780273 0.876953
0 0.69043 0.875977 0.702148 0.862305 0.708008 0.864258 0.705078 0.876953 0.714844 0.873047 0.711914 0.895508 0.722656 0.915039 0.711914 0.924805 0.732422 0.931641 0.732422 0.931641 0.713867 0.953125 0.698242 0.947266 0.705078 0.958984 0.702148 0.96582 0.702148 0.96582 0.677734 0.957031 0.672852 0.966797 0.650391 0.97168 0.661133 0.946289 0.65332 0.933594 0.648438 0.946289 0.648438 0.946289 0.631836 0.952148 0.617188 0.947266 0.652344 0.923828 0.649414 0.916016 0.625 0.921875 0.608398 0.922852 0.595703 0.90625 0.628906 0.908203 0.625 0.900391 0.592773 0.890625 0.620117 0.886719 0.602539 0.874023 0.625977 0.879883 0.623047 0.867188 0.642578 0.875 0.643555 0.861328 0.658203 0.859375 0.673828 0.855469 0.681641 0.865234
