0 0.934879 0.01346 0.927983 0.0116807 0.922199 0.0174629 0.919975 0.0212432 0.919085 0.029916 0.922778 0.0324141 0.92576 0.0374346 0.929605 0.0379053 0.933294 0.0375137 0.936433 0.03971 0.939571 0.0413574 0.943338 0.0353174 0.946791 0.0349248 0.949066 0.0295889 0.953854 0.0280996 0.954795 0.022373 0.950369 0.0115937
0 0.838664 0.0666289 0.83674 0.0694385 0.834817 0.0721738 0.833856 0.0733545 0.832155 0.0763877 0.835187 0.078752 0.835262 0.0862207 0.839403 0.090582 0.843249 0.0914697 0.846503 0.0913213 0.851236 0.0885859 0.85486 0.085333 0.857153 0.0847422 0.858559 0.0756484 0.856709 0.0722471 0.852271 0.0703252 0.84495 0.0681074
1 0.795386 0.0142217 0.791814 0.0153574 0.788892 0.0176299 0.78559 0.0203877 0.785645 0.0257988 0.786564 0.0287207 0.789324 0.0310469 0.79268 0.0346719 0.792734 0.0375938 0.799012 0.0414873 0.799012 0.046791 0.801394 0.0468447 0.804686 0.0477959 0.807387 0.052126 0.809581 0.0544326 0.812226 0.0583691 0.815038 0.0618008 0.817458 0.0639941 0.819904 0.0657119 0.822767 0.0661602 0.825966 0.0647578 0.828437 0.0627373 0.83259 0.0580244 0.83085 0.0530303 0.827763 0.0509541 0.823496 0.0464092 0.821452 0.0464482 0.820098 0.0427256 0.816769 0.041541 0.814625 0.0373672 0.811634 0.0365215 0.812984 0.0350977 0.813638 0.0317715 0.812216 0.0278574 0.809908 0.025457 0.807489 0.0230889 0.804205 0.0187871 0.800782 0.016165 0.797834 0.0145781
0 0.791717 0.143011 0.794385 0.140915 0.796418 0.139391 0.800484 0.138756 0.805121 0.139963 0.809378 0.141613 0.810585 0.140659 0.810775 0.143391 0.810585 0.146948 0.810775 0.149742 0.805439 0.15082 0.807917 0.154822 0.805439 0.157109 0.80239 0.158188 0.797688 0.160284 0.79394 0.160982 0.790319 0.155395 0.793178 0.152346 0.795147 0.151013 0.79394 0.146313
0 0.771676 0.113196 0.774114 0.110522 0.777505 0.107014 0.780182 0.105766 0.785416 0.109749 0.788271 0.113256 0.785892 0.118548 0.785892 0.124495 0.78375 0.127885 0.782918 0.131512 0.779408 0.135614 0.774174 0.138171 0.770604 0.137755 0.767215 0.132701 0.76543 0.128955 0.769891 0.125625 0.774709 0.120987 0.775721 0.119203 0.77233 0.115279
0 0.768706 0.113002 0.764195 0.109303 0.760263 0.113118 0.756677 0.114621 0.755575 0.116039 0.756563 0.119432 0.757742 0.122129 0.757788 0.124419 0.758944 0.126708 0.760826 0.127955 0.762391 0.12732 0.764341 0.128114 0.765543 0.128386 0.767538 0.127049 0.768855 0.126267 0.770028 0.125669 0.772264 0.124585 0.773702 0.123059 0.775141 0.120249 0.774941 0.118501 0.773159 0.115869 0.771511 0.113764
0 0.534325 0 0.530804 0.00447363 0.532694 0.010749 0.535091 0.0146104 0.538464 0.0174453 0.5413 0.0188135 0.545016 0.0169072 0.547313 0.0153437 0.549318 0.0153926 0.552398 0.013584 0.555772 0.0110908 0.557093 0.00972266 0.555968 0.0047373 0.554595 0
0 0.856421 0.198021 0.853322 0.200032 0.852506 0.201119 0.85169 0.202912 0.849354 0.203075 0.84756 0.204107 0.843862 0.20389 0.842341 0.206389 0.843809 0.209325 0.842395 0.211824 0.841036 0.214053 0.838861 0.214868 0.836687 0.214921 0.836578 0.216879 0.836741 0.220356 0.838698 0.221008 0.840873 0.223454 0.839079 0.225138 0.835437 0.225844 0.835164 0.228182 0.838099 0.226849 0.83815 0.231964 0.838406 0.234368 0.835694 0.237131 0.834313 0.238818 0.832931 0.241632 0.83155 0.243063 0.829759 0.245006 0.829554 0.245774 0.82981 0.250122 0.832238 0.252309 0.834374 0.252613 0.836082 0.251638 0.838827 0.251211 0.840108 0.250052 0.838767 0.24371 0.84023 0.242429 0.844195 0.245417 0.845477 0.248038 0.844744 0.25188 0.846209 0.259137 0.846818 0.261881 0.84627 0.265236 0.84688 0.26798 0.847551 0.269383 0.849137 0.269566 0.853773 0.267736 0.858573 0.267325 0.861059 0.266434 0.864308 0.264077 0.867875 0.261212 0.873027 0.254451 0.876403 0.24901 0.877416 0.246052 0.878349 0.24435 0.878754 0.239852 0.880295 0.237218 0.883538 0.234178 0.884973 0.229003 0.888769 0.226654 0.886058 0.222318 0.88672 0.217019 0.88437 0.217139 0.885455 0.212862 0.882729 0.212469 0.88286 0.210298 0.879044 0.205826 0.875754 0.202405 0.871806 0.198656 0.866475 0.201879 0.862461 0.197801 0.859039 0.199905
0 0.812283 0.264047 0.809629 0.264455 0.808539 0.265747 0.80677 0.266836 0.804047 0.266973 0.803435 0.269014 0.802209 0.271123 0.800779 0.271939 0.799759 0.273437 0.798465 0.274525 0.797444 0.276566 0.796899 0.278132 0.79663 0.281796 0.795359 0.286918 0.796511 0.28803 0.794445 0.291483 0.793651 0.292239 0.794485 0.295455 0.795638 0.297719 0.795915 0.299347 0.798881 0.304163 0.803581 0.308467 0.808715 0.310243 0.812408 0.315621 0.812854 0.307706 0.814175 0.301832 0.817344 0.299324 0.822296 0.29576 0.827908 0.292922 0.834637 0.293837 0.837341 0.295501 0.8406 0.29259 0.839005 0.28753 0.834359 0.283163 0.829753 0.278356 0.825462 0.274363 0.819026 0.268151
0 0.845787 0.293228 0.84169 0.29423 0.837928 0.296236 0.835085 0.294397 0.829985 0.294313 0.826557 0.294313 0.823129 0.296487 0.815354 0.301669 0.813096 0.306348 0.813096 0.314707 0.815771 0.317382 0.818112 0.32248 0.818865 0.327829 0.822795 0.333095 0.831824 0.335687 0.835922 0.33719 0.840186 0.334266 0.843864 0.339113 0.847543 0.337524 0.853396 0.333681 0.854483 0.326325 0.856406 0.322564 0.86067 0.32248 0.863095 0.320726 0.866989 0.317553 0.864024 0.313403 0.866278 0.309254 0.862709 0.301719 0.858258 0.29884 0.854331 0.297924 0.851582 0.294456 0.847327 0.296615
0 0.849821 0.336817 0.847821 0.338915 0.844747 0.341304 0.846113 0.346328 0.846211 0.351207 0.850651 0.356182 0.85314 0.357646 0.857238 0.358133 0.859922 0.36023 0.860117 0.362815 0.86342 0.363499 0.867679 0.363025 0.871038 0.361701 0.872836 0.36033 0.875651 0.360004 0.878587 0.357454 0.881187 0.3563 0.882437 0.352691 0.881283 0.347928 0.880705 0.343549 0.878891 0.340699 0.877032 0.338709 0.875493 0.335896 0.871887 0.333171 0.870195 0.330051 0.866907 0.328501 0.862866 0.328219 0.858826 0.329815
0 0.89635 0.363727 0.891996 0.366599 0.888861 0.366599 0.88477 0.368514 0.881113 0.373475 0.878763 0.37913 0.87885 0.387922 0.880155 0.393318 0.888252 0.401323 0.887382 0.405677 0.888427 0.410028 0.89217 0.412465 0.89722 0.407069 0.901834 0.409767 0.906123 0.408019 0.913592 0.400122 0.917397 0.399763 0.917678 0.39394 0.917611 0.388591 0.91741 0.383241 0.915337 0.378561 0.909919 0.373077 0.905937 0.369236
0 0.989223 0.476365 0.985009 0.480011 0.981478 0.478986 0.97658 0.481264 0.972366 0.483882 0.968607 0.488664 0.967241 0.493218 0.972822 0.498113 0.979655 0.505173 0.981022 0.50836 0.983869 0.503351 0.987855 0.499366 0.995031 0.491966 0.997537 0.487067 0.991729 0.483085
0 0.964795 0.495003 0.95928 0.490993 0.956272 0.491093 0.955068 0.492096 0.952763 0.497907 0.950857 0.498109 0.952862 0.507833 0.957074 0.513245 0.959781 0.516553 0.964193 0.515952 0.969308 0.515551 0.972616 0.513146 0.974622 0.509938 0.978131 0.506931 0.975224 0.499212 0.968505 0.494
0 0.950522 0.508035 0.9475 0.506632 0.944801 0.509978 0.941993 0.51327 0.939618 0.515536 0.937404 0.518773 0.936325 0.520825 0.937513 0.524225 0.939888 0.527408 0.94561 0.531348 0.949389 0.536043 0.953553 0.538352 0.955215 0.539847 0.959285 0.538435 0.96477 0.540096 0.968259 0.541425 0.969754 0.541093 0.973244 0.537854 0.975404 0.534282 0.97763 0.53133 0.978572 0.525174 0.981397 0.522929 0.978427 0.516339 0.973936 0.512718 0.971038 0.513515 0.96488 0.514167 0.957128 0.512429
0 0.935962 0.525108 0.933053 0.527351 0.931354 0.528381 0.929961 0.530018 0.928385 0.532017 0.926869 0.534077 0.924687 0.53638 0.92408 0.538501 0.924065 0.546347 0.921728 0.54908 0.920979 0.552781 0.919743 0.554413 0.921614 0.556064 0.922771 0.56118 0.922015 0.564026 0.923261 0.565227 0.92206 0.568475 0.923306 0.569631 0.925619 0.569765 0.928467 0.569142 0.93038 0.570743 0.933183 0.572611 0.936671 0.573226 0.940986 0.572748 0.943603 0.571875 0.943689 0.57619 0.947125 0.577187 0.946957 0.57095 0.950752 0.569265 0.953197 0.566735 0.954294 0.562855 0.953028 0.55586 0.957667 0.5535 0.955812 0.546672 0.950583 0.541444 0.95226 0.538335 0.951716 0.535499
0 0.96499 0.549394 0.961506 0.551113 0.95908 0.552216 0.956918 0.552612 0.955595 0.554772 0.955904 0.558123 0.955948 0.562621 0.957668 0.564958 0.960094 0.565179 0.9623 0.563812 0.964946 0.563239 0.968254 0.559667 0.970944 0.557903 0.971915 0.553803 0.968122 0.549967
0 0.960153 0.564855 0.959037 0.569729 0.960255 0.575107 0.963604 0.577035 0.96505 0.575239 0.966691 0.573762 0.968826 0.569124 0.965419 0.566498 0.963079 0.565472
0 0.971779 0.557678 0.974217 0.560682 0.972259 0.562036 0.9723 0.566164 0.970731 0.56798 0.968708 0.569013 0.966809 0.568476 0.96462 0.566536 0.961896 0.564761
0 1 0.573566 0.998179 0.573967 0.994936 0.573567 0.99298 0.571524 0.990049 0.568948 0.987997 0.568084 0.985901 0.568503 0.984271 0.570133 0.982268 0.571902 0.980823 0.57181 0.978354 0.570272 0.974674 0.57018 0.972299 0.57167 0.970621 0.574045 0.969177 0.577258 0.966801 0.577739 0.963054 0.578969 0.964446 0.581162 0.962197 0.583195 0.964393 0.586515 0.961983 0.588493 0.961395 0.591918 0.961983 0.593845 0.967248 0.596782 0.972226 0.597378 0.976283 0.599596 0.981369 0.601812 0.98243 0.6046 0.990988 0.603124 0.996595 0.603126 1 0.598724
0 0.999911 0.60107 0.997749 0.602923 0.993812 0.603 0.990184 0.604543 0.98671 0.604852 0.984548 0.606318 0.98339 0.610948 0.984935 0.624146 0.988717 0.628621 0.992809 0.629933 1 0.633559
1 0.000460937 0.112013 0.00338379 0.113636 0.00841797 0.114609 0.0145879 0.113148 0.0197842 0.114447 0.0214072 0.118992 0.0207578 0.123213 0.0282275 0.118664 0.0332607 0.123209 0.0283896 0.134899 0.0330986 0.13522 0.035209 0.148692 0.0335859 0.156808 0.0353721 0.164928 0.033748 0.172881 0.0303379 0.176452 0.0349199 0.179501 0.0290547 0.18972 0.0317354 0.195082 0.0289707 0.198265 0.0262891 0.201447 0.0230215 0.203123 0.019083 0.20262 0.0161504 0.203374 0.0130508 0.202118 0.0102852 0.200694 0.00760352 0.200442 0.00576074 0.198852 0.00299512 0.202788 0 0.202955 0 0.203123
1 0.0364492 0.167503 0.0418887 0.168727 0.0455605 0.17063 0.04896 0.167503 0.053584 0.169135 0.0575273 0.175796 0.0609268 0.178922 0.0671826 0.180689 0.0708545 0.180417 0.0741182 0.184903 0.078334 0.185312 0.0817334 0.186534 0.0843174 0.193195 0.0893486 0.19877 0.0913994 0.203021 0.0944531 0.208363 0.097126 0.213706 0.104507 0.218919 0.100816 0.228333 0.104634 0.231644 0.100689 0.241057 0.102177 0.247438 0.0993359 0.252047 0.0956367 0.254726 0.0916699 0.254779 0.0885615 0.25837 0.0847559 0.259978 0.0795723 0.257425 0.0827559 0.264796 0.0797275 0.268368 0.0723516 0.266117 0.0669941 0.267902 0.0638105 0.268446 0.0602783 0.267309 0.0536563 0.264116 0.0470332 0.26057 0.0378096 0.256787 0.0333545 0.252815 0.0330898 0.241581 0.0305781 0.231801 0.0262148 0.226382 0.0240996 0.224003 0.0240996 0.204311 0.0288594 0.198628 0.0316494 0.187104 0.0363281 0.184914 0.0338428 0.170879
0 0.101645 0.243442 0.106474 0.244271 0.110476 0.246891 0.11296 0.250754 0.114754 0.254613 0.118065 0.261651 0.114754 0.26841 0.110062 0.273101 0.103576 0.276825 0.0965381 0.277101 0.0903291 0.273101 0.0848086 0.270477 0.0835674 0.259996 0.0866025 0.258202 0.0935029 0.255582 0.0986084 0.253374 0.103162 0.246615
0 0.152998 0.276787 0.150184 0.275664 0.1469 0.273226 0.141834 0.271818 0.137518 0.2721 0.133014 0.273976 0.128417 0.274632 0.124101 0.278759 0.118847 0.279507 0.117908 0.291324 0.118002 0.3008 0.124007 0.309146 0.128886 0.315993 0.133202 0.318807 0.136298 0.315899 0.140614 0.317494 0.144179 0.31937 0.147182 0.317588 0.149621 0.31665 0.1545 0.313836 0.157408 0.309991 0.158159 0.288889 0.155907 0.280916 0.154406 0.280822
0 0.157221 0.281104 0.161349 0.281385 0.164163 0.279321 0.167729 0.278009 0.170544 0.276883 0.172983 0.275195 0.176454 0.27557 0.179175 0.276977 0.181146 0.278478 0.18274 0.281197 0.182553 0.282323 0.179926 0.284293 0.178987 0.285699 0.181304 0.290647 0.179592 0.306148 0.177075 0.31088 0.17204 0.311685 0.168013 0.310679 0.164589 0.310275 0.161166 0.30937 0.156937 0.307558
0 0.182613 0.280381 0.185936 0.278469 0.187245 0.277864 0.189964 0.276557 0.19248 0.27555 0.195199 0.274945 0.199025 0.27404 0.201644 0.273536 0.203557 0.273536 0.206175 0.273738 0.207987 0.275147 0.210404 0.276354 0.216345 0.277561 0.21715 0.28209 0.220814 0.286338 0.22284 0.293598 0.223469 0.300509 0.223398 0.307491 0.220256 0.312448 0.216834 0.315799 0.212364 0.31901 0.208175 0.321942 0.204893 0.32285 0.201331 0.322919 0.19728 0.322012 0.193649 0.322151 0.190786 0.321104 0.187067 0.311944 0.187147 0.305102 0.183645 0.300327 0.181416 0.300645 0.18054 0.291256 0.183008 0.287276
0 0.181822 0.319037 0.178409 0.319338 0.176953 0.320341 0.175146 0.321345 0.171935 0.322398 0.17063 0.32285 0.167869 0.324204 0.166665 0.32576 0.166063 0.326412 0.165059 0.328168 0.163202 0.330225 0.162299 0.329421 0.162248 0.332583 0.162349 0.334389 0.163052 0.33474 0.164005 0.334991 0.164457 0.335142 0.164908 0.335292 0.163353 0.336646 0.162801 0.339606 0.163402 0.341664 0.164507 0.34362 0.165762 0.343821 0.166363 0.344523 0.167066 0.345828 0.168221 0.347032 0.169375 0.347835 0.17078 0.349039 0.171885 0.349189 0.173466 0.350505 0.175195 0.353408 0.177173 0.356311 0.177791 0.357607 0.179212 0.358843 0.180571 0.35946 0.181868 0.35977 0.183104 0.359831 0.184834 0.359028 0.185946 0.357854 0.186996 0.357422 0.188294 0.356311 0.189406 0.355384 0.191507 0.35384 0.192681 0.352852 0.193978 0.35174 0.195461 0.350443 0.196078 0.349517 0.197623 0.346614 0.199909 0.340685 0.200437 0.334929 0.19747 0.330866 0.194373 0.327771 0.191729 0.325772
0 0.349581 0.154681 0.34354 0.157588 0.335262 0.158035 0.332129 0.16072 0.328325 0.161391 0.322731 0.164521 0.31781 0.168548 0.320718 0.171227 0.313558 0.179061 0.320718 0.193375 0.326535 0.19919 0.331905 0.200085 0.340407 0.201874 0.344883 0.204782 0.351595 0.203439 0.358308 0.199414 0.362782 0.196282 0.368152 0.191139 0.368379 0.179622 0.367404 0.172711 0.361244 0.168056
0 0.370627 0.194062 0.367622 0.194132 0.365176 0.192246 0.361263 0.195319 0.35658 0.198603 0.354623 0.200699 0.352247 0.202585 0.347285 0.207124 0.34386 0.207334 0.347285 0.214112 0.343931 0.214321 0.343581 0.217535 0.340227 0.216697 0.340297 0.221098 0.342603 0.226826 0.345748 0.233952 0.347858 0.236249 0.353682 0.23519 0.355622 0.233868 0.358534 0.233691 0.361181 0.23475 0.360299 0.237041 0.360122 0.240307 0.360387 0.245862 0.363563 0.246744 0.366298 0.247009 0.369121 0.247186 0.370798 0.243479 0.372386 0.240568 0.376268 0.241012 0.379709 0.235455 0.380547 0.234838 0.381385 0.234221 0.386679 0.233956 0.391708 0.232368 0.397354 0.229987 0.399648 0.223637 0.402119 0.217552 0.399119 0.210849 0.394531 0.205557 0.3904 0.201028 0.397227 0.192714 0.399302 0.189381 0.396189 0.186342 0.395522 0.179306 0.392114 0.182715 0.387817 0.186418 0.385002 0.187974 0.381297 0.187825 0.37774 0.186862 0.373146 0.188714 0.372184 0.192936
0 0.419954 0.232205 0.417169 0.233094 0.413377 0.23339 0.409526 0.234041 0.407216 0.235166 0.402535 0.234219 0.399869 0.234692 0.39827 0.236884 0.39507 0.238009 0.39122 0.239904 0.387368 0.243162 0.384287 0.246062 0.38488 0.251808 0.384998 0.257731 0.38802 0.262351 0.393032 0.265638 0.393095 0.271842 0.39579 0.275163 0.401306 0.279048 0.404816 0.282369 0.408577 0.28287 0.410583 0.282808 0.413779 0.27723 0.418167 0.275853 0.420299 0.275915 0.423433 0.275101 0.427068 0.27485 0.43014 0.273408 0.427963 0.267582 0.430846 0.263047 0.435812 0.257775 0.437039 0.25563 0.436374 0.25097 0.433367 0.251226 0.434263 0.242083 0.430554 0.241827 0.4271 0.240356 0.426972 0.234986 0.422047 0.235626
0 0.455719 0.159737 0.451881 0.160696 0.448555 0.162231 0.445293 0.162871 0.441839 0.164405 0.438833 0.165876 0.434739 0.168881 0.434163 0.172652 0.438641 0.179303 0.442543 0.182947 0.445357 0.184354 0.446293 0.186608 0.44901 0.191013 0.450185 0.193948 0.454076 0.192994 0.45782 0.193067 0.461639 0.191747 0.46531 0.188224 0.467292 0.181838 0.469936 0.178168 0.469201 0.171195 0.468394 0.16569 0.464649 0.162534 0.45995 0.16224
0 0.420937 0.193991 0.417958 0.195448 0.415551 0.196271 0.413206 0.196462 0.410165 0.197158 0.406236 0.198108 0.403512 0.196842 0.401675 0.196398 0.399203 0.200896 0.394324 0.203302 0.398253 0.211029 0.402245 0.218755 0.404277 0.226408 0.403017 0.230124 0.404403 0.232707 0.406167 0.234659 0.408372 0.234156 0.410955 0.233967 0.413538 0.233841 0.418831 0.234156 0.420469 0.233778 0.422539 0.228542 0.423132 0.223606 0.426227 0.220842 0.427017 0.219921 0.428662 0.219131 0.431428 0.218209 0.43281 0.216762 0.435246 0.214194 0.437287 0.210509 0.433116 0.207109 0.428926 0.203533 0.432085 0.201063 0.427548 0.19584 0.424042 0.19316
0 0.474893 0.202623 0.470362 0.20419 0.466268 0.207238 0.463915 0.208196 0.461737 0.209328 0.459037 0.210722 0.455291 0.212551 0.453896 0.213421 0.452067 0.214814 0.446144 0.220561 0.447015 0.225785 0.448408 0.230924 0.449628 0.236584 0.450063 0.240067 0.449715 0.245295 0.450238 0.248778 0.4532 0.253046 0.455813 0.254178 0.458688 0.256181 0.461912 0.257312 0.46557 0.258619 0.469056 0.259926 0.472366 0.258706 0.476598 0.255315 0.480949 0.252386 0.48246 0.251143 0.485479 0.250077 0.487167 0.248745 0.490009 0.247235 0.494361 0.244306 0.498355 0.240982 0.498624 0.233643 0.497281 0.229433 0.495311 0.222005 0.497908 0.215918 0.495042 0.210995 0.490296 0.209741 0.484207 0.210905
0 0.42788 0.172132 0.427629 0.173639 0.42788 0.184793 0.425372 0.19106 0.423491 0.193942 0.435151 0.201836 0.43628 0.207729 0.43894 0.214552 0.437896 0.218247 0.439101 0.222668 0.442718 0.223632 0.444968 0.222588 0.447941 0.221383 0.450594 0.2209 0.45196 0.220258 0.456782 0.215357 0.459916 0.212626 0.463211 0.209492 0.466346 0.207323 0.468516 0.205476 0.469561 0.203146 0.46731 0.197281 0.461925 0.193666 0.457907 0.193666 0.45204 0.191657 0.446511 0.184251 0.438149 0.181464
0 0.382606 0.259739 0.377458 0.256146 0.372504 0.257991 0.370755 0.257021 0.36755 0.25537 0.364344 0.256243 0.359973 0.260613 0.356864 0.258963 0.35191 0.259448 0.348219 0.261002 0.345984 0.263332 0.345401 0.267217 0.342196 0.268576 0.33899 0.270421 0.337533 0.27246 0.345013 0.281297 0.351424 0.286443 0.356281 0.287608 0.358516 0.292949 0.360167 0.295766 0.362013 0.296445 0.365704 0.294988 0.368909 0.293241 0.371629 0.291299 0.373863 0.290425 0.376972 0.289842 0.378332 0.289356 0.379887 0.288677 0.382509 0.286929 0.385617 0.28489 0.388144 0.283239 0.389989 0.280229 0.390378 0.278382 0.390571 0.274206 0.393098 0.269839 0.390378 0.263915
0 0.552381 0.173095 0.54878 0.17627 0.546381 0.177609 0.548357 0.180714 0.546451 0.184667 0.548498 0.187771 0.551463 0.190312 0.554004 0.192287 0.556545 0.192569 0.559016 0.188406 0.56198 0.187065 0.564239 0.188054 0.566356 0.186148 0.568404 0.179867 0.563533 0.177963 0.563109 0.174786 0.557533 0.173518
0 0.562611 0.187885 0.557375 0.187011 0.559438 0.191135 0.557375 0.194942 0.559518 0.199066 0.563722 0.199382 0.563087 0.204459 0.563801 0.207234 0.566261 0.207473 0.567848 0.207948 0.570307 0.207711 0.571894 0.207948 0.573639 0.207552 0.575542 0.206918 0.578081 0.205173 0.579033 0.205252 0.580699 0.20668 0.582604 0.206601 0.583793 0.205648 0.585776 0.20327 0.586252 0.196608 0.582127 0.191691 0.579271 0.190185 0.574591 0.187171 0.570307 0.18614 0.566419 0.185188 0.564833 0.186219 0.564039 0.188043
0 0.565991 0.226026 0.560238 0.228633 0.557632 0.229711 0.555475 0.232137 0.553048 0.233305 0.55044 0.236181 0.548643 0.238247 0.548373 0.240403 0.549272 0.243099 0.55044 0.244896 0.552687 0.248939 0.554755 0.251365 0.556553 0.253163 0.5588 0.256308 0.560328 0.258554 0.562126 0.259901 0.563564 0.259991 0.565722 0.259093 0.567789 0.258644 0.569856 0.257925 0.572373 0.256667 0.574171 0.255858 0.577316 0.254241 0.579114 0.253343 0.581002 0.252264 0.583249 0.251006 0.583879 0.250691 0.584508 0.250377 0.588508 0.245662 0.586202 0.242207 0.584322 0.241842 0.581835 0.238628 0.581168 0.233415 0.577893 0.229776 0.57401 0.227836 0.569582 0.226199
0 0.612335 0.214137 0.60878 0.212883 0.605505 0.212813 0.601394 0.210933 0.598118 0.209888 0.59547 0.209748 0.592752 0.212465 0.59087 0.21567 0.589058 0.217202 0.58418 0.223262 0.580207 0.225352 0.582367 0.229462 0.580138 0.232319 0.582438 0.23643 0.585573 0.239913 0.588082 0.243396 0.589686 0.245277 0.592264 0.246113 0.594215 0.246671 0.596724 0.247298 0.599581 0.246044 0.603795 0.246165 0.606888 0.244008 0.608829 0.242211 0.610729 0.238317 0.613401 0.233584 0.613542 0.229646 0.612838 0.225709 0.615937 0.224059 0.614717 0.217964
1 0.59051 0.253494 0.586189 0.254977 0.582127 0.256523 0.578967 0.258458 0.576073 0.259611 0.573817 0.259661 0.57131 0.261265 0.569856 0.264071 0.566296 0.267279 0.563488 0.270137 0.56038 0.271089 0.559726 0.276709 0.560665 0.280735 0.564557 0.28541 0.561321 0.288331 0.559131 0.291618 0.555926 0.297076 0.556156 0.298241 0.555926 0.302863 0.556212 0.305669 0.558733 0.310252 0.556327 0.311514 0.558849 0.31604 0.560511 0.318904 0.562344 0.318789 0.564396 0.317343 0.56767 0.315115 0.570178 0.313166 0.572615 0.31233 0.577839 0.315254 0.579858 0.314139 0.582923 0.314139 0.585082 0.318039 0.587032 0.318248 0.590306 0.315812 0.593898 0.31462 0.596644 0.312638 0.598778 0.310352 0.602239 0.308477 0.605713 0.304942 0.607449 0.302463 0.611106 0.299982 0.614864 0.296437 0.619248 0.292124 0.623868 0.287176 0.622737 0.280244 0.620023 0.274742 0.617535 0.272029 0.615618 0.265686 0.611286 0.263088 0.606797 0.261906 0.605773 0.25726 0.602781 0.256711 0.599079 0.254271 0.594039 0.25553
0 0.432229 0.413709 0.429711 0.412373 0.426134 0.412203 0.422301 0.410585 0.418639 0.412032 0.415913 0.412628 0.412847 0.413225 0.410974 0.413735 0.406885 0.415521 0.407566 0.419438 0.407992 0.423014 0.408333 0.429996 0.411399 0.433403 0.413272 0.435191 0.416339 0.436298 0.41932 0.436979 0.421449 0.437575 0.423909 0.4369 0.426375 0.434358 0.428764 0.429582 0.431538 0.426037 0.427762 0.422416 0.43177 0.417411
0 0.432791 0.416651 0.435011 0.417923 0.437556 0.42029 0.438029 0.421532 0.440988 0.422745 0.442675 0.424254 0.444211 0.424717 0.44753 0.424821 0.449747 0.424487 0.454209 0.428933 0.454272 0.435198 0.448569 0.44215 0.448569 0.448479 0.444309 0.453052 0.442242 0.454229 0.43748 0.45605 0.432719 0.453739 0.428446 0.45143 0.424665 0.447789 0.422558 0.445313 0.423816 0.439593 0.427308 0.431698 0.4316 0.426893 0.428795 0.423573 0.428108 0.420713
1 0.454255 0.425234 0.456445 0.421858 0.46037 0.419304 0.463839 0.418026 0.466303 0.418026 0.467854 0.418847 0.470684 0.422588 0.473604 0.425964 0.474335 0.415471 0.482002 0.416931 0.485288 0.419851 0.491403 0.42268 0.496332 0.427697 0.50053 0.433081 0.502082 0.434176 0.502356 0.436274 0.498702 0.438023 0.498179 0.440898 0.501143 0.441682 0.504367 0.444731 0.505587 0.44752 0.50692 0.448021 0.507243 0.452224 0.50701 0.457037 0.503492 0.458209 0.503042 0.460733 0.500877 0.463438 0.500517 0.463708 0.50214 0.464428 0.503402 0.469207 0.50223 0.473444 0.499615 0.477682 0.498849 0.478312 0.498082 0.478943 0.494114 0.47723 0.492852 0.478312 0.491679 0.479755 0.491408 0.482099 0.49222 0.48309 0.49249 0.485434 0.490957 0.486696 0.489604 0.487598 0.486268 0.48904 0.483473 0.489852 0.481308 0.489852 0.479685 0.487508 0.478873 0.484983 0.476528 0.484713 0.474545 0.485164 0.468772 0.483631 0.465616 0.481647 0.462472 0.481715 0.45595 0.483541 0.453909 0.481866 0.451518 0.477597 0.448528 0.473926 0.447418 0.47162 0.445795 0.468973 0.443659 0.463934 0.438631 0.455551 0.443494 0.454117 0.447003 0.451009 0.449953 0.4479 0.448358 0.441764 0.453302 0.4373 0.452902 0.427417
0 0.468915 0.420974 0.46698 0.414499 0.471775 0.410463 0.478338 0.407435 0.482629 0.405584 0.48401 0.405191 0.487309 0.406478 0.490849 0.409132 0.494229 0.408811 0.497608 0.409132 0.499137 0.410098 0.498493 0.412671 0.497447 0.414682 0.499137 0.415566 0.501229 0.415566 0.502154 0.415566 0.503079 0.415566 0.504299 0.419539 0.506408 0.421562 0.50548 0.42502 0.506408 0.429997 0.50548 0.433455 0.503877 0.435395 0.502189 0.43666 0.500165 0.437166 0.498056 0.430925 0.491728 0.42519 0.48481 0.420467 0.479157 0.417094 0.473055 0.416957 0.473055 0.424813
0 0.391428 0.378207 0.387111 0.377075 0.384068 0.378915 0.38131 0.378913 0.380248 0.381389 0.38131 0.38606 0.380248 0.388464 0.380106 0.387826 0.379682 0.392567 0.380177 0.394901 0.381946 0.397165 0.383928 0.399216 0.38605 0.400489 0.387748 0.402895 0.389446 0.404521 0.391782 0.404238 0.392772 0.403461 0.390721 0.389101 0.393622 0.385705 0.394825 0.37948
0 0.320279 0.296483 0.315753 0.296572 0.313357 0.29675 0.31105 0.297814 0.307943 0.298879 0.305636 0.299943 0.303684 0.301363 0.301465 0.303492 0.300488 0.305799 0.300045 0.309525 0.300932 0.312453 0.305636 0.317864 0.306612 0.318574 0.310783 0.318663 0.313801 0.320792 0.314954 0.322833 0.317351 0.325761 0.319392 0.326736 0.320813 0.328688 0.327711 0.331032 0.325516 0.330285 0.329184 0.329794 0.331587 0.328012 0.334146 0.325997 0.335075 0.32406 0.331595 0.321644 0.331829 0.317623 0.328555 0.316313 0.324812 0.314022 0.327619 0.310234 0.330285 0.30668 0.325815 0.302414 0.323538 0.302019
0 0.245234 0.303256 0.242571 0.304951 0.240937 0.306767 0.239604 0.308037 0.238272 0.309247 0.237123 0.310518 0.235852 0.312515 0.234883 0.312695 0.234762 0.315177 0.235064 0.316811 0.234822 0.321229 0.235125 0.322863 0.235125 0.32256 0.236336 0.327279 0.235186 0.328612 0.236396 0.333332 0.238092 0.335026 0.239423 0.335571 0.240331 0.3366 0.241905 0.336842 0.243056 0.3366 0.24475 0.336297 0.246264 0.336236 0.247959 0.335511 0.249774 0.334301 0.251651 0.332787 0.252862 0.331214 0.256252 0.331172 0.25711 0.330498 0.258092 0.33013 0.259688 0.328597 0.261221 0.327125 0.261896 0.325898 0.263613 0.324304 0.264718 0.322403 0.265883 0.319396 0.26803 0.313327 0.266681 0.30928 0.262447 0.305846 0.257785 0.303454
0 0.237638 0.365912 0.23328 0.36417 0.230131 0.364304 0.227114 0.364772 0.225104 0.365442 0.22269 0.366448 0.221016 0.368324 0.219809 0.369664 0.218938 0.372009 0.219876 0.372744 0.219071 0.376498 0.219943 0.379445 0.221954 0.381054 0.223026 0.38226 0.224031 0.382862 0.225707 0.383063 0.227315 0.383733 0.228857 0.385342 0.230197 0.386146 0.231404 0.387553 0.232275 0.388759 0.233348 0.389429 0.234554 0.390166 0.235901 0.390559 0.237222 0.389341 0.238948 0.387817 0.240522 0.387614 0.241487 0.388528 0.243417 0.388579 0.244331 0.388478 0.245702 0.38797 0.24687 0.386854 0.249003 0.381117 0.247175 0.379544 0.245448 0.374417 0.242655 0.369696 0.238745 0.36863
1 0.773846 0.32426 0.769249 0.32401 0.766658 0.324929 0.764987 0.327101 0.763566 0.328354 0.762479 0.32994 0.761561 0.331695 0.760725 0.334536 0.760516 0.334995 0.760307 0.335455 0.757131 0.338546 0.756045 0.340384 0.755209 0.342389 0.755209 0.344561 0.755794 0.347401 0.756463 0.349656 0.758134 0.351494 0.75897 0.35233 0.760642 0.353165 0.762062 0.354836 0.763566 0.356173 0.764485 0.356465 0.765404 0.356758 0.768413 0.356758 0.770753 0.356089 0.772843 0.356424 0.775016 0.359431 0.779027 0.361436 0.781367 0.363942 0.784543 0.364527 0.785104 0.364947 0.787605 0.364786 0.78813 0.364343 0.788654 0.363899 0.789542 0.361882 0.790592 0.359946 0.791156 0.359341 0.791722 0.358736 0.793819 0.359381 0.794949 0.360107 0.795676 0.361236 0.796079 0.363012 0.795272 0.363979 0.794385 0.365916 0.793335 0.367368 0.792811 0.368215 0.792286 0.369062 0.791802 0.370595 0.792609 0.372208 0.7939 0.373257 0.795272 0.37358 0.796967 0.373741 0.798016 0.373578 0.799711 0.377692 0.802777 0.378178 0.804714 0.378581 0.805602 0.37842 0.80649 0.378259 0.80877 0.382687 0.811728 0.377541 0.812056 0.376282 0.812385 0.375022 0.815232 0.371738 0.813995 0.370684 0.813995 0.367052 0.810951 0.366709 0.811541 0.361605 0.812571 0.35763 0.811491 0.354439 0.808202 0.354587 0.806435 0.354047 0.805747 0.353949 0.804606 0.353737 0.806331 0.348108 0.806991 0.343188 0.805469 0.340044 0.802425 0.34116 0.800649 0.341972 0.79933 0.343188 0.798366 0.343493 0.796432 0.341905 0.79663 0.333228 0.799656 0.330252 0.800252 0.326087 0.798525 0.322832 0.796867 0.321175 0.795873 0.320181 0.794546 0.32037 0.793457 0.321033 0.792557 0.322312 0.791751 0.323637 0.791136 0.324442 0.79033 0.32591 0.788861 0.327521 0.787204 0.329178 0.786304 0.330456 0.784978 0.331829 0.783698 0.332445 0.782799 0.333439 0.780288 0.334244 0.781326 0.33094 0.779805 0.328114 0.778479 0.326642
0 0.753276 0.350227 0.749002 0.347941 0.745323 0.344761 0.742839 0.344265 0.740354 0.343768 0.737072 0.344463 0.735283 0.346947 0.733195 0.349432 0.731506 0.352313 0.729418 0.356786 0.728921 0.359568 0.729616 0.361854 0.731604 0.362053 0.73409 0.362251 0.738166 0.362748 0.741646 0.364239 0.744429 0.365034 0.745722 0.366027 0.747063 0.366077 0.748405 0.366127
0 0.731506 0.363543 0.728921 0.365034 0.72743 0.366326 0.725739 0.368909 0.723851 0.368512 0.717588 0.369903 0.716991 0.371692 0.71719 0.374077 0.720073 0.378848 0.722856 0.382723 0.725541 0.384214 0.729318 0.386002 0.731903 0.387294 0.734786 0.389083 0.737172 0.390573 0.740055 0.390573 0.74244 0.390475 0.745722 0.387394 0.747809 0.385804 0.748604 0.38322 0.748107 0.380137 0.750791 0.372883 0.747878 0.370789 0.745865 0.366835 0.742673 0.365447 0.739619 0.363921 0.736565 0.362881 0.733859 0.363089
1 0.875345 0.429812 0.870994 0.428448 0.867327 0.427766 0.863915 0.428363 0.861101 0.429301 0.85965 0.430238 0.857092 0.431944 0.854959 0.43399 0.852571 0.43527 0.849852 0.437568 0.84765 0.437446 0.845122 0.436428 0.84341 0.437243 0.842269 0.437773 0.840882 0.438955 0.838599 0.440707 0.838884 0.442989 0.838354 0.443927 0.838925 0.447065 0.838354 0.448003 0.837294 0.449389 0.836356 0.450122 0.835296 0.450733 0.834073 0.450204 0.82967 0.449674 0.828854 0.450326 0.828202 0.451059 0.827917 0.452159 0.828243 0.455136 0.827917 0.456236 0.826326 0.456929 0.825107 0.458043 0.825728 0.461083 0.824362 0.462696 0.82579 0.467351 0.824362 0.468963 0.82219 0.4707 0.820391 0.472438 0.81977 0.474299 0.819895 0.475788 0.82008 0.477587 0.822501 0.480688 0.824983 0.48348 0.826535 0.484722 0.828459 0.486024 0.8297 0.486458 0.831003 0.48621 0.832741 0.484783 0.834354 0.484225 0.836899 0.48286 0.838575 0.482426 0.840188 0.482239 0.841058 0.48193 0.842299 0.481743 0.84416 0.482239 0.844657 0.481371 0.846146 0.479634 0.847573 0.479138 0.84869 0.478766 0.849994 0.47827 0.851235 0.477463 0.852601 0.476222 0.853222 0.475912 0.853842 0.475602 0.855394 0.472127 0.858039 0.468572 0.8596 0.466888 0.859942 0.466451 0.860286 0.466015 0.862096 0.465203 0.863219 0.465391 0.86378 0.464205 0.865153 0.462084 0.866651 0.460462 0.867463 0.459775 0.868897 0.458528 0.869959 0.458466 0.87102 0.458653 0.872393 0.459276 0.873142 0.459215 0.875513 0.458092 0.877323 0.457343 0.879133 0.455159 0.88088 0.452415 0.882687 0.444943 0.880993 0.439801 0.878357 0.43773 0.878671 0.432648
0 0.944452 0.416378 0.942976 0.414838 0.940473 0.413491 0.939125 0.414196 0.937521 0.414646 0.935402 0.414774 0.933027 0.415479 0.930524 0.416378 0.92892 0.418687 0.927572 0.42042 0.926417 0.421896 0.92539 0.423243 0.9234 0.423435 0.923464 0.426193 0.923464 0.428695 0.923528 0.43261 0.923464 0.435112 0.922309 0.437037 0.921796 0.438898 0.921282 0.440823 0.922694 0.442812 0.924619 0.444352 0.926096 0.445892 0.929839 0.447032 0.931462 0.448725 0.933437 0.449147 0.934988 0.449712 0.93647 0.450135 0.93781 0.450487 0.939149 0.450064 0.941266 0.44809 0.9431 0.447032 0.944087 0.446892 0.944158 0.448866 0.944511 0.45077 0.945851 0.451334 0.947402 0.450064 0.94973 0.447456 0.949377 0.444634 0.950294 0.443294 0.952454 0.444072 0.953753 0.445234 0.954642 0.445439 0.954778 0.444959 0.959258 0.443812 0.960689 0.439283 0.963552 0.437376 0.960212 0.43207 0.955979 0.427301 0.953295 0.42134 0.949051 0.419193 0.948854 0.414435
0 0.936432 0.637374 0.933539 0.63868 0.930928 0.639332 0.928502 0.641477 0.926263 0.643528 0.92533 0.645301 0.921226 0.650988 0.920479 0.652854 0.920293 0.655278 0.921785 0.659195 0.923744 0.662086 0.92617 0.663671 0.928875 0.664697 0.930928 0.663857 0.93326 0.661992 0.934286 0.661526 0.935111 0.659821 0.940684 0.65752 0.94565 0.653586 0.939352 0.64529 0.940684 0.639901 0.937716 0.640022
0 0.999467 0.718729 0.996126 0.718631 0.994554 0.719221 0.992097 0.719122 0.98856 0.720891 0.98571 0.722953 0.982369 0.727472 0.981779 0.72973 0.981583 0.729631 0.980993 0.73641 0.981681 0.739455 0.983253 0.742697 0.984433 0.745742 0.98571 0.748296 0.987675 0.750653 0.990033 0.751931 0.992195 0.753404 0.994062 0.75419 0.996322 0.754976 0.998583 0.754092 1 0.753699 1 0.718435
0 0.938276 0.785381 0.936727 0.786324 0.934974 0.787672 0.933087 0.789289 0.931133 0.791714 0.928908 0.793262 0.929447 0.79562 0.929043 0.800001 0.929515 0.802426 0.930594 0.804178 0.9312 0.806469 0.932981 0.808245 0.936201 0.810659 0.937945 0.811732 0.94083 0.814549 0.944318 0.816829 0.946532 0.817231 0.949148 0.817298 0.95143 0.816493 0.952637 0.815823 0.954984 0.813409 0.955521 0.812403 0.958819 0.808603 0.957222 0.801242 0.955555 0.794577 0.955416 0.790548 0.952638 0.790132 0.949859 0.784578 0.947012 0.781385 0.943816 0.783189 0.943205 0.776388 0.940408 0.776988 0.940075 0.78331
0 0.864387 0.685509 0.861561 0.682401 0.858922 0.681271 0.855719 0.681836 0.85374 0.683626 0.851667 0.685886 0.849312 0.68579 0.8495 0.688804 0.849406 0.69521 0.849595 0.698225 0.848935 0.701144 0.849218 0.703122 0.848652 0.70557 0.848935 0.70802 0.851008 0.710092 0.853552 0.712446 0.854776 0.712446 0.857415 0.710656 0.859771 0.709715 0.860712 0.708961 0.859773 0.70492 0.862706 0.702232 0.864376 0.695882 0.866412 0.692462 0.865753 0.689019
0 0.250082 0.627609 0.248146 0.629311 0.246443 0.63066 0.245563 0.631012 0.243509 0.632186 0.241631 0.632948 0.237757 0.635882 0.236818 0.636703 0.234588 0.637934 0.234295 0.640926 0.234823 0.643331 0.235645 0.646089 0.236583 0.648494 0.235703 0.651957 0.236643 0.654362 0.237464 0.65665 0.239166 0.658 0.241103 0.659701 0.243216 0.661344 0.245152 0.661931 0.247863 0.662093 0.251191 0.663968 0.253249 0.664089 0.255549 0.663544 0.257787 0.662153 0.259301 0.661004 0.260632 0.659794 0.261842 0.658826 0.264383 0.655137 0.265473 0.654048 0.268801 0.646668 0.269104 0.645761 0.269104 0.63953 0.266562 0.637171 0.26281 0.634328 0.258937 0.629429 0.253552 0.62719
0 0.0930996 0.466174 0.08971 0.466255 0.0880156 0.466899 0.0862393 0.468594 0.0842217 0.470127 0.0819619 0.47166 0.0806709 0.47287 0.0805098 0.474807 0.0809932 0.477792 0.082043 0.480615 0.0838184 0.483358 0.0852715 0.484246 0.0874502 0.484085 0.0901133 0.482552 0.0922119 0.480615 0.0944717 0.479244 0.096248 0.479083 0.0980234 0.47868 0.0997988 0.478599 0.101171 0.477872 0.10327 0.47642 0.104399 0.474403 0.100848 0.46932
0 0.0888252 0.483197 0.0872637 0.485228 0.0866387 0.486165 0.0868994 0.48757 0.0883047 0.488507 0.0901797 0.489652 0.0914814 0.491005 0.0924707 0.49189 0.0934072 0.49241 0.0946055 0.492723 0.0960107 0.492358 0.0977813 0.490901 0.0987705 0.490017 0.100229 0.488611 0.100333 0.487882 0.101426 0.486477 0.103562 0.484915 0.103978 0.484447 0.103873 0.47893 0.103301 0.478097 0.100437 0.477889 0.0951777 0.478409
0 0.0885928 0.490479 0.0869531 0.492037 0.0853955 0.494085 0.0844941 0.495479 0.084248 0.497035 0.084166 0.498838 0.0851504 0.50105 0.0868711 0.503836 0.0885107 0.505966 0.0899863 0.507851 0.0905186 0.508056 0.0910518 0.50826 0.0938379 0.50826 0.0955596 0.507195 0.0962559 0.50699 0.0969531 0.506785 0.0997402 0.506212 0.101953 0.505146 0.103511 0.504655 0.104985 0.504737 0.106461 0.503754 0.10758 0.501208 0.112279 0.49601 0.110901 0.489998 0.109773 0.491752 0.108646 0.486113 0.104135 0.487681 0.101314 0.487242 0.0977432 0.490186 0.0946104 0.49244 0.0913525 0.491188 0.0903496 0.48956
0 0.0339893 0.28912 0.0303027 0.290663 0.028416 0.292463 0.0271299 0.294948 0.0264443 0.296319 0.0253291 0.29769 0.0250723 0.299319 0.0258437 0.30129 0.0278164 0.303947 0.0286738 0.306176 0.0291025 0.307633 0.029874 0.310032 0.031417 0.311575 0.0327891 0.312861 0.0339033 0.313718 0.0359609 0.314146 0.0370762 0.314403 0.0396484 0.313718 0.0414482 0.313804 0.0431631 0.313633 0.0445352 0.312519 0.0457354 0.311062 0.0470215 0.309775 0.0509658 0.303774 0.0482217 0.300005 0.0441924 0.297605 0.0414482 0.293405 0.0378477 0.291948
0 0.0405303 0.326877 0.0386494 0.326617 0.0381885 0.323716 0.0349648 0.32354 0.032624 0.320494 0.0308135 0.319037 0.0290469 0.318552 0.027457 0.318464 0.0258232 0.319214 0.0247637 0.320009 0.0237031 0.320848 0.0225557 0.322216 0.0218486 0.322923 0.0211865 0.323894 0.0202148 0.324776 0.0199941 0.32588 0.0203027 0.327293 0.0211865 0.328043 0.0222021 0.329412 0.0233945 0.330957 0.0250723 0.332502 0.0263975 0.334003 0.0276777 0.335372 0.0288701 0.336696 0.02971 0.337535 0.030085 0.337712 0.03046 0.337888 0.0317412 0.333474 0.0337285 0.333076 0.0358477 0.330428 0.0382324 0.331708 0.0404854 0.329456
0 0.0257451 0.341654 0.0235674 0.342876 0.0217607 0.344257 0.0199004 0.345957 0.0187852 0.347179 0.0168721 0.350312 0.0171377 0.350737 0.0164463 0.356048 0.0163936 0.358226 0.017084 0.360563 0.0164463 0.363592 0.0171377 0.365876 0.0192627 0.367894 0.0204854 0.370337 0.0209629 0.372303 0.021707 0.373312 0.0227695 0.373736 0.0241514 0.374268 0.0259053 0.373577 0.0269141 0.37294 0.0286152 0.371665 0.0307402 0.369753 0.0320684 0.368372 0.0331846 0.366885 0.0337158 0.366301 0.0320156 0.361573 0.0298896 0.359076 0.0290928 0.358546 0.0270742 0.357164 0.0299961 0.352703 0.0305811 0.345851 0.0275518 0.341867
0 0.145098 0.402687 0.144194 0.404909 0.142318 0.406923 0.140721 0.408867 0.138359 0.410187 0.137248 0.411019 0.134608 0.413033 0.137387 0.418033 0.141207 0.418518 0.142388 0.421435 0.141138 0.425464 0.142388 0.428311 0.144194 0.427824 0.145027 0.426853 0.150654 0.422824 0.151905 0.420464 0.153919 0.418172 0.155795 0.415048 0.156351 0.413589 0.153919 0.411784 0.152669 0.405673 0.148987 0.405534
0 0.0474219 0.700867 0.0444385 0.702642 0.0427344 0.703564 0.0420947 0.70399 0.0414561 0.704417 0.0386865 0.704771 0.0373369 0.705907 0.0361299 0.706973 0.0352061 0.707114 0.033999 0.707753 0.030377 0.709528 0.0291699 0.71038 0.0286016 0.712084 0.0278916 0.71464 0.0275361 0.716557 0.0276787 0.718261 0.0279619 0.719609 0.0290273 0.721171 0.0301641 0.722023 0.0311582 0.722449 0.0319395 0.723656 0.0329336 0.724366 0.0337148 0.725644 0.0349219 0.726851 0.0357031 0.727489 0.0376211 0.728129 0.0379756 0.728129 0.0383311 0.728129 0.039752 0.726425 0.0411006 0.724721 0.0424502 0.724082 0.0442256 0.723301 0.0453623 0.722875 0.0461436 0.721952 0.0482031 0.719822 0.0494814 0.718615 0.0504756 0.718331 0.0521797 0.717834 0.0530322 0.717621 0.0551631 0.715775 0.0560146 0.715065 0.0565332 0.711719 0.0529502 0.711017 0.0539336 0.706838 0.0510537 0.702729
0 0.0518027 0.719337 0.0512021 0.720472 0.0512021 0.721874 0.0515361 0.723676 0.0518359 0.72421 0.0521367 0.724744 0.0530713 0.726012 0.0532383 0.726412 0.0534053 0.726812 0.054207 0.728015 0.0544072 0.728515 0.0546074 0.729016 0.0572109 0.730551 0.0580127 0.730351 0.0616846 0.728281 0.0629531 0.726946 0.0636875 0.726212 0.0657578 0.72381 0.06696 0.72194 0.0659668 0.718117 0.0634258 0.715785 0.0609268 0.714869 0.0573857 0.713995 0.0553447 0.714411 0.0531377 0.71641
0 0.0459639 0.829681 0.0427832 0.832118 0.0416172 0.83323 0.0407158 0.833867 0.0397617 0.835351 0.0395498 0.837364 0.039708 0.838583 0.0404502 0.841021 0.0415107 0.842134 0.0429424 0.843882 0.0437373 0.844677 0.0446387 0.845048 0.0455928 0.844942 0.0465469 0.84473 0.0481904 0.844307 0.0496748 0.843724 0.0509473 0.843193 0.0524307 0.842398 0.0527227 0.842425 0.0530146 0.842451 0.0551348 0.841868 0.0566719 0.840066 0.0572021 0.839537 0.0586338 0.838053 0.0586865 0.836729 0.0559297 0.833602 0.052749 0.830316 0.0495156 0.828408
1 0.640416 0.462806 0.635163 0.462544 0.632667 0.462281 0.630304 0.463463 0.628071 0.464382 0.625838 0.465957 0.624919 0.466153 0.624 0.466351 0.619009 0.466481 0.616251 0.467139 0.614544 0.468451 0.613625 0.47042 0.613756 0.471602 0.614484 0.472383 0.615897 0.472629 0.616253 0.474708 0.617923 0.477506 0.618757 0.480105 0.619837 0.481285 0.618757 0.485015 0.617284 0.486438 0.614928 0.486586 0.612718 0.487715 0.609919 0.489236 0.608151 0.49115 0.606482 0.492819 0.603144 0.493652 0.604174 0.495861 0.603192 0.498611 0.604224 0.500771 0.60036 0.500994 0.600065 0.503257 0.600394 0.504273 0.60036 0.504765 0.59918 0.506437 0.600394 0.507979 0.602887 0.508733 0.602723 0.509815 0.6 0.509848 0.599311 0.512144 0.600032 0.513127 0.601017 0.514144 0.601706 0.515193 0.602689 0.515685 0.602821 0.516046 0.602123 0.517344 0.600611 0.518631 0.599716 0.519247 0.599128 0.520338 0.599268 0.521065 0.599688 0.522186 0.600388 0.523053 0.601228 0.523641 0.602039 0.52392 0.602935 0.523752 0.603522 0.523641 0.603971 0.523192 0.604223 0.520142 0.605986 0.520562 0.60719 0.520897 0.607722 0.52101 0.608478 0.521178 0.609233 0.520926 0.611015 0.51949 0.611232 0.519055 0.611723 0.518482 0.612376 0.517911 0.61303 0.517339 0.613684 0.517012 0.614393 0.516958 0.615183 0.517121 0.6157 0.517911 0.616163 0.5184 0.616662 0.51947 0.618096 0.519658 0.619228 0.519771 0.619945 0.520525 0.620322 0.521092 0.620889 0.521959 0.621644 0.522827 0.622587 0.523619 0.623417 0.523808 0.623945 0.524223 0.623983 0.525204 0.624136 0.527055 0.622294 0.527238 0.622294 0.528634 0.622338 0.529419 0.622817 0.529941 0.623689 0.530661 0.624278 0.531729 0.624496 0.532468 0.62496 0.534218 0.626437 0.535041 0.627513 0.535104 0.628336 0.535062 0.628863 0.535272 0.62956 0.535209 0.632423 0.535164 0.633141 0.534984 0.63379 0.534738 0.634889 0.534357 0.635292 0.534155 0.636009 0.533686 0.636793 0.533192 0.637556 0.532476 0.638385 0.531804 0.639349 0.530795 0.641406 0.528592 0.64201 0.527961 0.641288 0.525985 0.641664 0.525258 0.642491 0.523553 0.644047 0.521698 0.645125 0.521347 0.646774 0.518611 0.646687 0.516153 0.646044 0.514256 0.646326 0.512865 0.647488 0.513938 0.648422 0.513886 0.649302 0.513815 0.650323 0.513604 0.652074 0.512369 0.65276 0.511233 0.653403 0.510291 0.655114 0.508104 0.65601 0.507209 0.656664 0.506658 0.656767 0.502974 0.657421 0.499704 0.660969 0.49936 0.662312 0.49788 0.663569 0.495207 0.662896 0.491613 0.661153 0.486954 0.657601 0.483707 0.65766 0.480036 0.65525 0.479684 0.654057 0.477059 0.652567 0.476416 0.651662 0.473498 0.648669 0.472714 0.648121 0.469801 0.646024 0.469057 0.645236 0.466372 0.643602 0.464767 0.642171 0.464212
0 0.715542 0.688778 0.715795 0.693927 0.715626 0.697217 0.715542 0.69941 0.715252 0.701727 0.717544 0.703593 0.715252 0.707108 0.714933 0.707801 0.715146 0.709666 0.716638 0.711743 0.717384 0.712596 0.719249 0.713714 0.720954 0.713768 0.721967 0.714779 0.723299 0.714727 0.724418 0.714673 0.72591 0.71462 0.72671 0.714886 0.727243 0.712914 0.731187 0.711477 0.732625 0.712275 0.734458 0.712453 0.735444 0.711851 0.737032 0.710481 0.738676 0.709387 0.73925 0.708922 0.739825 0.708456 0.741523 0.707361 0.743495 0.704351 0.741788 0.699469 0.743229 0.693433 0.739739 0.692325 0.73708 0.692879 0.734754 0.688505 0.731541 0.687729 0.730211 0.690886 0.728826 0.691771 0.724284 0.689003 0.720229 0.686838
0 0.7639 0.683864 0.76073 0.686399 0.758828 0.686853 0.755295 0.686671 0.75303 0.688392 0.750494 0.692467 0.748683 0.69636 0.749316 0.698262 0.752216 0.69962 0.754752 0.701884 0.75593 0.704147 0.757379 0.706954 0.76064 0.70786 0.761636 0.709309 0.76372 0.709399 0.766527 0.707227 0.768249 0.705506 0.770694 0.703876 0.772506 0.702155 0.773684 0.700525 0.773662 0.696209 0.770889 0.693154 0.769419 0.688233 0.767097 0.683475
1 0.752301 0.60573 0.751094 0.606873 0.749823 0.607571 0.748617 0.608333 0.748681 0.60973 0.74741 0.611952 0.746712 0.612396 0.746077 0.613793 0.745441 0.614999 0.743981 0.617411 0.742965 0.618301 0.741694 0.619634 0.740234 0.621094 0.73852 0.622808 0.737439 0.624268 0.737439 0.625854 0.738139 0.62795 0.739091 0.629156 0.740298 0.629537 0.741567 0.629347 0.744235 0.62776 0.745061 0.627347 0.745886 0.626935 0.747791 0.628014 0.749188 0.629347 0.750014 0.630553 0.751094 0.631441 0.752301 0.632584 0.753697 0.63468 0.75465 0.635251 0.755463 0.636534 0.756105 0.638403 0.756398 0.640448 0.75669 0.641967 0.757684 0.642609 0.759495 0.643311 0.761481 0.643076 0.762417 0.644537 0.76265 0.645646 0.76341 0.646465 0.765046 0.646522 0.767482 0.647569 0.768799 0.648586 0.770175 0.649662 0.771012 0.65038 0.775056 0.649409 0.77636 0.649264 0.778101 0.649699 0.779261 0.649697 0.780275 0.654048 0.779333 0.656946 0.779375 0.659885 0.783552 0.666439 0.786883 0.667127 0.789153 0.667416 0.789774 0.670906 0.792238 0.67466 0.794987 0.674475 0.796103 0.67414 0.797161 0.673694 0.798889 0.672135 0.800561 0.671188 0.801173 0.669906 0.801897 0.668903 0.803012 0.667288 0.803848 0.666453 0.805798 0.664781 0.803142 0.659157 0.802824 0.652749 0.801156 0.650748 0.80035 0.647322 0.798535 0.647806 0.797567 0.644701 0.794584 0.643591 0.792659 0.644092 0.793747 0.640579 0.793412 0.636898 0.790274 0.636815 0.789354 0.637275 0.786317 0.635706 0.786478 0.632477 0.787035 0.62821 0.783588 0.624282 0.781643 0.622292 0.778975 0.622609 0.777165 0.624011 0.775989 0.624011 0.773971 0.622672 0.76777 0.61868 0.765498 0.616314 0.763321 0.612342 0.76043 0.609942
0 0.748175 0.759363 0.744669 0.760488 0.743015 0.76062 0.740897 0.759893 0.738516 0.760355 0.736729 0.761083 0.734943 0.763134 0.733487 0.764721 0.732032 0.76505 0.733223 0.768886 0.734149 0.771002 0.733289 0.775567 0.734281 0.777617 0.736267 0.777088 0.737259 0.776625 0.739442 0.777684 0.741096 0.778146 0.742883 0.778609 0.744073 0.779006 0.746058 0.777882 0.748374 0.777154 0.749498 0.776559 0.751615 0.774112 0.752872 0.769282 0.751946 0.761149
0 0.706947 0.731585 0.704814 0.732697 0.703378 0.733717 0.702126 0.734088 0.699159 0.734227 0.697119 0.734968 0.69494 0.7371 0.693643 0.738905 0.69406 0.740667 0.694431 0.743586 0.694106 0.745348 0.694523 0.748313 0.696331 0.750908 0.697907 0.752345 0.699576 0.753735 0.704142 0.753851 0.706413 0.753063 0.708592 0.752832 0.710446 0.751997 0.712718 0.751256 0.714294 0.750422 0.715499 0.748893 0.715685 0.747827 0.714804 0.743889 0.712115 0.737679 0.709473 0.732582
0 0.69109 0.755873 0.688314 0.756718 0.686624 0.75732 0.684995 0.757924 0.682882 0.761001 0.681012 0.763716 0.680287 0.764801 0.679321 0.768603 0.680408 0.770896 0.681917 0.77174 0.683063 0.773671 0.683184 0.77548 0.684511 0.777055 0.687006 0.778021 0.688585 0.776189 0.689909 0.776494 0.692506 0.776953 0.694187 0.778175 0.695867 0.778888 0.697293 0.779753 0.70096 0.7796 0.704517 0.779232 0.706194 0.776582 0.704139 0.77231 0.705815 0.769551 0.707006 0.768253 0.707979 0.767658 0.708684 0.76663 0.710686 0.758191 0.707764 0.757543 0.705383 0.757272 0.698565 0.755759 0.697158 0.756786 0.695589 0.756732 0.694562 0.75684
0 0.721408 0.805654 0.718641 0.807367 0.717389 0.808883 0.715346 0.8102 0.712907 0.812571 0.710799 0.814481 0.709547 0.815997 0.708756 0.818566 0.707833 0.820806 0.706383 0.821926 0.705395 0.824955 0.709085 0.825615 0.705329 0.831676 0.704274 0.831872 0.70322 0.835892 0.704406 0.838461 0.708579 0.839854 0.712466 0.840126 0.712849 0.843958 0.712466 0.845545 0.709575 0.84444 0.707421 0.844394 0.709623 0.849275 0.711251 0.851668 0.714123 0.851572 0.716134 0.852721 0.717714 0.854731 0.720251 0.855354 0.722693 0.856358 0.725135 0.856598 0.726236 0.857076 0.733243 0.851678 0.735479 0.849107 0.737604 0.847151 0.739225 0.845252 0.740846 0.843185 0.740454 0.836926 0.742635 0.835138 0.743809 0.833797 0.745485 0.831841 0.743904 0.827235 0.741676 0.823803 0.741134 0.822539 0.739748 0.821455 0.739447 0.816939 0.736857 0.814471 0.735593 0.810799 0.729726 0.809819
0 0.665334 0.813365 0.661983 0.813497 0.660669 0.81422 0.658435 0.815861 0.657449 0.817372 0.655937 0.819803 0.654426 0.821643 0.65298 0.822496 0.65298 0.824664 0.655215 0.826767 0.656332 0.828343 0.656266 0.830642 0.654098 0.83189 0.652718 0.833401 0.652849 0.835438 0.65436 0.837211 0.656003 0.838656 0.657186 0.839444 0.658829 0.840167 0.663561 0.842072 0.666255 0.843451 0.667985 0.844256 0.668617 0.846853 0.66925 0.848538 0.670725 0.848257 0.672901 0.846432 0.674517 0.844396 0.675359 0.844186 0.678239 0.845379 0.680205 0.843693 0.681891 0.84229 0.683085 0.840184 0.685965 0.832951 0.68161 0.832812 0.679995 0.831125 0.679503 0.82502 0.674307 0.824879 0.671918 0.822492 0.670936 0.816174
0 0.935736 0.84957 0.931109 0.850514 0.929221 0.852779 0.925821 0.852686 0.922233 0.853912 0.916757 0.856176 0.918645 0.862691 0.916757 0.865617 0.914773 0.867883 0.912602 0.870903 0.911186 0.872979 0.90958 0.873263 0.906369 0.87147 0.902498 0.874585 0.900798 0.877511 0.901271 0.879682 0.906369 0.884591 0.909107 0.884401 0.911279 0.884591 0.913734 0.884308 0.916473 0.883835 0.919117 0.885723 0.9211 0.888178 0.922705 0.889499 0.92516 0.891481 0.928843 0.894407 0.930165 0.893558 0.932054 0.892897 0.934792 0.892708 0.93923 0.891292 0.940033 0.890962 0.940836 0.890632 0.941665 0.880832 0.944979 0.875431 0.946983 0.87299 0.948291 0.871684 0.948988 0.870463 0.945501 0.865231 0.948988 0.859566 0.946373 0.85669 0.941316 0.855386 0.938526 0.851027
0 0.883175 0.897743 0.880794 0.897815 0.878846 0.899835 0.875311 0.900482 0.87495 0.902719 0.875311 0.907697 0.875022 0.909933 0.877476 0.911447 0.88 0.912745 0.881516 0.913106 0.883319 0.912962 0.885556 0.911664 0.887721 0.908635 0.889885 0.905244 0.888442 0.900484 0.886494 0.899402
0 0.873392 0.912302 0.870352 0.913689 0.868699 0.915077 0.867245 0.916068 0.865526 0.918645 0.864007 0.919504 0.863214 0.920494 0.860569 0.920625 0.860569 0.924393 0.860636 0.927233 0.862553 0.929084 0.865526 0.930471 0.86751 0.932321 0.868303 0.933709 0.86936 0.935492 0.87088 0.936285 0.872004 0.936813 0.873656 0.93688 0.874581 0.93655 0.876102 0.93569 0.877489 0.93503 0.878085 0.934237 0.879473 0.932585 0.879936 0.932387 0.88139 0.931198 0.882381 0.930669 0.883967 0.930141 0.88476 0.929942 0.886677 0.928951 0.888726 0.926242 0.887403 0.921155 0.884562 0.920825 0.882645 0.922014 0.881323 0.922278 0.879473 0.920957 0.876168 0.917653
0 0.800618 0.958257 0.795305 0.957127 0.792253 0.956901 0.789088 0.957805 0.786487 0.960743 0.783661 0.9621 0.780609 0.963907 0.778122 0.965377 0.774504 0.967449 0.774907 0.973229 0.774504 0.974171 0.776655 0.978739 0.775311 0.983982 0.773294 0.984451 0.776588 0.985461 0.774806 0.989449 0.776988 0.995169 0.775632 0.999239 0.777048 1 0.777578 1 0.806862 1 0.808008 0.998248 0.811444 0.993586 0.813244 0.991051 0.814635 0.989579 0.816353 0.987452 0.819871 0.985244 0.820853 0.983526 0.821916 0.982464 0.823389 0.980828 0.825353 0.979601 0.818971 0.977393 0.817335 0.976248 0.815126 0.974939 0.814063 0.974367 0.80989 0.963653 0.80539 0.959318
0 0.800809 0.957086 0.799543 0.951282 0.796491 0.948455 0.794407 0.945479 0.792918 0.94466 0.790908 0.941386 0.789792 0.940344 0.787708 0.938112 0.783911 0.936921 0.781529 0.935954 0.779967 0.937219 0.778701 0.938335 0.777212 0.938633 0.775575 0.937889 0.773268 0.938112 0.770215 0.939229 0.769024 0.940716 0.767387 0.941535 0.765675 0.9428 0.763665 0.944586 0.762623 0.945479 0.761134 0.947934 0.760241 0.949422 0.75905 0.951134 0.758156 0.952622 0.756444 0.952843 0.757934 0.955447 0.75652 0.960286 0.758008 0.96289 0.758529 0.963932 0.759794 0.965122 0.760687 0.967652 0.762251 0.969215 0.762995 0.970703 0.767163 0.972563 0.769248 0.971521 0.772896 0.973456 0.77431 0.973605 0.776394 0.968099 0.783241 0.963411 0.79009 0.959021
0 0.712708 0.870676 0.710131 0.872366 0.708278 0.873735 0.706104 0.876472 0.704735 0.879048 0.703769 0.881141 0.702803 0.884844 0.702561 0.886615 0.702078 0.888225 0.703769 0.892089 0.705219 0.894504 0.706185 0.89708 0.708198 0.898851 0.710694 0.900542 0.713271 0.902474 0.715526 0.903278 0.71762 0.904164 0.720841 0.904244 0.723096 0.903762 0.724143 0.903278 0.725834 0.903198 0.727767 0.902232 0.729538 0.901024 0.730585 0.899495 0.732599 0.893779 0.730513 0.889204 0.727723 0.887775 0.734052 0.886619 0.737115 0.883965 0.735686 0.87825 0.73623 0.872808 0.731125 0.873079 0.727109 0.874236 0.724659 0.875188 0.721938 0.874032 0.718874 0.872127
0 0.646661 0.774186 0.643757 0.775069 0.643126 0.777405 0.641863 0.778856 0.639843 0.779804 0.637633 0.779804 0.636433 0.781634 0.63517 0.78378 0.633718 0.785169 0.632771 0.785736 0.631571 0.787693 0.630624 0.788829 0.629234 0.789902 0.627403 0.7899 0.628351 0.792805 0.627467 0.796214 0.628414 0.799117 0.629551 0.801074 0.631255 0.801895 0.632581 0.803599 0.633781 0.803977 0.632455 0.808899 0.636433 0.810416 0.639211 0.8101 0.640727 0.811931 0.641926 0.812751 0.642999 0.814014 0.644325 0.815149 0.645336 0.815149 0.648935 0.813761 0.651167 0.815532 0.652591 0.815662 0.654014 0.81495 0.65492 0.814433 0.656279 0.813074 0.657573 0.811521 0.658221 0.810681 0.659644 0.810293 0.660227 0.810455 0.660809 0.810616 0.663526 0.809646 0.664174 0.809322 0.664756 0.809031 0.665339 0.80874 0.669569 0.806483 0.671127 0.803992 0.671999 0.796393 0.675994 0.791341 0.673635 0.787912 0.669061 0.78777 0.667702 0.788913 0.66663 0.788341 0.664485 0.78384 0.661412 0.78191 0.656979 0.778838 0.654406 0.776266 0.650276 0.772371
0 0.623128 0.811248 0.618622 0.810971 0.616265 0.812842 0.6137 0.814713 0.61162 0.816445 0.610025 0.817208 0.60545 0.817969 0.60649 0.820463 0.60552 0.824899 0.606629 0.827395 0.609401 0.828642 0.612175 0.830306 0.619779 0.833636 0.621337 0.835464 0.623775 0.834787 0.626079 0.833975 0.628179 0.833568 0.629331 0.833229 0.632515 0.826999 0.632718 0.822056 0.629602 0.82016 0.625198 0.815352
0 0.606268 0.824989 0.60431 0.824627 0.602206 0.823757 0.59916 0.82209 0.596622 0.82151 0.594446 0.820277 0.592777 0.820205 0.590603 0.82064 0.588354 0.822234 0.586323 0.824337 0.585163 0.825787 0.58393 0.826512 0.581826 0.827454 0.580812 0.828397 0.579724 0.830427 0.578636 0.832892 0.577692 0.834052 0.57646 0.834197 0.575517 0.83514 0.572833 0.83601 0.571238 0.836952 0.569715 0.837604 0.569353 0.839345 0.569063 0.841447 0.569715 0.843042 0.57043 0.84449 0.574733 0.845456 0.576227 0.846203 0.57851 0.848529 0.579477 0.849759 0.577289 0.856891 0.575281 0.858946 0.574707 0.861431 0.574803 0.866211 0.577289 0.872424 0.574698 0.877271 0.573804 0.880113 0.574856 0.882587 0.578015 0.885112 0.580331 0.885639 0.583963 0.886271 0.586147 0.885866 0.590965 0.883768 0.593374 0.883396 0.595535 0.881791 0.597944 0.881791 0.599797 0.883458 0.600284 0.883979 0.60517 0.885681 0.6096 0.885413 0.612271 0.87558 0.610251 0.873626 0.615267 0.870045 0.615192 0.865966 0.615688 0.855065 0.618565 0.849833 0.6194 0.834452 0.616059 0.832434 0.60756 0.827547
0 0.561741 0.866042 0.559003 0.86419 0.556266 0.863949 0.554333 0.864915 0.550951 0.863869 0.548535 0.86556 0.546765 0.867894 0.544912 0.870389 0.542818 0.872159 0.541128 0.874574 0.540806 0.876828 0.54145 0.877794 0.543865 0.879001 0.544751 0.880772 0.545798 0.883348 0.546522 0.884717 0.547247 0.886165 0.549904 0.888902 0.551757 0.890673 0.553528 0.892443 0.554896 0.893248 0.55691 0.893329 0.558762 0.892282 0.560211 0.891397 0.562063 0.88866 0.563513 0.886326 0.564398 0.88544 0.566572 0.883268 0.567699 0.881416 0.564801 0.87554 0.559647 0.869664
0 0.563138 0.854668 0.565428 0.852898 0.568238 0.853107 0.570529 0.854252 0.572402 0.857894 0.574276 0.858828 0.573235 0.864447 0.573651 0.866944 0.573235 0.874855 0.573651 0.877354 0.571674 0.880579 0.568863 0.880787 0.566261 0.880371 0.562201 0.869444 0.566365 0.865282
0 0.570222 0.850427 0.566806 0.847719 0.563037 0.847248 0.560093 0.848072 0.557737 0.850897 0.555028 0.85443 0.552319 0.855607 0.548433 0.855372 0.54596 0.856313 0.545018 0.859021 0.545253 0.86067 0.546549 0.86326 0.54961 0.86373 0.550671 0.865262 0.553144 0.865968 0.556324 0.86585 0.558562 0.865968 0.56292 0.86585 0.564804 0.865379 0.566335 0.864319 0.563105 0.856779 0.566106 0.854708 0.568107 0.853422
0 0.547641 0.918875 0.544984 0.921282 0.542991 0.921448 0.540749 0.92178 0.538175 0.924354 0.536017 0.926097 0.534604 0.928338 0.53203 0.92651 0.531117 0.931409 0.53203 0.934813 0.53311 0.937386 0.533608 0.940374 0.535352 0.943527 0.537096 0.945021 0.539172 0.947014 0.541579 0.947346 0.544677 0.945128 0.552637 0.945907 0.55596 0.943373 0.558515 0.941458 0.559552 0.940739 0.561707 0.938426 0.56498 0.933717 0.562825 0.92885 0.558274 0.926854 0.553645 0.92087
0 0.588561 0.941879 0.586234 0.941639 0.582785 0.939875 0.579337 0.939554 0.576369 0.940597 0.569713 0.94677 0.567227 0.946929 0.566585 0.951258 0.56843 0.953983 0.566745 0.959196 0.56859 0.962003 0.570435 0.965771 0.572119 0.966412 0.575006 0.967054 0.575889 0.967855 0.579729 0.968614 0.580036 0.969461 0.580344 0.970307 0.583113 0.972229 0.584268 0.972152 0.587375 0.978126 0.589661 0.977384 0.592532 0.976799 0.594128 0.975629 0.601134 0.971416 0.599595 0.963561 0.600199 0.957243 0.599429 0.950597 0.59272 0.945463
0 0.446711 0.78544 0.440911 0.785602 0.435918 0.788339 0.433179 0.790915 0.432857 0.796713 0.428024 0.797192 0.428508 0.806375 0.428186 0.813299 0.430118 0.817164 0.434468 0.81813 0.437045 0.81813 0.441878 0.817969 0.445905 0.817647 0.451544 0.817003 0.456055 0.813138 0.459817 0.803992 0.461915 0.80277 0.457625 0.79329 0.453335 0.786857 0.448142 0.787534
0 0.553821 0.801229 0.551861 0.801455 0.550467 0.802773 0.549411 0.803979 0.548507 0.804997 0.547264 0.806466 0.546321 0.807897 0.545869 0.809593 0.546249 0.813698 0.546276 0.816497 0.546809 0.817757 0.549194 0.818729 0.551704 0.819099 0.552516 0.819542 0.553734 0.81932 0.555765 0.818841 0.558126 0.817845 0.558459 0.817291 0.561736 0.813776 0.559954 0.810116 0.560483 0.806216 0.557449 0.803423
0 0.546825 0.801944 0.548863 0.799423 0.550561 0.79792 0.551919 0.797822 0.552404 0.797774 0.553472 0.797096 0.554878 0.795979 0.556285 0.79535 0.55774 0.795059 0.559244 0.795688 0.56036 0.796562 0.562785 0.797629 0.564096 0.799423 0.567831 0.801847 0.566812 0.804271 0.567782 0.806745 0.566764 0.809073 0.565211 0.810867 0.564241 0.813438 0.563367 0.814553 0.56201 0.816201 0.56036 0.817414 0.559195 0.818287 0.558869 0.816076 0.561711 0.813495 0.560213 0.809621 0.559282 0.805333 0.555458 0.802183 0.55117 0.802751 0.548844 0.804352 0.545278 0.8059 0.546157 0.808897 0.54533 0.811067 0.543936 0.812255 0.54254 0.810964 0.544504 0.807968
0 0.356145 0.688937 0.350414 0.691314 0.349116 0.691963 0.344358 0.694881 0.343169 0.696503 0.342412 0.698557 0.338981 0.703352 0.338243 0.706819 0.335955 0.706375 0.335513 0.711394 0.336029 0.713682 0.338687 0.714493 0.339498 0.717519 0.340015 0.719806 0.342451 0.723053 0.345625 0.724971 0.349094 0.727849 0.350201 0.729472 0.353449 0.729988 0.363997 0.732489 0.367404 0.732744 0.370726 0.732744 0.376687 0.733503 0.380075 0.73174 0.380447 0.725642 0.377247 0.722964 0.372485 0.717608 0.37442 0.714484 0.377471 0.712997 0.37798 0.706404 0.374708 0.700015 0.371968 0.692329 0.363521 0.690581
0 0.336562 0.740021 0.338359 0.737562 0.338183 0.728936 0.335854 0.723318 0.332449 0.719857 0.329858 0.716506 0.326142 0.714843 0.322259 0.715064 0.319818 0.713623 0.316823 0.712403 0.314168 0.713307 0.312092 0.71527 0.310521 0.715999 0.308726 0.717009 0.307154 0.718691 0.305695 0.720149 0.303451 0.721271 0.299523 0.722729 0.300029 0.726318 0.301544 0.728337 0.300085 0.731928 0.3016 0.733891 0.303283 0.73563 0.306089 0.7349 0.314168 0.737368 0.316704 0.735015 0.320916 0.7333 0.323151 0.733247 0.329704 0.73725
0 0.302516 0.735957 0.301373 0.737914 0.30068 0.738852 0.299904 0.740279 0.299374 0.741666 0.298967 0.74195 0.29966 0.744642 0.299007 0.74607 0.2997 0.748762 0.301414 0.751127 0.302353 0.753777 0.303902 0.756061 0.305126 0.756469 0.306872 0.75978 0.310554 0.761883 0.312236 0.764196 0.314393 0.763881 0.316497 0.764406 0.317233 0.765879 0.318285 0.767035 0.320336 0.768034 0.322229 0.768613 0.323649 0.768455 0.325069 0.76793 0.326279 0.766878 0.327805 0.765773 0.329383 0.764091 0.331013 0.763145 0.331696 0.762094 0.332906 0.760832 0.334011 0.756993 0.335325 0.752209 0.33643 0.74753 0.335904 0.740905 0.333801 0.738803 0.326174 0.735069 0.320704 0.733492 0.315865 0.736016 0.31029 0.733571
0 0.292699 0.759059 0.28915 0.759878 0.282963 0.762788 0.280051 0.767063 0.27814 0.767881 0.277139 0.77161 0.276501 0.776522 0.275955 0.781616 0.278412 0.787166 0.279322 0.790986 0.278503 0.796265 0.279413 0.800176 0.280869 0.803359 0.285167 0.807356 0.289325 0.807988 0.291585 0.808079 0.293755 0.807266 0.295201 0.806813 0.29728 0.805187 0.299179 0.805097 0.300898 0.809581 0.301774 0.812425 0.303568 0.812251 0.305363 0.809889 0.306194 0.810151 0.306852 0.810808 0.307552 0.810326 0.308033 0.809801 0.309434 0.80897 0.310002 0.808707 0.311271 0.809801 0.31206 0.81177 0.312453 0.812514 0.315129 0.812853 0.316874 0.815068 0.317911 0.816482 0.318854 0.816859 0.32008 0.816482 0.321825 0.814361 0.323758 0.813466 0.324748 0.815775 0.328515 0.815337 0.331688 0.809783 0.329109 0.804626 0.325273 0.80066 0.324172 0.796979 0.326256 0.791713 0.323375 0.789079 0.324969 0.784729 0.321442 0.783275 0.321313 0.777571 0.318135 0.775432 0.315347 0.775043 0.313271 0.773163 0.310821 0.770743 0.30763 0.772057 0.305946 0.766846 0.301849 0.765724 0.298762 0.764265
0 0.394853 0.861935 0.391782 0.864707 0.388909 0.867678 0.38574 0.871342 0.382669 0.872827 0.380589 0.876293 0.379499 0.881243 0.377626 0.882811 0.37713 0.887234 0.377092 0.891125 0.374688 0.894213 0.374765 0.898028 0.3769 0.901498 0.378236 0.901918 0.380633 0.908532 0.384238 0.913487 0.388401 0.916737 0.393153 0.917345 0.397788 0.923622 0.404035 0.923746 0.406914 0.923072 0.410525 0.921457 0.41401 0.918772 0.419084 0.913826 0.420051 0.906677 0.417022 0.904486 0.422177 0.898561 0.417795 0.895341 0.415413 0.889706 0.418132 0.888498 0.419794 0.888876 0.421532 0.888423 0.424327 0.886761 0.425838 0.884873 0.423874 0.878152 0.419945 0.873772 0.416437 0.869757 0.414311 0.869522 0.41179 0.867239 0.409507 0.869286 0.407459 0.865429 0.403679 0.864799 0.400687 0.868342 0.398009 0.863146
0 0.848986 0.598552 0.845098 0.601232 0.843489 0.602305 0.839869 0.60713 0.837992 0.61048 0.835848 0.613831 0.834238 0.616377 0.830753 0.614902 0.829277 0.617985 0.829277 0.622676 0.829412 0.62616 0.835043 0.628171 0.838663 0.629511 0.841881 0.630852 0.8455 0.630852 0.847914 0.631655 0.853946 0.636212 0.858371 0.641037 0.863999 0.636405 0.86688 0.630834 0.868698 0.62486 0.868114 0.619472 0.866403 0.613104 0.862862 0.608582 0.858142 0.60347 0.854601 0.600717 0.851191 0.600192
0 0.974616 0.841436 0.979031 0.838627 0.982376 0.836354 0.985721 0.832342 0.984384 0.82263 0.978561 0.818779 0.974171 0.81466 0.970498 0.816271 0.967184 0.819585 0.964139 0.82236 0.962705 0.825315 0.963422 0.827106 0.967453 0.832479 0.971663 0.836597 0.973544 0.838746
0 0.900246 0.754316 0.895666 0.754314 0.896133 0.757865 0.89576 0.763661 0.896227 0.767306 0.897349 0.769829 0.899031 0.772165 0.901836 0.772819 0.906771 0.775385 0.909885 0.777582 0.911899 0.777398 0.914006 0.776392 0.91593 0.775935 0.919593 0.772455 0.918951 0.764674 0.913457 0.7579 0.907321 0.752682 0.901734 0.752591
0 0.770007 0.723402 0.767188 0.722839 0.764854 0.723725 0.762437 0.726059 0.76131 0.72775 0.761391 0.730325 0.761632 0.732741 0.763887 0.734028 0.766142 0.734673 0.767108 0.735559 0.769524 0.734189 0.771135 0.733546 0.771698 0.733305 0.772262 0.733062 0.775 0.729359 0.771859 0.723886
0 0.774195 0.726703 0.777738 0.724288 0.779026 0.723644 0.780718 0.723161 0.782731 0.723241 0.784584 0.723725 0.787482 0.72469 0.789013 0.727347 0.789576 0.729118 0.790221 0.731131 0.789979 0.733787 0.78708 0.736686 0.784262 0.737571 0.782087 0.738617 0.780638 0.738456 0.777497 0.737329 0.775403 0.735559 0.773229 0.733707 0.773309 0.73258
0 0.565988 0.505285 0.563477 0.502119 0.56031 0.500591 0.555723 0.498844 0.553102 0.499936 0.55048 0.5019 0.547751 0.50583 0.54655 0.508232 0.546112 0.510634 0.547096 0.514019 0.548843 0.517839 0.550372 0.521333 0.548952 0.524171 0.553211 0.523953 0.557579 0.523517 0.562604 0.520351 0.565333 0.515328 0.564505 0.509703
0 0.557289 0.523485 0.553583 0.524983 0.551453 0.526244 0.55106 0.528451 0.55169 0.530816 0.554292 0.533812 0.556421 0.536019 0.557683 0.538226 0.558787 0.541142 0.560442 0.54264 0.564148 0.543507 0.566987 0.543271 0.568249 0.542561 0.573848 0.533732 0.570772 0.52648 0.56541 0.521988 0.559733 0.520806
0 0.461281 0.626147 0.458053 0.62644 0.455778 0.627687 0.45343 0.631282 0.449834 0.636929 0.450055 0.63737 0.450935 0.643237 0.449761 0.648007 0.451082 0.650647 0.454751 0.652261 0.45864 0.654389 0.462529 0.654976 0.465244 0.655415 0.46994 0.652921 0.471775 0.648887 0.473609 0.645586 0.473242 0.63583 0.470381 0.630328 0.466125 0.626808
0 0.464032 0.616769 0.459713 0.612861 0.457656 0.609675 0.458671 0.603744 0.454102 0.603026 0.451295 0.604267 0.449271 0.604201 0.447573 0.602309 0.444636 0.601656 0.443396 0.604396 0.441698 0.60505 0.443004 0.611704 0.442352 0.615359 0.443069 0.618231 0.446855 0.621886 0.449532 0.623713 0.452796 0.624952 0.45495 0.62554 0.457562 0.625605 0.459977 0.625409 0.463045 0.621363
0 0.428604 0.482534 0.425968 0.485424 0.425113 0.488826 0.425812 0.496089 0.428109 0.498347 0.433673 0.50021 0.435122 0.501783 0.436364 0.501534 0.440896 0.498817 0.444663 0.495358 0.443787 0.487699 0.441072 0.482228 0.436036 0.482271 0.430913 0.483803
0 0.05821 0.323749 0.052125 0.321188 0.0496699 0.323963 0.0506309 0.324388 0.0479619 0.330152 0.0508447 0.335061 0.0514844 0.337621 0.0530859 0.339115 0.0551143 0.340289 0.0567939 0.340017 0.0587471 0.339273 0.0607002 0.339552 0.0627471 0.339645 0.0654443 0.336204 0.0664678 0.333787 0.063584 0.327093
0 0.0908145 0.281079 0.0863477 0.284375 0.0842207 0.28597 0.0825186 0.288521 0.081668 0.29118 0.0821992 0.293519 0.0851777 0.293199 0.0871982 0.295007 0.0886875 0.296814 0.0908145 0.298729 0.0923037 0.300004 0.0948555 0.300217 0.0976211 0.300217 0.0994297 0.30043 0.10145 0.299473 0.0995352 0.287353 0.0949619 0.279804
0 0.0675059 0.267948 0.0628662 0.269572 0.0615898 0.270497 0.0625176 0.274323 0.0617061 0.282096 0.06275 0.286038 0.0649541 0.289053 0.0679697 0.2894 0.0690137 0.288009 0.0715664 0.284994 0.0736543 0.284994 0.075626 0.28627 0.0771338 0.28743 0.0789902 0.287661 0.0813096 0.286966 0.0828174 0.286386 0.085834 0.283371 0.088502 0.280819 0.0894297 0.278616 0.0846738 0.272007 0.0777139 0.267601 0.0723779 0.266557
0 0.0954014 0.343437 0.0928906 0.343437 0.091249 0.34614 0.0907656 0.348843 0.0910557 0.351354 0.0917314 0.353284 0.0940498 0.354636 0.0972373 0.354443 0.0995547 0.354347 0.100714 0.346623 0.0986855 0.343146
0 0.0089043 0.36843 0.00517285 0.371393 0.00253809 0.373147 0.00144043 0.373367 0 0.374353 0.000233398 0.400358 0.00133105 0.402772 0.00429395 0.402224 0.00703809 0.400907 0.00780664 0.400687 0.0085752 0.400469 0.0121973 0.397067 0.0143926 0.399151 0.0174658 0.396848 0.0213076 0.393775 0.0233926 0.392679 0.0250391 0.391252 0.0248184 0.385431 0.0250234 0.379549 0.0214805 0.37518 0.0152432 0.373238
0 0.0654619 0.483209 0.0646084 0.484605 0.06554 0.490968 0.0687988 0.492906 0.0730664 0.491433 0.075084 0.489571 0.075627 0.483443 0.072291 0.480807
1 0.554975 0.291738 0.552007 0.292675 0.546695 0.290957 0.542478 0.291426 0.538571 0.294549 0.539353 0.292359 0.535447 0.30142 0.539509 0.307823 0.542165 0.31204 0.545133 0.315319 0.551069 0.317193 0.55435 0.320941 0.557162 0.322814 0.558256 0.324532 0.564504 0.328593 0.568879 0.334996 0.579658 0.335152 0.584188 0.334371 0.588562 0.321409 0.57997 0.314538 0.57169 0.313913 0.567316 0.315631 0.562317 0.318911 0.559817 0.317193 0.555287 0.310631
0 0.708068 0.548345 0.70331 0.543475 0.700023 0.544607 0.696738 0.546759 0.694132 0.549024 0.692546 0.551742 0.691753 0.555027 0.692433 0.558765 0.695265 0.563635 0.699004 0.564654 0.70195 0.564428 0.705235 0.561256 0.707161 0.558312
0 0.701243 0.543045 0.698995 0.538647 0.696454 0.536791 0.694401 0.53601 0.692056 0.536205 0.689319 0.537183 0.68668 0.538257 0.685312 0.540016 0.684236 0.539036 0.683943 0.545194 0.684334 0.548809 0.685409 0.55174 0.686777 0.553694 0.689417 0.554476 0.691078 0.552717 0.695086 0.548711 0.698213 0.546269
0 0.689853 0.525503 0.687521 0.52327 0.685385 0.523561 0.683928 0.523658 0.681209 0.523075 0.678586 0.522396 0.67674 0.523464 0.674409 0.523949 0.674896 0.526666 0.672564 0.530939 0.674992 0.53628 0.676644 0.53997 0.67878 0.542785 0.679654 0.543076 0.680528 0.543368 0.682374 0.541135 0.684122 0.53997 0.685968 0.538513 0.68791 0.537736 0.690241 0.536183 0.692476 0.535601 0.693495 0.535601 0.694515 0.535601 0.691019 0.528707
0 0.848688 0.937229 0.843766 0.939028 0.842325 0.940349 0.839684 0.939628 0.837403 0.937229 0.834642 0.938188 0.831761 0.940229 0.82972 0.941429 0.82864 0.943469 0.82852 0.946588 0.8296 0.951389 0.832481 0.956188 0.834042 0.958828 0.835843 0.962188 0.837163 0.964108 0.838604 0.966509 0.841124 0.967708 0.843766 0.966988 0.844605 0.965188 0.846406 0.962908 0.849047 0.960509 0.851929 0.958588 0.854329 0.957389 0.85535 0.957028 0.85637 0.956668 0.858891 0.953429 0.861532 0.951628 0.85733 0.943708 0.854569 0.942269 0.853967 0.938716
0 0.747701 0.912875 0.745645 0.909895 0.744103 0.908353 0.741635 0.90825 0.739887 0.907119 0.737214 0.906194 0.734951 0.905989 0.732689 0.90753 0.730633 0.907634 0.728165 0.907941 0.72395 0.909175 0.721276 0.910923 0.720557 0.912464 0.720968 0.914931 0.723333 0.918631 0.725801 0.9212 0.727857 0.922126 0.730633 0.921611 0.732998 0.922742 0.734746 0.923976 0.73711 0.923153 0.738962 0.921406 0.744411 0.91565
0 0.706862 0.977062 0.705246 0.975446 0.702722 0.975851 0.700196 0.976557 0.697267 0.976759 0.696155 0.979183 0.694136 0.980798 0.692216 0.981101 0.689994 0.98312 0.689388 0.984534 0.690397 0.987664 0.692923 0.991299 0.696257 0.993521 0.697064 0.997357 0.700499 0.999781 0.702923 1 0.705246 1 0.710196 1 0.714034 0.999781 0.716009 0.992238 0.713571 0.982809
0 0.47094 0.69031 0.468411 0.692076 0.463985 0.697895 0.468411 0.704594 0.474987 0.713947 0.477643 0.71635 0.484092 0.713442 0.490288 0.707122 0.494334 0.703203 0.489402 0.696757 0.484724 0.694229 0.479919 0.694354
0 0.96582 0.191406 0.975586 0.191406 0.978516 0.197266 0.974609 0.203125 0.966797 0.200195
0 0.985352 0.204102 0.985352 0.210938 0.980469 0.213867 0.974609 0.208984 0.975586 0.203125 0.980469 0.202148
0 0.989258 0.210938 0.994141 0.21582 0.990234 0.222656 0.981445 0.219727 0.982422 0.212891
0 0.994141 0.21875 0.999023 0.220703 1 0.231445 0.993164 0.230469 0.987305 0.224609 0.988281 0.219727
0 0.859375 0.368164 0.864258 0.378906 0.855469 0.386719 0.848633 0.381836 0.848633 0.367188
0 0.84375 0.348633 0.848633 0.361328 0.84082 0.368164 0.831055 0.364258 0.831055 0.364258 0.826172 0.353516 0.837891 0.34668
0 0.665039 0.407227 0.675781 0.415039 0.675781 0.422852 0.669922 0.432617 0.655273 0.427734 0.661133 0.410156
0 0.683594 0.425781 0.688477 0.433594 0.68457 0.442383 0.677734 0.44043 0.675781 0.429688
0 0.918945 0.400391 0.928711 0.407227 0.929688 0.417969 0.920898 0.423828 0.913086 0.416016 0.913086 0.405273
1 0.859375 0.602539 0.867188 0.59375 0.87793 0.585938 0.883789 0.576172 0.891602 0.576172 0.894531 0.584961 0.889648 0.586914 0.888672 0.59668 0.879883 0.600586 0.879883 0.611328 0.879883 0.620117 0.871094 0.623047 0.864258 0.620117 0.864258 0.607422
0 0.850586 0.632812 0.857422 0.642578 0.845703 0.650391 0.827148 0.650391 0.822266 0.641602 0.829102 0.632812 0.837891 0.632812
0 0.820312 0.649414 0.830078 0.65918 0.827148 0.669922 0.818359 0.671875 0.811523 0.666016 0.803711 0.661133 0.810547 0.647461
0 0.779297 0.669922 0.788086 0.673828 0.787109 0.685547 0.777344 0.695312 0.770508 0.693359 0.762695 0.682617 0.771484 0.669922
0 0.680664 0.953125 0.685547 0.961914 0.683594 0.97168 0.672852 0.974609 0.666016 0.966797 0.667969 0.954102
0 0.521484 0.743164 0.525391 0.754883 0.518555 0.760742 0.508789 0.753906 0.513672 0.746094
0 0.50293 0.753906 0.505859 0.762695 0.501953 0.768555 0.493164 0.770508 0.490234 0.761719
0 0.68457 0.649414 0.6875 0.65918 0.678711 0.666992 0.669922 0.65918 0.674805 0.648438
0 0.693359 0.658203 0.704102 0.664062 0.710938 0.675781 0.706055 0.683594 0.696289 0.683594 0.685547 0.674805 0.683594 0.665039
0 0.527344 0.547852 0.525391 0.561523 0.519531 0.571289 0.511719 0.572266 0.511719 0.572266 0.505859 0.5625 0.510742 0.549805 0.519531 0.548828
0 0.512695 0.577148 0.511719 0.583984 0.516602 0.586914 0.513672 0.59082 0.503906 0.585938 0.50293 0.578125 0.5 0.574219 0.510742 0.572266
0 0.573242 0.541992 0.578125 0.546875 0.583984 0.551758 0.581055 0.557617 0.572266 0.555664 0.567383 0.545898
0 0.558594 0.365234 0.561523 0.374023 0.55957 0.386719 0.548828 0.391602 0.539062 0.382812 0.548828 0.370117
0 0.595703 0.323242 0.607422 0.332031 0.604492 0.344727 0.597656 0.350586 0.582031 0.353516 0.582031 0.353516 0.574219 0.341797 0.580078 0.330078
0 0.65332 0.28418 0.663086 0.28418 0.662109 0.298828 0.652344 0.302734 0.640625 0.298828 0.640625 0.290039
0 0.625 0.273438 0.629883 0.282227 0.636719 0.285156 0.639648 0.293945 0.631836 0.300781 0.620117 0.298828 0.614258 0.282227 0.619141 0.273438
0 0.631836 0.262695 0.641602 0.263672 0.648438 0.272461 0.641602 0.283203 0.631836 0.28418 0.624023 0.279297 0.624023 0.267578
0 0.625 0.248047 0.633789 0.25 0.637695 0.258789 0.628906 0.263672 0.629883 0.263672 0.621094 0.262695 0.615234 0.264648 0.610352 0.257812 0.617188 0.253906
0 0.614258 0.231445 0.621094 0.238281 0.626953 0.246094 0.619141 0.254883 0.610352 0.251953 0.602539 0.250977 0.599609 0.245117 0.608398 0.240234
0 0.334961 0.236328 0.337891 0.243164 0.330078 0.250977 0.321289 0.24707 0.323242 0.238281
0 0.306641 0.260742 0.310547 0.269531 0.304688 0.275391 0.295898 0.271484 0.300781 0.263672
0 0.286133 0.271484 0.288086 0.276367 0.283203 0.28125 0.276367 0.283203 0.275391 0.275391 0.280273 0.273438
0 0.210938 0.344727 0.225586 0.350586 0.226562 0.359375 0.21875 0.367188 0.203125 0.368164 0.195312 0.358398 0.200195 0.348633
0 0.0410156 0.259766 0.0488281 0.269531 0.0517578 0.275391 0.0478516 0.28418 0.0390625 0.286133 0.0302734 0.28418 0.0292969 0.269531 0.0341797 0.260742 0.0341797 0.260742
0 0.0537109 0.270508 0.0595703 0.276367 0.0605469 0.286133 0.0546875 0.293945 0.0458984 0.294922 0.0429688 0.285156 0.046875 0.275391
0 0.0712891 0.300781 0.0771484 0.307617 0.0771484 0.307617 0.0761719 0.31543 0.0664062 0.322266 0.0537109 0.318359 0.0546875 0.308594 0.0615234 0.301758
0 0.108398 0.355469 0.109375 0.363281 0.104492 0.365234 0.100586 0.359375
0 0.0927734 0.363281 0.0927734 0.373047 0.0849609 0.37207 0.0800781 0.367188 0.0849609 0.363281
1 0.0810547 0.375 0.0888672 0.378906 0.0976562 0.37207 0.102539 0.375977 0.107422 0.379883 0.105469 0.386719 0.100586 0.393555 0.101562 0.402344 0.0947266 0.407227 0.0898438 0.40625 0.0722656 0.386719 0.0761719 0.378906
0 0.124023 0.431641 0.125977 0.436523 0.120117 0.441406 0.117188 0.436523
0 0.106445 0.44043 0.109375 0.445312 0.104492 0.448242 0.0996094 0.445312 0.0996094 0.446289
0 0.0947266 0.450195 0.100586 0.450195 0.102539 0.455078 0.0976562 0.458984 0.0927734 0.455078
0 0.00292969 0.435547 0.0107422 0.44043 0.0107422 0.44043 0.0107422 0.448242 0.00585938 0.453125 0 0.445312 0 0.446289
0 0.0537109 0.479492 0.0615234 0.480469 0.0615234 0.488281 0.0566406 0.490234 0.0527344 0.488281 0.0488281 0.483398
0 0.107422 0.505859 0.113281 0.507812 0.116211 0.512695 0.111328 0.515625 0.106445 0.513672 0.103516 0.508789
0 0.255859 0.551758 0.261719 0.557617 0.262695 0.566406 0.251953 0.574219 0.243164 0.571289 0.237305 0.563477 0.244141 0.553711
0 0.428711 0.499023 0.430664 0.50293 0.425781 0.508789 0.418945 0.510742 0.416992 0.504883 0.422852 0.5
0 0.388672 0.525391 0.396484 0.526367 0.396484 0.53418 0.391602 0.537109 0.385742 0.532227
0 0.267578 0.62207 0.271484 0.625977 0.268555 0.632812 0.259766 0.632812 0.261719 0.624023
1 0.286133 0.625 0.292969 0.631836 0.292969 0.643555 0.291992 0.648438 0.288086 0.648438 0.283203 0.65332 0.274414 0.661133 0.263672 0.665039 0.255859 0.666992 0.253906 0.661133 0.259766 0.651367 0.267578 0.634766 0.27832 0.62793
0 0.46582 0.598633 0.47168 0.604492 0.46875 0.611328 0.469727 0.611328 0.460938 0.612305 0.458008 0.602539
0 0.4375 0.620117 0.441406 0.625 0.438477 0.632812 0.432617 0.628906 0.428711 0.625977 0.432617 0.620117
0 0.435547 0.629883 0.436523 0.637695 0.43457 0.643555 0.43457 0.643555 0.424805 0.644531 0.422852 0.633789 0.426758 0.62793
1 0.412109 0.644531 0.423828 0.643555 0.43457 0.646484 0.441406 0.65332 0.441406 0.65332 0.448242 0.655273 0.457031 0.661133 0.458008 0.661133 0.462891 0.663086 0.463867 0.671875 0.46582 0.677734 0.458008 0.682617 0.444336 0.681641 0.426758 0.673828 0.418945 0.674805 0.411133 0.685547 0.399414 0.69043 0.392578 0.6875 0.391602 0.683594 0.384766 0.685547 0.378906 0.677734 0.387695 0.666992 0.396484 0.664062 0.400391 0.65625
0 0.455078 0.94043 0.458008 0.945312 0.458008 0.950195 0.453125 0.953125 0.448242 0.948242 0.448242 0.94043
0 0.298828 0.882812 0.306641 0.888672 0.316406 0.899414 0.316406 0.908203 0.316406 0.908203 0.305664 0.911133 0.293945 0.898438 0.290039 0.891602 0.291992 0.884766
0 0.212891 0.832031 0.217773 0.841797 0.214844 0.850586 0.205078 0.856445 0.197266 0.848633 0.202148 0.834961
0 0.256836 0.948242 0.258789 0.955078 0.249023 0.960938 0.245117 0.957031 0.24707 0.946289
0 0.158203 0.894531 0.160156 0.905273 0.15625 0.911133 0.144531 0.912109 0.139648 0.904297 0.143555 0.892578 0.151367 0.889648
1 0.0820312 0.807617 0.0878906 0.806641 0.0898438 0.813477 0.0830078 0.820312 0.0800781 0.827148 0.0800781 0.828125 0.078125 0.834961 0.0703125 0.835938 0.0634766 0.829102 0.0664062 0.820312 0.0742188 0.813477
0 0.118164 0.786133 0.120117 0.790039 0.117188 0.795898 0.110352 0.796875 0.107422 0.791992 0.111328 0.786133
