0 0.269531 0 0.262695 0.00585938 0.276367 0.0117188 0.272461 0.0195312 0.25293 0.0361328 0.257812 0.0361328 0.266602 0.0449219 0.291016 0.0332031 0.276367 0.0654297 0.302734 0.0439453 0.299805 0.0654297 0.317383 0.0419922 0.320312 0.0654297 0.331055 0.0537109 0.350586 0.0644531 0.34668 0.0371094 0.358398 0.0410156 0.359375 0.0332031 0.37207 0.0292969 0.342773 0.0126953 0.370117 0
0 0.358398 0 0.379883 0.0078125 0.362305 0.0205078 0.375 0.0234375 0.362305 0.0488281 0.376953 0.0419922 0.37793 0.0478516 0.40625 0.0341797 0.40625 0.0341797 0.400391 0.0576172 0.415039 0.0595703 0.428711 0.0458984 0.438477 0.0644531 0.442383 0.0419922 0.484375 0.0498047 0.477539 0.0400391 0.482422 0.0341797 0.462891 0.0224609 0.478516 0.0107422 0.467773 0.00488281 0.480469 0
0 0.481445 0 0.47168 0.015625 0.490234 0.0175781 0.474609 0.0302734 0.486328 0.0322266 0.479492 0.0400391 0.505859 0.0390625 0.495117 0.0683594 0.532227 0.0498047 0.53418 0.0390625 0.541992 0.0498047 0.550781 0.0400391 0.555664 0.0429688 0.560547 0.0361328 0.575195 0.0458984 0.586914 0.0410156 0.564453 0.0234375 0.617188 0
0 0.603516 0.00585938 0.583984 0.0273438 0.618164 0.0214844 0.601562 0.0537109 0.619141 0.0449219 0.612305 0.0615234 0.612305 0.0615234 0.637695 0.046875 0.643555 0.0546875 0.645508 0.0478516 0.654297 0.0654297 0.664062 0.0361328 0.691406 0.0478516 0.704102 0.0488281 0.699219 0.0380859 0.677734 0.0195312 0.728516 0.00390625 0.708984 0 0.608398 0
0 0.708008 0.0146484 0.685547 0.0205078 0.704102 0.0253906 0.711914 0.0410156 0.711914 0.0419922 0.705078 0.0615234 0.741211 0.0400391 0.748047 0.0556641 0.75293 0.0371094 0.762695 0.0488281 0.770508 0.0566406 0.77832 0.0429688 0.804688 0.0556641 0.814453 0.0566406 0.801758 0.0351562 0.787109 0.0283203 0.81543 0.0263672 0.808594 0.0175781 0.783203 0.0166016 0.806641 0.000976562 0.723633 0 0.729492 0.0107422
0 0.806641 0 0.816406 0.0078125 0.794922 0.0146484 0.805664 0.0195312 0.796875 0.0292969 0.822266 0.0292969 0.811523 0.046875 0.837891 0.0449219 0.84375 0.0546875 0.859375 0.0429688 0.879883 0.0566406 0.883789 0.0410156 0.894531 0.0458984 0.901367 0.0332031 0.920898 0.0371094 0.933594 0.0283203 0.919922 0.0126953 0.90625 0.0117188 0.905273 0
0 0.950195 0 0.952148 0.00683594 0.935547 0.00683594 0.907227 0.00878906 0.922852 0.015625 0.949219 0.0253906 0.944336 0.0302734 0.913086 0.0576172 0.94043 0.0478516 0.967773 0.0341797 0.967773 0.0546875 0.985352 0.0322266 1 0.0380859 1 0
0 1 0.154297 0.994141 0.165039 0.988281 0.149414 0.976562 0.167969 0.967773 0.15332 0.946289 0.166992 0.949219 0.152344 0.93457 0.155273 0.941406 0.139648 0.919922 0.147461 0.9375 0.124023 0.917969 0.120117 0.920898 0.109375 0.933594 0.105469 0.916016 0.0986328 0.93457 0.0917969 0.923828 0.0722656 0.945312 0.0791016 0.938477 0.0625 0.933594 0.0537109 0.944336 0.0527344 0.944336 0.0410156 0.959961 0.0498047 0.975586 0.0292969 0.983398 0.0449219 0.992188 0.0322266 0.999023 0.0507812
0 0.908203 0.124023 0.908203 0.147461 0.889648 0.124023 0.87207 0.154297 0.859375 0.157227 0.867188 0.129883 0.842773 0.152344 0.845703 0.131836 0.826172 0.134766 0.836914 0.121094 0.820312 0.119141 0.821289 0.119141 0.842773 0.108398 0.820312 0.0996094 0.837891 0.0908203 0.813477 0.0751953 0.835938 0.0751953 0.823242 0.0634766 0.832031 0.0634766 0.833008 0.0546875 0.856445 0.0576172 0.857422 0.0351562 0.875977 0.0546875 0.880859 0.0380859 0.881836 0.0380859 0.899414 0.0400391 0.912109 0.0322266 0.914062 0.0449219 0.932617 0.0478516 0.925781 0.0625 0.943359 0.0712891 0.943359 0.0722656 0.922852 0.0839844 0.939453 0.0947266 0.919922 0.100586 0.93457 0.116211 0.917969 0.116211 0.927734 0.140625 0.927734 0.141602
0 0.793945 0.0527344 0.813477 0.046875 0.813477 0.0556641 0.827148 0.0527344 0.81543 0.0693359 0.831055 0.0722656 0.821289 0.0869141 0.833008 0.0957031 0.817383 0.100586 0.837891 0.117188 0.837891 0.117188 0.816406 0.115234 0.827148 0.132812 0.828125 0.132812 0.811523 0.132812 0.80957 0.150391 0.795898 0.138672 0.783203 0.124023 0.783203 0.125 0.779297 0.131836 0.772461 0.126953 0.760742 0.158203 0.754883 0.138672 0.732422 0.158203 0.731445 0.141602 0.737305 0.131836 0.728516 0.129883 0.708008 0.135742 0.712891 0.120117 0.713867 0.120117 0.700195 0.124023 0.705078 0.113281 0.69043 0.109375 0.713867 0.0966797 0.69043 0.0869141 0.708984 0.0810547 0.699219 0.0693359 0.714844 0.0664062 0.71582 0.0625 0.724609 0.0615234 0.725586 0.0429688 0.740234 0.0566406 0.751953 0.0380859 0.758789 0.0537109 0.769531 0.0322266 0.770508 0.0507812 0.785156 0.0439453
0 0.661133 0.0507812 0.678711 0.0361328 0.678711 0.0566406 0.679688 0.0664062 0.686523 0.0595703 0.712891 0.0527344 0.693359 0.0761719 0.714844 0.0810547 0.703125 0.0888672 0.712891 0.0976562 0.700195 0.104492 0.716797 0.123047 0.712891 0.125977 0.685547 0.117188 0.695312 0.146484 0.69043 0.154297 0.675781 0.144531 0.65918 0.125 0.652344 0.12207 0.646484 0.150391 0.636719 0.158203 0.625977 0.149414 0.628906 0.132812 0.633789 0.115234 0.604492 0.136719 0.602539 0.125977 0.613281 0.109375 0.595703 0.110352 0.583008 0.100586 0.603516 0.0917969 0.591797 0.0751953 0.600586 0.0722656 0.609375 0.0693359 0.604492 0.0556641 0.625 0.0605469 0.625 0.0605469 0.625 0.03125 0.639648 0.0498047 0.651367 0.0371094
0 0.540039 0.125 0.538086 0.15625 0.545898 0.161133 0.553711 0.147461 0.556641 0.140625 0.563477 0.141602 0.569336 0.125977 0.585938 0.150391 0.591797 0.129883 0.580078 0.109375 0.598633 0.109375 0.608398 0.106445 0.603516 0.0849609 0.584961 0.0830078 0.607422 0.0546875 0.598633 0.0429688 0.589844 0.0507812 0.585938 0.0341797 0.563477 0.0419922 0.554688 0.0341797 0.548828 0.046875 0.530273 0.0351562 0.526367 0.0556641 0.514648 0.0449219 0.512695 0.0507812 0.49707 0.0556641 0.490234 0.0673828 0.506836 0.0771484 0.496094 0.0839844 0.498047 0.101562 0.500977 0.110352 0.491211 0.12793 0.505859 0.126953 0.508789 0.143555
0 0.449219 0.0517578 0.458984 0.0371094 0.461914 0.046875 0.477539 0.0371094 0.476562 0.0537109 0.476562 0.0537109 0.46582 0.0761719 0.486328 0.078125 0.506836 0.0791016 0.499023 0.0976562 0.480469 0.104492 0.480469 0.104492 0.485352 0.118164 0.509766 0.131836 0.505859 0.137695 0.475586 0.125977 0.477539 0.146484 0.461914 0.139648 0.453125 0.154297 0.441406 0.141602 0.429688 0.163086 0.421875 0.145508 0.404297 0.157227 0.402344 0.137695 0.408203 0.126953 0.393555 0.128906 0.393555 0.119141 0.378906 0.121094 0.390625 0.110352 0.375 0.0986328 0.394531 0.0947266 0.382812 0.078125 0.391602 0.0742188 0.385742 0.0644531 0.391602 0.0634766 0.394531 0.0478516 0.419922 0.0644531 0.422852 0.0371094 0.4375 0.0449219 0.448242 0.0410156
0 0.303711 0.0722656 0.318359 0.0595703 0.331055 0.0537109 0.347656 0.0517578 0.350586 0.0644531 0.348633 0.0712891 0.371094 0.0742188 0.373047 0.0839844 0.386719 0.0986328 0.365234 0.101562 0.378906 0.111328 0.378906 0.112305 0.371094 0.117188 0.382812 0.128906 0.382812 0.136719 0.357422 0.12207 0.357422 0.144531 0.330078 0.137695 0.321289 0.160156 0.303711 0.129883 0.286133 0.139648 0.286133 0.121094 0.292969 0.109375 0.28125 0.114258 0.273438 0.106445 0.290039 0.0976562 0.279297 0.0869141 0.287109 0.0810547 0.288086 0.0634766
0 0.332031 0.142578 0.335938 0.150391 0.349609 0.135742 0.349609 0.144531 0.360352 0.132812 0.366211 0.15332 0.378906 0.135742 0.37793 0.147461 0.383789 0.152344 0.382812 0.163086 0.396484 0.158203 0.410156 0.163086 0.392578 0.178711 0.401367 0.1875 0.390625 0.193359 0.412109 0.211914 0.395508 0.211914 0.397461 0.219727 0.397461 0.219727 0.393555 0.223633 0.383789 0.216797 0.375977 0.216797 0.375 0.231445 0.380859 0.243164 0.368164 0.232422 0.364258 0.222656 0.356445 0.243164 0.352539 0.227539 0.348633 0.213867 0.333984 0.237305 0.331055 0.217773 0.325195 0.208008 0.325195 0.208008 0.31543 0.217773 0.314453 0.196289 0.303711 0.182617 0.313477 0.178711 0.305664 0.171875 0.311523 0.164062 0.319336 0.168945 0.318359 0.15625 0.328125 0.15918
0 0.43457 0.160156 0.438477 0.162109 0.441406 0.140625 0.456055 0.155273 0.46582 0.144531 0.472656 0.15332 0.5 0.144531 0.500977 0.150391 0.494141 0.157227 0.509766 0.161133 0.5 0.168945 0.507812 0.177734 0.50293 0.18457 0.515625 0.186523 0.507812 0.193359 0.512695 0.204102 0.499023 0.207031 0.509766 0.217773 0.507812 0.223633 0.5 0.220703 0.512695 0.235352 0.507812 0.239258 0.489258 0.230469 0.479492 0.231445 0.482422 0.249023 0.469727 0.254883 0.46582 0.244141 0.460938 0.224609 0.455078 0.232422 0.458984 0.241211 0.454102 0.245117 0.443359 0.240234 0.43457 0.244141 0.432617 0.232422 0.443359 0.216797 0.428711 0.217773 0.419922 0.224609 0.416016 0.213867 0.415039 0.206055 0.410156 0.194336 0.418945 0.191406 0.419922 0.186523 0.40918 0.175781 0.425781 0.173828 0.416016 0.161133 0.430664 0.166992
0 0.523438 0.158203 0.537109 0.160156 0.543945 0.166016 0.566406 0.152344 0.583984 0.15625 0.583008 0.163086 0.579102 0.171875 0.600586 0.166992 0.601562 0.172852 0.584961 0.185547 0.601562 0.192383 0.601562 0.196289 0.583984 0.198242 0.589844 0.205078 0.583984 0.208008 0.586914 0.227539 0.56543 0.21875 0.576172 0.248047 0.560547 0.231445 0.558594 0.243164 0.553711 0.24707 0.553711 0.24707 0.548828 0.233398 0.541016 0.226562 0.530273 0.237305 0.526367 0.232422 0.529297 0.222656 0.516602 0.227539 0.525391 0.211914 0.514648 0.212891 0.507812 0.204102 0.512695 0.198242 0.504883 0.19043 0.505859 0.18457 0.525391 0.185547 0.510742 0.167969 0.522461 0.171875 0.514648 0.160156
0 0.689453 0.151367 0.699219 0.160156 0.704102 0.147461 0.717773 0.143555 0.72168 0.162109 0.740234 0.150391 0.739258 0.157227 0.748047 0.161133 0.738281 0.175781 0.727539 0.19043 0.746094 0.222656 0.745117 0.230469 0.726562 0.217773 0.722656 0.245117 0.714844 0.239258 0.695312 0.239258 0.692383 0.226562 0.679688 0.229492 0.674805 0.214844 0.666992 0.202148 0.661133 0.191406 0.664062 0.180664 0.671875 0.181641 0.675781 0.178711 0.667969 0.168945 0.679688 0.166016 0.681641 0.145508
0 0.800781 0.149414 0.814453 0.147461 0.826172 0.139648 0.822266 0.155273 0.839844 0.154297 0.825195 0.178711 0.842773 0.183594 0.828125 0.191406 0.84082 0.203125 0.822266 0.208008 0.822266 0.208008 0.837891 0.227539 0.829102 0.225586 0.803711 0.207031 0.810547 0.225586 0.811523 0.249023 0.801758 0.239258 0.798828 0.257812 0.791992 0.25293 0.783203 0.234375 0.771484 0.25293 0.768555 0.245117 0.771484 0.228516 0.767578 0.219727 0.741211 0.231445 0.741211 0.21582 0.75 0.203125 0.729492 0.198242 0.723633 0.188477 0.724609 0.188477 0.741211 0.176758 0.757812 0.171875 0.743164 0.157227 0.744141 0.147461 0.764648 0.157227 0.770508 0.144531 0.774414 0.152344 0.776367 0.131836 0.788086 0.12207 0.793945 0.138672
0 0.875 0.148438 0.882812 0.155273 0.882812 0.141602 0.896484 0.129883 0.900391 0.15332 0.911133 0.145508 0.910156 0.15918 0.931641 0.152344 0.935547 0.15918 0.923828 0.173828 0.951172 0.177734 0.952148 0.18457 0.932617 0.192383 0.944336 0.206055 0.919922 0.206055 0.919922 0.206055 0.924805 0.223633 0.931641 0.239258 0.916016 0.226562 0.905273 0.22168 0.917969 0.25 0.908203 0.241211 0.890625 0.214844 0.885742 0.239258 0.883789 0.253906 0.879883 0.260742 0.879883 0.260742 0.874023 0.243164 0.857422 0.253906 0.864258 0.222656 0.864258 0.222656 0.845703 0.233398 0.848633 0.224609 0.829102 0.228516 0.844727 0.214844 0.821289 0.211914 0.838867 0.199219 0.859375 0.194336 0.845703 0.1875 0.831055 0.170898 0.84668 0.166992 0.855469 0.171875 0.84668 0.157227 0.856445 0.138672
0 0.992188 0.174805 0.966797 0.154297 0.961914 0.160156 0.966797 0.168945 0.964844 0.171875 0.972656 0.180664 0.946289 0.177734 0.946289 0.177734 0.945312 0.1875 0.969727 0.199219 0.969727 0.211914 0.958984 0.224609 0.974609 0.229492 0.978516 0.239258 0.994141 0.227539 1 0.229492 1 0.149414 0.986328 0.146484
1 0.000976562 0.402344 0.0205078 0.396484 0.0371094 0.398438 0.0429688 0.400391 0.0488281 0.404297 0.0644531 0.404297 0.0703125 0.401367 0.0761719 0.397461 0.0810547 0.396484 0.0859375 0.395508 0.102539 0.394531 0.107422 0.396484 0.112305 0.399414 0.117188 0.401367 0.124023 0.401367 0.148438 0.401367 0.154297 0.401367 0.161133 0.398438 0.166992 0.398438 0.172852 0.398438 0.176758 0.401367 0.181641 0.405273 0.185547 0.408203 0.195312 0.414062 0.206055 0.419922 0.213867 0.423828 0.21875 0.426758 0.223633 0.427734 0.229492 0.426758 0.233398 0.423828 0.238281 0.427734 0.238281 0.432617 0.233398 0.4375 0.232422 0.443359 0.225586 0.460938 0.219727 0.46582 0.214844 0.467773 0.208984 0.47168 0.203125 0.476562 0.203125 0.481445 0.202148 0.493164 0.200195 0.504883 0.198242 0.509766 0.205078 0.513672 0.211914 0.520508 0.211914 0.526367 0.208984 0.540039 0.206055 0.553711 0.204102 0.571289 0.203125 0.577148 0.208984 0.576172 0.214844 0.581055 0.22168 0.589844 0.22168 0.59668 0.220703 0.613281 0.220703 0.619141 0.222656 0.625 0.226562 0.628906 0.228516 0.633789 0.228516 0.639648 0.229492 0.650391 0.231445 0.65918 0.236328 0.660156 0.245117 0.666992 0.248047 0.671875 0.25 0.677734 0.25 0.683594 0.249023 0.689453 0.246094 0.696289 0.240234 0.708008 0.233398 0.708984 0.232422 0.713867 0.231445 0.723633 0.231445 0.734375 0.230469 0.745117 0.231445 0.755859 0.236328 0.763672 0.237305 0.769531 0.237305 0.77832 0.238281 0.791992 0.241211 0.797852 0.248047 0.800781 0.256836 0.807617 0.258789 0.8125 0.260742 0.817383 0.260742 0.825195 0.259766 0.845703 0.257812 0.858398 0.25 0.879883 0.24707 0.891602 0.24707 0.896484 0.248047 0.901367 0.251953 0.905273 0.253906 0.911133 0.257812 0.921875 0.257812 0.936523 0.257812 0.941406 0.262695 0.945312 0.268555 0.945312 0.27832 0.949219 0.280273 0.955078 0.280273 0.960938 0.276367 0.96582 0.276367 0.970703 0.277344 0.975586 0.280273 0.980469 0.286133 0.989258 0.289062 1 0 1
