1 0 0.706055 0.0166016 0.697266 0.0214844 0.699219 0.0273438 0.701172 0.0371094 0.706055 0.0429688 0.708008 0.0488281 0.708984 0.0585938 0.708984 0.0693359 0.708008 0.0878906 0.705078 0.0947266 0.700195 0.106445 0.697266 0.116211 0.697266 0.12207 0.697266 0.125 0.702148 0.132812 0.707031 0.138672 0.704102 0.143555 0.702148 0.150391 0.700195 0.155273 0.700195 0.162109 0.700195 0.168945 0.700195 0.173828 0.702148 0.174805 0.708008 0.178711 0.711914 0.186523 0.713867 0.193359 0.713867 0.210938 0.71582 0.214844 0.719727 0.219727 0.723633 0.225586 0.724609 0.230469 0.726562 0.235352 0.730469 0.233398 0.736328 0.230469 0.742188 0.228516 0.74707 0.228516 0.75293 0.225586 0.763672 0.223633 0.768555 0.222656 0.773438 0.219727 0.785156 0.219727 0.790039 0.219727 0.794922 0.21875 0.800781 0.216797 0.805664 0.214844 0.8125 0.213867 0.824219 0.213867 0.829102 0.213867 0.833984 0.212891 0.839844 0.211914 0.850586 0.210938 0.856445 0.210938 0.875977 0.216797 0.886719 0.224609 0.893555 0.225586 0.900391 0.228516 0.918945 0.235352 0.928711 0.239258 0.942383 0.242188 0.948242 0.25 0.958008 0.253906 0.963867 0.257812 0.974609 0.261719 0.985352 0.262695 0.991211 0.262695 0.996094 0 1
0 0.254883 0.0224609 0.272461 0 0.272461 0 0.272461 0.0273438 0.297852 0.0273438 0.292969 0.0302734 0.293945 0.0410156 0.300781 0.0595703 0.300781 0.0751953 0.28418 0.0712891 0.283203 0.0859375 0.283203 0.0859375 0.261719 0.0732422 0.230469 0.0859375 0.222656 0.0703125 0.217773 0.0595703 0.202148 0.0517578 0.212891 0.0341797 0.209961 0.0136719 0.224609 0.0166016 0.233398 0 0.254883 0
0 0.388672 0.00390625 0.398438 0.0175781 0.398438 0.0175781 0.411133 0.0351562 0.421875 0.0498047 0.411133 0.0556641 0.405273 0.0722656 0.390625 0.0771484 0.382812 0.0878906 0.362305 0.0771484 0.34375 0.0996094 0.332031 0.0810547 0.307617 0.0820312 0.296875 0.0585938 0.291016 0.0322266 0.308594 0.0273438 0.31543 0
0 0.292969 0.108398 0.311523 0.100586 0.323242 0.117188 0.316406 0.129883 0.293945 0.141602 0.319336 0.148438 0.318359 0.163086 0.313477 0.162109 0.290039 0.168945 0.302734 0.185547 0.286133 0.195312 0.266602 0.179688 0.260742 0.198242 0.253906 0.185547 0.253906 0.185547 0.239258 0.185547 0.226562 0.170898 0.21582 0.164062 0.21582 0.149414 0.227539 0.135742 0.214844 0.132812 0.212891 0.116211 0.231445 0.114258 0.232422 0.0957031 0.258789 0.0771484 0.260742 0.0996094 0.260742 0.0996094 0.289062 0.0820312
0 0.408203 0.0751953 0.419922 0.078125 0.419922 0.0898438 0.432617 0.0888672 0.432617 0.0888672 0.427734 0.102539 0.436523 0.121094 0.436523 0.121094 0.439453 0.133789 0.431641 0.146484 0.439453 0.172852 0.415039 0.160156 0.412109 0.168945 0.401367 0.180664 0.400391 0.186523 0.379883 0.170898 0.357422 0.192383 0.344727 0.1875 0.365234 0.152344 0.34082 0.158203 0.314453 0.154297 0.332031 0.145508 0.320312 0.136719 0.3125 0.120117 0.321289 0.100586 0.341797 0.0830078 0.341797 0.0898438 0.361328 0.0742188 0.382812 0.0839844 0.398438 0.0712891
0 0.483398 0.0722656 0.504883 0.0742188 0.5 0.0898438 0.526367 0.0859375 0.53418 0.0917969 0.527344 0.0976562 0.529297 0.106445 0.545898 0.112305 0.541992 0.124023 0.544922 0.134766 0.527344 0.142578 0.519531 0.155273 0.494141 0.143555 0.489258 0.160156 0.476562 0.152344 0.458008 0.169922 0.442383 0.177734 0.433594 0.165039 0.454102 0.151367 0.431641 0.152344 0.424805 0.138672 0.436523 0.130859 0.423828 0.105469 0.435547 0.0986328 0.439453 0.0771484 0.453125 0.0869141 0.461914 0.0683594
0 0.600586 0.0078125 0.616211 0 0.616211 0.00683594 0.62793 0.0107422 0.621094 0.0224609 0.644531 0.0263672 0.633789 0.0351562 0.645508 0.0429688 0.647461 0.0566406 0.647461 0.0566406 0.638672 0.0585938 0.646484 0.0732422 0.630859 0.0742188 0.62793 0.0908203 0.614258 0.0761719 0.609375 0.0869141 0.59668 0.0732422 0.59668 0.0732422 0.585938 0.0908203 0.569336 0.0869141 0.544922 0.101562 0.551758 0.0791016 0.538086 0.078125 0.52832 0.0722656 0.52832 0.0722656 0.538086 0.0634766 0.527344 0.0498047 0.53418 0.0478516 0.547852 0.046875 0.53125 0.0302734 0.543945 0.0166016 0.544922 0.000976562 0.553711 0.00976562 0.56543 0 0.572266 0.0078125 0.585938 0
0 0.729492 0.0126953 0.743164 0.0166016 0.738281 0.0205078 0.729492 0.0332031 0.75293 0.0478516 0.741211 0.0527344 0.743164 0.0693359 0.728516 0.0732422 0.728516 0.0859375 0.712891 0.0947266 0.702148 0.0751953 0.688477 0.0878906 0.669922 0.103516 0.660156 0.0947266 0.645508 0.0966797 0.65918 0.078125 0.644531 0.0693359 0.658203 0.0566406 0.637695 0.0556641 0.630859 0.0224609 0.660156 0.0322266 0.657227 0.0273438 0.646484 0.0126953 0.649414 0.00878906 0.65332 0 0.679688 0 0.677734 0.0107422 0.688477 0 0.742188 0
0 0.828125 0.0078125 0.84375 0 0.844727 0.0126953 0.833008 0.0390625 0.861328 0.0380859 0.861328 0.0498047 0.831055 0.0585938 0.837891 0.0703125 0.869141 0.0878906 0.839844 0.0859375 0.813477 0.0761719 0.803711 0.0761719 0.795898 0.104492 0.795898 0.104492 0.78418 0.0908203 0.75293 0.0986328 0.739258 0.0986328 0.766602 0.0751953 0.740234 0.0722656 0.730469 0.0576172 0.759766 0.0546875 0.723633 0.0351562 0.739258 0.03125 0.729492 0.00683594 0.739258 0 0.819336 0
0 0.626953 0.111328 0.651367 0.0927734 0.654297 0.102539 0.639648 0.112305 0.657227 0.118164 0.65625 0.126953 0.639648 0.132812 0.660156 0.15332 0.639648 0.151367 0.629883 0.169922 0.619141 0.177734 0.600586 0.157227 0.599609 0.1875 0.584961 0.186523 0.577148 0.170898 0.563477 0.174805 0.563477 0.174805 0.560547 0.161133 0.541016 0.15625 0.555664 0.148438 0.542969 0.136719 0.539062 0.120117 0.5625 0.124023 0.551758 0.100586 0.5625 0.102539 0.563477 0.0839844 0.568359 0.0830078 0.582031 0.0898438 0.59668 0.0722656 0.606445 0.0830078 0.621094 0.0722656 0.635742 0.0859375
0 0.71582 0.0908203 0.734375 0.0761719 0.741211 0.0859375 0.738281 0.0957031 0.754883 0.0947266 0.755859 0.111328 0.743164 0.120117 0.763672 0.121094 0.762695 0.130859 0.746094 0.137695 0.753906 0.164062 0.746094 0.173828 0.727539 0.152344 0.719727 0.185547 0.699219 0.171875 0.682617 0.18457 0.675781 0.167969 0.664062 0.158203 0.664062 0.158203 0.631836 0.150391 0.646484 0.133789 0.667969 0.134766 0.651367 0.12207 0.654297 0.102539 0.667969 0.106445 0.6875 0.0878906 0.704102 0.0751953
0 0.81543 0.0947266 0.831055 0.0849609 0.830078 0.0986328 0.842773 0.0878906 0.841797 0.100586 0.855469 0.100586 0.847656 0.114258 0.867188 0.130859 0.852539 0.138672 0.849609 0.155273 0.855469 0.170898 0.834961 0.170898 0.830078 0.194336 0.80957 0.189453 0.795898 0.176758 0.767578 0.192383 0.77832 0.169922 0.756836 0.167969 0.761719 0.151367 0.739258 0.142578 0.766602 0.134766 0.751953 0.121094 0.754883 0.106445 0.773438 0.0917969 0.792969 0.0976562 0.803711 0.0703125
0 0.3125 0.204102 0.333008 0.191406 0.341797 0.193359 0.328125 0.214844 0.355469 0.213867 0.355469 0.231445 0.325195 0.236328 0.349609 0.245117 0.357422 0.255859 0.335938 0.256836 0.345703 0.275391 0.335938 0.276367 0.322266 0.267578 0.324219 0.280273 0.324219 0.280273 0.314453 0.285156 0.308594 0.276367 0.306641 0.255859 0.298828 0.266602 0.290039 0.264648 0.28418 0.285156 0.271484 0.263672 0.262695 0.265625 0.265625 0.24707 0.245117 0.238281 0.263672 0.228516 0.244141 0.219727 0.266602 0.207031 0.266602 0.207031 0.267578 0.186523 0.276367 0.199219 0.276367 0.199219 0.287109 0.188477 0.290039 0.201172 0.305664 0.186523
0 0.433594 0.180664 0.443359 0.180664 0.448242 0.192383 0.439453 0.205078 0.431641 0.213867 0.450195 0.21582 0.453125 0.231445 0.431641 0.230469 0.438477 0.246094 0.442383 0.268555 0.423828 0.24707 0.423828 0.24707 0.415039 0.250977 0.396484 0.282227 0.391602 0.268555 0.381836 0.274414 0.381836 0.261719 0.387695 0.243164 0.373047 0.254883 0.358398 0.257812 0.350586 0.24707 0.375 0.227539 0.354492 0.229492 0.348633 0.209961 0.357422 0.198242 0.360352 0.183594 0.395508 0.164062 0.400391 0.178711 0.416016 0.162109 0.433594 0.167969
0 0.514648 0.162109 0.541992 0.143555 0.544922 0.15625 0.555664 0.157227 0.546875 0.169922 0.555664 0.166016 0.571289 0.176758 0.561523 0.185547 0.566406 0.197266 0.555664 0.202148 0.572266 0.209961 0.568359 0.21875 0.566406 0.228516 0.552734 0.241211 0.561523 0.253906 0.553711 0.261719 0.52832 0.251953 0.529297 0.272461 0.512695 0.263672 0.507812 0.273438 0.491211 0.264648 0.491211 0.246094 0.478516 0.256836 0.473633 0.266602 0.466797 0.253906 0.475586 0.238281 0.458984 0.241211 0.446289 0.236328 0.436523 0.211914 0.448242 0.205078 0.442383 0.201172 0.443359 0.189453 0.457031 0.189453 0.443359 0.177734 0.462891 0.162109 0.472656 0.166016 0.464844 0.15332 0.485352 0.158203 0.489258 0.143555 0.50293 0.144531
0 0.636719 0.157227 0.635742 0.188477 0.668945 0.189453 0.65918 0.204102 0.678711 0.22168 0.657227 0.222656 0.678711 0.240234 0.666992 0.243164 0.668945 0.263672 0.65332 0.248047 0.65332 0.262695 0.638672 0.254883 0.635742 0.275391 0.625977 0.261719 0.615234 0.28125 0.611328 0.259766 0.59082 0.274414 0.583008 0.262695 0.570312 0.260742 0.592773 0.241211 0.55957 0.24707 0.577148 0.227539 0.564453 0.224609 0.553711 0.214844 0.571289 0.202148 0.555664 0.185547 0.583984 0.186523 0.586914 0.171875 0.600586 0.155273 0.618164 0.174805
0 0.933594 0 0.930664 0.0107422 0.944336 0.0126953 0.94043 0.0283203 0.962891 0.0439453 0.952148 0.0527344 0.952148 0.0527344 0.959961 0.0732422 0.957031 0.0878906 0.920898 0.0791016 0.920898 0.0791016 0.920898 0.0947266 0.910156 0.107422 0.90332 0.0957031 0.894531 0.104492 0.884766 0.0898438 0.865234 0.103516 0.864258 0.0800781 0.832031 0.0732422 0.855469 0.0595703 0.855469 0.0595703 0.838867 0.0449219 0.854492 0.0361328 0.838867 0.0283203 0.839844 0.0166016 0.865234 0.0234375 0.867188 0 0.882812 0.00292969 0.886719 0.0117188 0.889648 0 0.908203 0
0 0.939453 0.108398 0.951172 0.104492 0.951172 0.104492 0.947266 0.115234 0.955078 0.117188 0.949219 0.121094 0.936523 0.133789 0.954102 0.147461 0.939453 0.15332 0.948242 0.167969 0.927734 0.167969 0.917969 0.186523 0.90332 0.172852 0.864258 0.194336 0.859375 0.178711 0.864258 0.176758 0.874023 0.15918 0.852539 0.158203 0.84375 0.140625 0.868164 0.138672 0.853516 0.120117 0.870117 0.118164 0.87207 0.0957031 0.885742 0.105469 0.898438 0.0957031 0.898438 0.0957031 0.907227 0.113281 0.924805 0.0888672
0 1 0.0986328 0.991211 0.0859375 0.981445 0.0976562 0.969727 0.0869141 0.969727 0.107422 0.948242 0.0996094 0.966797 0.125977 0.938477 0.134766 0.941406 0.149414 0.959961 0.149414 0.952148 0.163086 0.974609 0.166992 0.975586 0.175781 1 0.172852
0 0.743164 0.182617 0.758789 0.160156 0.762695 0.18457 0.791992 0.181641 0.791016 0.196289 0.779297 0.212891 0.801758 0.232422 0.791992 0.241211 0.776367 0.235352 0.771484 0.254883 0.776367 0.273438 0.74707 0.257812 0.732422 0.290039 0.724609 0.273438 0.714844 0.28418 0.708008 0.275391 0.696289 0.271484 0.697266 0.245117 0.681641 0.25 0.667969 0.245117 0.667969 0.233398 0.691406 0.225586 0.673828 0.210938 0.658203 0.196289 0.673828 0.193359 0.667969 0.179688 0.691406 0.180664 0.697266 0.166016 0.712891 0.175781 0.725586 0.147461
0 0.855469 0.173828 0.869141 0.168945 0.869141 0.168945 0.873047 0.189453 0.87793 0.1875 0.896484 0.182617 0.894531 0.197266 0.897461 0.209961 0.897461 0.209961 0.889648 0.213867 0.911133 0.224609 0.911133 0.224609 0.908203 0.232422 0.908203 0.232422 0.87793 0.238281 0.888672 0.260742 0.888672 0.260742 0.879883 0.270508 0.875977 0.267578 0.856445 0.257812 0.853516 0.282227 0.831055 0.27832 0.826172 0.255859 0.803711 0.267578 0.793945 0.262695 0.799805 0.24707 0.787109 0.243164 0.801758 0.228516 0.776367 0.21582 0.779297 0.196289 0.798828 0.204102 0.792969 0.189453 0.821289 0.19043 0.836914 0.166992
0 0.976562 0.194336 0.992188 0.173828 1 0.171875 1 0.269531 0.980469 0.263672 0.982422 0.28125 0.970703 0.277344 0.957031 0.289062 0.944336 0.276367 0.928711 0.285156 0.926758 0.273438 0.908203 0.27832 0.914062 0.265625 0.894531 0.267578 0.907227 0.256836 0.891602 0.249023 0.897461 0.227539 0.913086 0.222656 0.887695 0.208008 0.891602 0.189453 0.926758 0.191406 0.922852 0.164062 0.944336 0.157227 0.952148 0.175781 0.97168 0.163086 0.982422 0.167969
0 0.328125 0.28418 0.337891 0.277344 0.341797 0.293945 0.342773 0.302734 0.351562 0.304688 0.361328 0.322266 0.34082 0.331055 0.365234 0.352539 0.360352 0.355469 0.359375 0.362305 0.34375 0.362305 0.350586 0.379883 0.331055 0.370117 0.325195 0.387695 0.316406 0.365234 0.30957 0.384766 0.304688 0.358398 0.27832 0.382812 0.285156 0.352539 0.264648 0.354492 0.272461 0.345703 0.258789 0.335938 0.273438 0.324219 0.264648 0.292969 0.28125 0.300781 0.282227 0.288086 0.297852 0.267578 0.307617 0.286133 0.314453 0.301758
0 0.436523 0.280273 0.452148 0.270508 0.456055 0.290039 0.454102 0.305664 0.485352 0.3125 0.479492 0.316406 0.46582 0.326172 0.480469 0.335938 0.46582 0.339844 0.470703 0.344727 0.485352 0.365234 0.450195 0.358398 0.453125 0.369141 0.43457 0.366211 0.435547 0.379883 0.432617 0.375977 0.418945 0.368164 0.405273 0.381836 0.397461 0.361328 0.37793 0.368164 0.359375 0.348633 0.381836 0.339844 0.360352 0.330078 0.34668 0.316406 0.368164 0.307617 0.383789 0.308594 0.374023 0.288086 0.376953 0.275391 0.376953 0.275391 0.395508 0.291016 0.407227 0.270508 0.407227 0.270508 0.417969 0.28125 0.429688 0.270508
0 0.5625 0.293945 0.586914 0.275391 0.584961 0.286133 0.602539 0.287109 0.595703 0.299805 0.573242 0.320312 0.613281 0.316406 0.613281 0.316406 0.59375 0.325195 0.605469 0.335938 0.595703 0.34668 0.575195 0.348633 0.587891 0.367188 0.566406 0.368164 0.549805 0.382812 0.544922 0.389648 0.521484 0.384766 0.493164 0.380859 0.508789 0.364258 0.486328 0.365234 0.473633 0.356445 0.5 0.348633 0.469727 0.347656 0.489258 0.335938 0.469727 0.326172 0.469727 0.326172 0.489258 0.323242 0.477539 0.298828 0.504883 0.307617 0.504883 0.307617 0.495117 0.291992 0.513672 0.270508 0.522461 0.286133 0.53418 0.283203 0.540039 0.261719 0.554688 0.263672
0 0.698242 0.28125 0.696289 0.301758 0.696289 0.301758 0.69043 0.317383 0.71875 0.325195 0.708008 0.333984 0.682617 0.342773 0.706055 0.364258 0.701172 0.375 0.675781 0.367188 0.666992 0.376953 0.65625 0.37207 0.642578 0.385742 0.635742 0.375 0.612305 0.388672 0.615234 0.375977 0.602539 0.380859 0.616211 0.356445 0.598633 0.353516 0.587891 0.348633 0.600586 0.334961 0.586914 0.31543 0.614258 0.323242 0.607422 0.311523 0.602539 0.290039 0.616211 0.292969 0.617188 0.28125 0.617188 0.28125 0.634766 0.288086 0.643555 0.302734 0.631836 0.27832 0.640625 0.266602 0.645508 0.272461 0.658203 0.268555 0.664062 0.289062 0.671875 0.294922
0 0.759766 0.285156 0.770508 0.275391 0.773438 0.283203 0.786133 0.275391 0.791992 0.288086 0.810547 0.285156 0.80957 0.297852 0.829102 0.299805 0.829102 0.299805 0.821289 0.3125 0.820312 0.321289 0.80957 0.335938 0.835938 0.34375 0.81543 0.357422 0.800781 0.356445 0.816406 0.381836 0.783203 0.37793 0.77832 0.390625 0.765625 0.376953 0.754883 0.392578 0.737305 0.373047 0.730469 0.375977 0.706055 0.390625 0.698242 0.383789 0.717773 0.368164 0.706055 0.352539 0.683594 0.34375 0.71582 0.335938 0.703125 0.307617 0.706055 0.282227 0.713867 0.294922 0.717773 0.291992 0.722656 0.283203 0.736328 0.292969 0.749023 0.268555
0 0.334961 0.37793 0.345703 0.367188 0.345703 0.367188 0.352539 0.374023 0.352539 0.392578 0.370117 0.381836 0.375977 0.395508 0.375977 0.395508 0.383789 0.407227 0.37793 0.415039 0.357422 0.415039 0.374023 0.429688 0.379883 0.448242 0.351562 0.44043 0.352539 0.461914 0.342773 0.458984 0.337891 0.464844 0.327148 0.460938 0.324219 0.470703 0.307617 0.457031 0.291016 0.458008 0.282227 0.449219 0.282227 0.449219 0.291016 0.4375 0.274414 0.44043 0.283203 0.418945 0.285156 0.395508 0.291992 0.382812 0.302734 0.395508 0.31543 0.375977
0 0.447266 0.375 0.462891 0.355469 0.474609 0.353516 0.478516 0.379883 0.478516 0.379883 0.470703 0.399414 0.5 0.391602 0.487305 0.40332 0.50293 0.420898 0.476562 0.426758 0.507812 0.450195 0.477539 0.448242 0.477539 0.463867 0.453125 0.453125 0.450195 0.46582 0.436523 0.460938 0.432617 0.479492 0.423828 0.482422 0.418945 0.466797 0.405273 0.47168 0.404297 0.457031 0.388672 0.456055 0.397461 0.447266 0.385742 0.432617 0.375 0.420898 0.375 0.420898 0.388672 0.417969 0.384766 0.408203 0.386719 0.387695 0.397461 0.375977 0.407227 0.382812 0.420898 0.363281 0.431641 0.374023 0.431641 0.374023 0.4375 0.361328
0 0.368164 0.46582 0.378906 0.455078 0.379883 0.472656 0.385742 0.480469 0.407227 0.475586 0.40918 0.482422 0.386719 0.498047 0.404297 0.505859 0.404297 0.505859 0.398438 0.512695 0.416992 0.527344 0.396484 0.53418 0.37207 0.521484 0.378906 0.539062 0.365234 0.535156 0.356445 0.546875 0.351562 0.530273 0.330078 0.543945 0.329102 0.52832 0.3125 0.535156 0.321289 0.515625 0.302734 0.506836 0.316406 0.483398 0.332031 0.493164 0.324219 0.460938 0.324219 0.460938 0.354492 0.455078 0.360352 0.449219
0 0.485352 0.474609 0.5 0.467773 0.505859 0.473633 0.513672 0.483398 0.506836 0.49707 0.525391 0.506836 0.522461 0.510742 0.514648 0.520508 0.514648 0.520508 0.5 0.523438 0.516602 0.542969 0.507812 0.548828 0.507812 0.548828 0.487305 0.539062 0.487305 0.539062 0.490234 0.552734 0.478516 0.567383 0.478516 0.567383 0.46582 0.545898 0.457031 0.553711 0.438477 0.556641 0.435547 0.544922 0.421875 0.551758 0.425781 0.539062 0.40625 0.532227 0.416016 0.500977 0.424805 0.504883 0.422852 0.483398 0.43457 0.46582 0.44043 0.475586 0.456055 0.451172 0.456055 0.451172 0.466797 0.464844 0.475586 0.459961
0 0.584961 0.364258 0.599609 0.37207 0.599609 0.37207 0.601562 0.381836 0.576172 0.407227 0.608398 0.416016 0.580078 0.428711 0.59668 0.456055 0.585938 0.467773 0.567383 0.439453 0.572266 0.46875 0.56543 0.474609 0.555664 0.460938 0.551758 0.475586 0.535156 0.469727 0.535156 0.450195 0.523438 0.460938 0.510742 0.463867 0.508789 0.445312 0.492188 0.433594 0.50293 0.425781 0.493164 0.417969 0.482422 0.396484 0.49707 0.397461 0.493164 0.379883 0.520508 0.367188 0.529297 0.382812 0.549805 0.37207 0.573242 0.361328
0 0.571289 0.472656 0.583008 0.470703 0.583008 0.470703 0.583984 0.482422 0.608398 0.483398 0.608398 0.483398 0.592773 0.5 0.605469 0.508789 0.587891 0.518555 0.59375 0.532227 0.584961 0.530273 0.585938 0.547852 0.573242 0.541016 0.571289 0.560547 0.561523 0.544922 0.555664 0.5625 0.544922 0.541016 0.532227 0.548828 0.514648 0.541992 0.518555 0.525391 0.506836 0.511719 0.521484 0.495117 0.515625 0.475586 0.521484 0.475586 0.541016 0.485352 0.552734 0.459961
0 0.668945 0.371094 0.686523 0.365234 0.681641 0.387695 0.700195 0.379883 0.706055 0.386719 0.688477 0.40918 0.704102 0.414062 0.704102 0.414062 0.702148 0.43457 0.691406 0.435547 0.708008 0.459961 0.693359 0.474609 0.662109 0.462891 0.648438 0.454102 0.642578 0.467773 0.629883 0.474609 0.630859 0.443359 0.619141 0.450195 0.604492 0.452148 0.597656 0.445312 0.614258 0.43457 0.591797 0.432617 0.583984 0.421875 0.583008 0.402344 0.602539 0.395508 0.602539 0.373047 0.602539 0.373047 0.623047 0.383789 0.632812 0.364258 0.639648 0.378906 0.658203 0.365234
0 0.826172 0.37793 0.810547 0.395508 0.823242 0.397461 0.818359 0.402344 0.823242 0.40918 0.835938 0.419922 0.835938 0.419922 0.829102 0.427734 0.832031 0.43457 0.825195 0.445312 0.825195 0.445312 0.827148 0.458008 0.8125 0.461914 0.807617 0.46582 0.793945 0.485352 0.785156 0.457031 0.785156 0.457031 0.770508 0.487305 0.755859 0.464844 0.735352 0.480469 0.728516 0.455078 0.712891 0.460938 0.712891 0.446289 0.695312 0.44043 0.689453 0.428711 0.694336 0.405273 0.698242 0.390625 0.720703 0.384766 0.728516 0.375 0.728516 0.375 0.749023 0.390625 0.774414 0.37207 0.783203 0.385742
0 0.727539 0.480469 0.741211 0.472656 0.750977 0.486328 0.746094 0.496094 0.757812 0.501953 0.741211 0.520508 0.755859 0.526367 0.750977 0.529297 0.743164 0.548828 0.731445 0.541016 0.720703 0.5625 0.71875 0.556641 0.708008 0.546875 0.680664 0.546875 0.670898 0.53418 0.675781 0.520508 0.660156 0.515625 0.665039 0.498047 0.683594 0.493164 0.677734 0.466797 0.699219 0.472656 0.705078 0.458008 0.72168 0.460938
0 0.860352 0.300781 0.871094 0.27832 0.883789 0.307617 0.90332 0.294922 0.910156 0.299805 0.904297 0.325195 0.919922 0.336914 0.926758 0.349609 0.911133 0.350586 0.910156 0.361328 0.890625 0.378906 0.878906 0.383789 0.863281 0.362305 0.859375 0.383789 0.845703 0.386719 0.849609 0.364258 0.830078 0.374023 0.813477 0.369141 0.827148 0.348633 0.804688 0.331055 0.836914 0.321289 0.823242 0.296875 0.828125 0.289062 0.84375 0.300781
0 1 0.293945 0.978516 0.282227 0.970703 0.295898 0.966797 0.31543 0.945312 0.289062 0.94043 0.296875 0.950195 0.325195 0.912109 0.324219 0.921875 0.341797 0.947266 0.351562 0.926758 0.360352 0.920898 0.379883 0.926758 0.37793 0.948242 0.374023 0.966797 0.370117 0.969727 0.381836 0.983398 0.389648 0.985352 0.365234 1 0.369141
0 0.884766 0.382812 0.913086 0.359375 0.920898 0.374023 0.913086 0.386719 0.917969 0.382812 0.938477 0.375 0.94043 0.397461 0.933594 0.412109 0.921875 0.416016 0.936523 0.429688 0.936523 0.429688 0.924805 0.441406 0.921875 0.456055 0.910156 0.457031 0.910156 0.480469 0.893555 0.457031 0.876953 0.469727 0.858398 0.476562 0.868164 0.457031 0.835938 0.472656 0.845703 0.455078 0.827148 0.458008 0.821289 0.44043 0.827148 0.439453 0.847656 0.425781 0.813477 0.397461 0.835938 0.400391 0.835938 0.395508 0.823242 0.378906 0.837891 0.379883 0.839844 0.365234 0.839844 0.365234 0.854492 0.384766 0.865234 0.360352
0 1 0.370117 0.991211 0.360352 0.984375 0.37793 0.949219 0.371094 0.954102 0.380859 0.932617 0.379883 0.94043 0.391602 0.929688 0.407227 0.9375 0.415039 0.922852 0.416992 0.925781 0.430664 0.925781 0.430664 0.923828 0.443359 0.924805 0.460938 0.924805 0.460938 0.94043 0.462891 0.9375 0.483398 0.9375 0.483398 0.954102 0.481445 0.951172 0.492188 0.964844 0.485352 0.964844 0.492188 0.983398 0.485352 0.998047 0.5
0 1 0.492188 0.966797 0.483398 0.966797 0.5 0.947266 0.506836 0.96875 0.523438 0.958984 0.547852 0.977539 0.547852 0.99707 0.557617 0.99707 0.557617
0 0.925781 0.49707 0.956055 0.499023 0.93457 0.514648 0.948242 0.530273 0.942383 0.532227 0.920898 0.532227 0.93457 0.55957 0.912109 0.553711 0.916016 0.569336 0.897461 0.553711 0.883789 0.575195 0.875977 0.561523 0.861328 0.576172 0.858398 0.55957 0.841797 0.55957 0.850586 0.547852 0.833008 0.544922 0.848633 0.537109 0.829102 0.530273 0.852539 0.518555 0.829102 0.505859 0.845703 0.5 0.836914 0.486328 0.849609 0.488281 0.849609 0.463867 0.880859 0.464844 0.900391 0.450195 0.910156 0.462891 0.919922 0.455078 0.932617 0.461914 0.932617 0.479492 0.939453 0.485352 0.939453 0.485352
0 0.820312 0.483398 0.841797 0.474609 0.836914 0.491211 0.820312 0.500977 0.839844 0.503906 0.839844 0.510742 0.826172 0.513672 0.844727 0.520508 0.837891 0.530273 0.823242 0.532227 0.824219 0.543945 0.814453 0.552734 0.817383 0.569336 0.803711 0.564453 0.803711 0.564453 0.800781 0.575195 0.790039 0.56543 0.771484 0.566406 0.765625 0.545898 0.740234 0.554688 0.745117 0.52832 0.733398 0.518555 0.751953 0.505859 0.741211 0.490234 0.742188 0.466797 0.753906 0.456055 0.769531 0.478516 0.789062 0.454102 0.793945 0.472656 0.806641 0.461914 0.810547 0.46875 0.825195 0.458984 0.825195 0.469727
