0 0 0.0419922 0.0253906 0.0507812 0.0332031 0.0507812 0.0244141 0.0341797 0.000976562 0.0195312 0.0253906 0.0136719 0.0498047 0.000976562 0.000976562 0
0 0.00488281 0.0419922 0.00683594 0.0634766 0.0322266 0.0595703 0.0166016 0.0800781 0.0224609 0.0820312 0.0195312 0.0898438 0.0380859 0.100586 0.0244141 0.107422 0.0361328 0.119141 0.0136719 0.120117 0.0205078 0.15625 0.000976562 0.145508 0 0.0498047
0 0.0175781 0.152344 0.0234375 0.154297 0.0341797 0.138672 0.0390625 0.147461 0.0488281 0.140625 0.0507812 0.15918 0.0693359 0.147461 0.0683594 0.157227 0.078125 0.161133 0.0732422 0.166992 0.0859375 0.171875 0.0712891 0.18457 0.0849609 0.192383 0.0595703 0.197266 0.0732422 0.226562 0.0517578 0.21582 0.0478516 0.246094 0.0400391 0.236328 0.0205078 0.241211 0.0205078 0.229492 0.00683594 0.229492 0 0.214844 0 0.181641 0.00292969 0.166992 0.00292969 0.149414
0 0.00878906 0.0195312 0.0410156 0.0136719 0.0283203 0.00683594 0.0292969 0 0.135742 0 0.112305 0.0166016 0.152344 0.0166016 0.144531 0.0253906 0.115234 0.0283203 0.134766 0.0419922 0.142578 0.0537109 0.118164 0.0478516 0.110352 0.0458984 0.0976562 0.0576172 0.0732422 0.0390625 0.0410156 0.0605469 0.0214844 0.0644531 0.0419922 0.0458984 0.0341797 0.0371094 0.0400391 0.0302734 0.0205078 0.0292969
0 0.0927734 0.0400391 0.0947266 0.0527344 0.111328 0.0488281 0.111328 0.0576172 0.134766 0.0478516 0.134766 0.0566406 0.151367 0.0556641 0.139648 0.0722656 0.164062 0.0742188 0.145508 0.0869141 0.161133 0.0927734 0.163086 0.0986328 0.145508 0.101562 0.164062 0.115234 0.138672 0.116211 0.152344 0.129883 0.152344 0.129883 0.151367 0.134766 0.130859 0.12793 0.135742 0.142578 0.134766 0.150391 0.120117 0.139648 0.107422 0.124023 0.107422 0.129883 0.0957031 0.126953 0.0957031 0.12793 0.0927734 0.144531 0.0859375 0.15332 0.0791016 0.134766 0.0673828 0.149414 0.0576172 0.158203 0.0576172 0.144531 0.0654297 0.129883 0.0527344 0.129883 0.0351562 0.132812 0.0380859 0.124023 0.0224609 0.12207 0.0380859 0.112305 0.0205078 0.109375 0.0419922 0.0976562 0.0332031 0.0917969 0.0146484 0.0849609 0.0380859 0.0791016 0.0263672 0.0712891 0.0371094 0.0664062 0.0429688 0.0673828 0.0527344 0.0615234 0.046875 0.0478516 0.0644531 0.0498047 0.0742188 0.0361328
0 0.134766 0.000976562 0.12207 0.0185547 0.134766 0.0214844 0.132812 0.0273438 0.151367 0.0283203 0.141602 0.0400391 0.140625 0.0458984 0.140625 0.046875 0.151367 0.0458984 0.162109 0.0439453 0.172852 0.0380859 0.182617 0.0429688 0.193359 0.0351562 0.206055 0.0537109 0.210938 0.0439453 0.216797 0.0478516 0.228516 0.0410156 0.241211 0.0283203 0.250977 0.0195312 0.242188 0.0107422 0.228516 0.0117188 0.228516 0.0126953 0.226562 0
0 0.164062 0.0507812 0.15625 0.0546875 0.158203 0.0605469 0.149414 0.0595703 0.161133 0.0712891 0.145508 0.078125 0.164062 0.0888672 0.145508 0.09375 0.145508 0.09375 0.160156 0.102539 0.144531 0.12207 0.15625 0.12207 0.152344 0.131836 0.169922 0.128906 0.169922 0.128906 0.166992 0.147461 0.173828 0.146484 0.19043 0.133789 0.188477 0.151367 0.197266 0.148438 0.209961 0.130859 0.234375 0.149414 0.238281 0.130859 0.25 0.138672 0.244141 0.123047 0.249023 0.115234 0.258789 0.112305 0.25 0.0986328 0.240234 0.0957031 0.25 0.0859375 0.266602 0.0712891 0.265625 0.0644531 0.245117 0.0693359 0.246094 0.0605469 0.233398 0.0644531 0.242188 0.046875 0.235352 0.0283203 0.224609 0.0429688 0.208984 0.0595703 0.1875 0.0351562 0.18457 0.0439453 0.172852 0.0341797 0.170898 0.0449219
0 0.120117 0.135742 0.123047 0.150391 0.136719 0.132812 0.137695 0.142578 0.150391 0.137695 0.145508 0.15625 0.161133 0.154297 0.150391 0.175781 0.164062 0.181641 0.151367 0.19043 0.160156 0.199219 0.148438 0.214844 0.128906 0.208008 0.132812 0.222656 0.140625 0.246094 0.135742 0.256836 0.130859 0.248047 0.12793 0.238281 0.125 0.255859 0.125 0.260742 0.118164 0.254883 0.114258 0.239258 0.103516 0.24707 0.09375 0.256836 0.0927734 0.243164 0.0927734 0.243164 0.0986328 0.228516 0.09375 0.21875 0.0683594 0.232422 0.0683594 0.233398 0.0664062 0.21875 0.0732422 0.211914 0.0742188 0.204102 0.0644531 0.196289 0.0644531 0.183594 0.078125 0.179688 0.0810547 0.168945 0.0654297 0.145508 0.0859375 0.152344 0.0976562 0.144531 0.102539 0.12793 0.116211 0.124023
0 0.186523 0.142578 0.200195 0.147461 0.208984 0.154297 0.208984 0.138672 0.21582 0.128906 0.223633 0.141602 0.228516 0.147461 0.231445 0.135742 0.238281 0.129883 0.242188 0.148438 0.242188 0.160156 0.249023 0.15625 0.258789 0.154297 0.258789 0.162109 0.251953 0.167969 0.249023 0.172852 0.259766 0.181641 0.276367 0.179688 0.276367 0.179688 0.266602 0.188477 0.262695 0.193359 0.271484 0.204102 0.262695 0.208008 0.25293 0.207031 0.25293 0.21875 0.243164 0.223633 0.234375 0.226562 0.242188 0.25 0.231445 0.244141 0.223633 0.240234 0.229492 0.233398 0.223633 0.220703 0.21582 0.217773 0.212891 0.237305 0.21582 0.238281 0.208008 0.262695 0.197266 0.242188 0.186523 0.255859 0.186523 0.242188 0.192383 0.228516 0.192383 0.228516 0.172852 0.236328 0.174805 0.226562 0.15918 0.230469 0.161133 0.21875 0.183594 0.208008 0.15625 0.211914 0.148438 0.206055 0.166992 0.199219 0.18457 0.194336 0.167969 0.1875 0.160156 0.168945 0.174805 0.171875 0.1875 0.178711 0.177734 0.165039 0.174805 0.152344 0.18457 0.151367
0 0.291992 0.158203 0.304688 0.165039 0.316406 0.175781 0.322266 0.157227 0.333008 0.147461 0.332031 0.161133 0.333984 0.171875 0.353516 0.157227 0.355469 0.15918 0.371094 0.154297 0.376953 0.15918 0.373047 0.173828 0.373047 0.173828 0.366211 0.182617 0.381836 0.1875 0.381836 0.1875 0.378906 0.194336 0.383789 0.202148 0.378906 0.208008 0.363281 0.206055 0.367188 0.214844 0.367188 0.214844 0.369141 0.226562 0.358398 0.234375 0.347656 0.244141 0.338867 0.225586 0.337891 0.248047 0.329102 0.25293 0.321289 0.244141 0.322266 0.227539 0.304688 0.244141 0.299805 0.231445 0.28418 0.226562 0.293945 0.214844 0.292969 0.197266 0.275391 0.193359 0.266602 0.177734 0.276367 0.177734 0.288086 0.181641 0.302734 0.185547 0.291016 0.176758 0.291016 0.167969 0.285156 0.160156
0 0.274414 0.151367 0.273438 0.164062 0.289062 0.15332 0.292969 0.166016 0.306641 0.15918 0.313477 0.149414 0.320312 0.165039 0.328125 0.155273 0.333984 0.146484 0.348633 0.157227 0.353516 0.149414 0.359375 0.160156 0.359375 0.140625 0.370117 0.142578 0.375977 0.139648 0.362305 0.121094 0.347656 0.110352 0.380859 0.105469 0.359375 0.09375 0.383789 0.078125 0.383789 0.0791016 0.367188 0.0742188 0.373047 0.0595703 0.359375 0.0654297 0.368164 0.0507812 0.34082 0.0595703 0.345703 0.0371094 0.329102 0.0439453 0.316406 0.0283203 0.313477 0.0458984 0.299805 0.0361328 0.291016 0.0507812 0.271484 0.0429688 0.275391 0.0527344 0.256836 0.0537109 0.265625 0.0634766 0.251953 0.0742188 0.262695 0.0888672 0.249023 0.09375 0.249023 0.100586 0.255859 0.103516 0.255859 0.103516 0.245117 0.110352 0.245117 0.118164 0.257812 0.12207 0.24707 0.140625 0.256836 0.144531 0.271484 0.137695 0.262695 0.15332
0 0.242188 0.0107422 0.256836 0.00390625 0.28125 0.00488281 0.282227 0 0.34668 0 0.339844 0.00878906 0.355469 0.0107422 0.357422 0.0195312 0.353516 0.0234375 0.351562 0.0332031 0.344727 0.03125 0.34375 0.0400391 0.322266 0.0332031 0.311523 0.0341797 0.302734 0.0498047 0.28418 0.0546875 0.28418 0.0439453 0.293945 0.0332031 0.283203 0.0371094 0.267578 0.0478516 0.248047 0.0556641 0.242188 0.0507812 0.25 0.0429688 0.27832 0.0253906 0.254883 0.0205078
0 0.365234 0 0.349609 0.00878906 0.348633 0.0185547 0.356445 0.0214844 0.369141 0.0195312 0.363281 0.0292969 0.348633 0.0390625 0.348633 0.046875 0.359375 0.0449219 0.359375 0.0537109 0.378906 0.046875 0.367188 0.0654297 0.384766 0.0595703 0.382812 0.0722656 0.395508 0.0732422 0.408203 0.0654297 0.411133 0.0537109 0.421875 0.0546875 0.426758 0.0361328 0.43457 0.0371094 0.442383 0.0273438 0.453125 0.0253906 0.462891 0.0166016 0.458984 0.00195312
0 0.422852 0.0683594 0.426758 0.0488281 0.426758 0.0498047 0.442383 0.0283203 0.446289 0.0478516 0.445312 0.0625 0.458008 0.0488281 0.458984 0.0498047 0.461914 0.0595703 0.466797 0.0585938 0.459961 0.0771484 0.478516 0.0703125 0.495117 0.0703125 0.487305 0.0820312 0.470703 0.0898438 0.495117 0.0966797 0.480469 0.105469 0.464844 0.108398 0.474609 0.117188 0.493164 0.12793 0.499023 0.139648 0.476562 0.133789 0.458984 0.12793 0.469727 0.140625 0.469727 0.140625 0.46875 0.15625 0.467773 0.166016 0.450195 0.148438 0.442383 0.144531 0.436523 0.151367 0.426758 0.140625 0.413086 0.160156 0.40332 0.176758 0.395508 0.169922 0.395508 0.169922 0.380859 0.185547 0.385742 0.170898 0.394531 0.147461 0.410156 0.130859 0.399414 0.129883 0.380859 0.137695 0.361328 0.138672 0.359375 0.125 0.378906 0.118164 0.391602 0.116211 0.399414 0.104492 0.381836 0.103516 0.363281 0.0957031 0.354492 0.0849609 0.375977 0.0800781 0.402344 0.0986328 0.410156 0.0917969 0.396484 0.0810547 0.390625 0.0595703 0.391602 0.0595703 0.400391 0.0488281 0.415039 0.0615234
0 0.444336 0.147461 0.453125 0.161133 0.469727 0.146484 0.469727 0.146484 0.472656 0.161133 0.472656 0.161133 0.490234 0.149414 0.490234 0.150391 0.488281 0.164062 0.500977 0.165039 0.496094 0.173828 0.503906 0.178711 0.504883 0.178711 0.493164 0.1875 0.504883 0.19043 0.493164 0.199219 0.493164 0.200195 0.496094 0.222656 0.472656 0.21582 0.472656 0.21582 0.479492 0.233398 0.479492 0.233398 0.475586 0.244141 0.475586 0.244141 0.46582 0.236328 0.458984 0.242188 0.449219 0.256836 0.442383 0.243164 0.433594 0.25293 0.426758 0.242188 0.432617 0.227539 0.413086 0.239258 0.402344 0.240234 0.408203 0.228516 0.395508 0.227539 0.398438 0.21582 0.40918 0.206055 0.384766 0.203125 0.396484 0.192383 0.385742 0.183594 0.397461 0.176758 0.416992 0.174805 0.405273 0.162109 0.411133 0.151367 0.420898 0.15625 0.43457 0.15918
0 0.563477 0.140625 0.569336 0.150391 0.568359 0.164062 0.584961 0.151367 0.586914 0.163086 0.582031 0.173828 0.589844 0.179688 0.607422 0.177734 0.602539 0.189453 0.594727 0.195312 0.594727 0.196289 0.610352 0.201172 0.611328 0.201172 0.611328 0.212891 0.601562 0.21875 0.585938 0.220703 0.597656 0.234375 0.597656 0.234375 0.59082 0.245117 0.574219 0.239258 0.560547 0.229492 0.557617 0.248047 0.547852 0.25293 0.541016 0.233398 0.535156 0.253906 0.524414 0.268555 0.512695 0.264648 0.524414 0.24707 0.509766 0.25 0.519531 0.231445 0.525391 0.21875 0.5 0.224609 0.5 0.224609 0.483398 0.223633 0.476562 0.209961 0.487305 0.202148 0.514648 0.198242 0.513672 0.189453 0.507812 0.181641 0.512695 0.163086 0.513672 0.15332 0.527344 0.15625 0.526367 0.143555 0.537109 0.148438 0.550781 0.158203
0 0.508789 0.0351562 0.518555 0.0507812 0.519531 0.0507812 0.525391 0.0673828 0.536133 0.0458984 0.542969 0.0390625 0.549805 0.0556641 0.55957 0.0449219 0.566406 0.0429688 0.567383 0.0527344 0.561523 0.0703125 0.574219 0.0634766 0.582031 0.0693359 0.582031 0.0693359 0.575195 0.0791016 0.59082 0.0751953 0.594727 0.078125 0.587891 0.0888672 0.580078 0.0927734 0.591797 0.0947266 0.581055 0.102539 0.571289 0.111328 0.583008 0.124023 0.581055 0.130859 0.56543 0.125 0.568359 0.132812 0.555664 0.129883 0.569336 0.150391 0.563477 0.15625 0.549805 0.146484 0.544922 0.157227 0.53125 0.139648 0.524414 0.126953 0.522461 0.146484 0.505859 0.172852 0.49707 0.175781 0.500977 0.147461 0.487305 0.164062 0.478516 0.165039 0.486328 0.145508 0.472656 0.158203 0.470703 0.148438 0.463867 0.142578 0.473633 0.126953 0.467773 0.119141 0.491211 0.107422 0.476562 0.108398 0.463867 0.105469 0.474609 0.0947266 0.46582 0.0820312 0.478516 0.0742188 0.461914 0.0664062 0.460938 0.0595703 0.475586 0.0654297 0.481445 0.0527344 0.475586 0.0410156 0.486328 0.0439453
0 0.458984 0 0.464844 0.00488281 0.482422 0.0117188 0.458008 0.0166016 0.458008 0.0166016 0.448242 0.0322266 0.449219 0.0332031 0.458984 0.0332031 0.458984 0.0341797 0.445312 0.0517578 0.445312 0.0517578 0.459961 0.0517578 0.456055 0.0605469 0.472656 0.0556641 0.486328 0.0439453 0.50293 0.0380859 0.523438 0.0556641 0.540039 0.0644531 0.532227 0.0458984 0.524414 0.0322266 0.545898 0.0351562 0.570312 0.0341797 0.557617 0.0224609 0.537109 0.0146484 0.560547 0
0 0.557617 0 0.564453 0.0078125 0.551758 0.0234375 0.550781 0.0371094 0.577148 0.0351562 0.577148 0.0488281 0.59082 0.0449219 0.591797 0.0546875 0.603516 0.0517578 0.613281 0.0400391 0.621094 0.0507812 0.632812 0.046875 0.632812 0.0292969 0.62793 0.0175781 0.641602 0.03125 0.649414 0.0322266 0.650391 0.0195312 0.647461 0.0107422 0.661133 0.0146484 0.666992 0.00683594 0.666992 0
0 0.642578 0.0644531 0.630859 0.0566406 0.626953 0.0634766 0.620117 0.0576172 0.620117 0.0576172 0.617188 0.0615234 0.610352 0.0585938 0.610352 0.0585938 0.608398 0.0654297 0.589844 0.0654297 0.59082 0.0664062 0.607422 0.0957031 0.595703 0.0947266 0.579102 0.0957031 0.585938 0.104492 0.570312 0.111328 0.583984 0.116211 0.583984 0.117188 0.59375 0.117188 0.59375 0.117188 0.59082 0.123047 0.573242 0.123047 0.558594 0.128906 0.558594 0.128906 0.573242 0.131836 0.592773 0.131836 0.582031 0.149414 0.587891 0.152344 0.589844 0.15918 0.605469 0.150391 0.618164 0.137695 0.612305 0.158203 0.610352 0.166016 0.621094 0.164062 0.633789 0.149414 0.646484 0.145508 0.663086 0.135742 0.663086 0.135742 0.676758 0.141602 0.688477 0.132812 0.68457 0.121094 0.688477 0.113281 0.685547 0.103516 0.685547 0.104492 0.696289 0.0957031 0.680664 0.0927734 0.681641 0.0791016 0.673828 0.0771484 0.663086 0.0810547 0.667969 0.0683594 0.664062 0.0576172 0.650391 0.0576172
0 0.666016 0.138672 0.674805 0.152344 0.675781 0.139648 0.6875 0.143555 0.686523 0.150391 0.692383 0.157227 0.702148 0.143555 0.706055 0.157227 0.719727 0.152344 0.714844 0.169922 0.735352 0.165039 0.735352 0.165039 0.735352 0.173828 0.723633 0.186523 0.742188 0.186523 0.730469 0.199219 0.746094 0.203125 0.75293 0.207031 0.742188 0.212891 0.725586 0.214844 0.733398 0.228516 0.714844 0.225586 0.724609 0.244141 0.725586 0.256836 0.714844 0.255859 0.697266 0.238281 0.686523 0.228516 0.685547 0.24707 0.683594 0.272461 0.676758 0.27832 0.670898 0.265625 0.669922 0.242188 0.662109 0.237305 0.650391 0.254883 0.625 0.268555 0.649414 0.234375 0.634766 0.235352 0.633789 0.224609 0.643555 0.21875 0.643555 0.219727 0.629883 0.216797 0.613281 0.217773 0.601562 0.216797 0.601562 0.207031 0.625 0.208008 0.607422 0.199219 0.629883 0.191406 0.616211 0.183594 0.604492 0.169922 0.633789 0.175781 0.621094 0.155273 0.650391 0.167969 0.644531 0.146484 0.643555 0.137695 0.65625 0.138672 0.658203 0.135742
0 0.673828 0 0.689453 0.00390625 0.714844 0.00976562 0.701172 0.0175781 0.670898 0.0263672 0.662109 0.0371094 0.6875 0.0341797 0.713867 0.0224609 0.700195 0.0419922 0.682617 0.0615234 0.701172 0.0576172 0.71582 0.0439453 0.731445 0.046875 0.744141 0.0380859 0.75 0.0410156 0.762695 0.0449219 0.771484 0.0332031 0.782227 0.0302734 0.791016 0.0283203 0.806641 0.0205078 0.816406 0.0136719 0.805664 0.00488281 0.803711 0
0 0.776367 0.0498047 0.762695 0.0361328 0.755859 0.0429688 0.751953 0.0732422 0.745117 0.0742188 0.737305 0.0605469 0.728516 0.0566406 0.72168 0.0615234 0.725586 0.0820312 0.737305 0.0917969 0.745117 0.0986328 0.737305 0.101562 0.719727 0.0869141 0.719727 0.0878906 0.703125 0.078125 0.704102 0.078125 0.677734 0.0849609 0.701172 0.0957031 0.712891 0.100586 0.696289 0.106445 0.725586 0.108398 0.713867 0.121094 0.713867 0.121094 0.681641 0.136719 0.701172 0.135742 0.730469 0.131836 0.711914 0.162109 0.706055 0.170898 0.726562 0.155273 0.724609 0.167969 0.740234 0.161133 0.742188 0.168945 0.757812 0.15625 0.761719 0.132812 0.782227 0.154297 0.785156 0.142578 0.783203 0.123047 0.80957 0.137695 0.817383 0.137695 0.808594 0.118164 0.822266 0.124023 0.817383 0.110352 0.807617 0.103516 0.820312 0.0986328 0.806641 0.0898438 0.823242 0.0791016 0.793945 0.0810547 0.805664 0.0585938 0.790039 0.0625 0.791016 0.0625 0.783203 0.0683594
0 0.804688 0.00195312 0.813477 0.0166016 0.819336 0.0546875 0.819336 0.0556641 0.827148 0.0400391 0.84375 0.0488281 0.84375 0.0410156 0.852539 0.046875 0.850586 0.0371094 0.84082 0.0292969 0.865234 0.0302734 0.851562 0.0185547 0.863281 0.0126953 0.850586 0.0107422 0.860352 0
0 0.879883 0 0.884766 0.00488281 0.882812 0.0107422 0.915039 0.0146484 0.901367 0.0185547 0.87793 0.0371094 0.901367 0.0332031 0.892578 0.046875 0.917969 0.0390625 0.918945 0.0390625 0.917969 0.0498047 0.929688 0.046875 0.924805 0.0654297 0.93457 0.0673828 0.944336 0.0488281 0.954102 0.0595703 0.961914 0.0439453 0.977539 0.0615234 0.990234 0.0527344 1 0.0537109 1 0
0 0.861328 0.0537109 0.873047 0.0625 0.875 0.0820312 0.894531 0.0693359 0.90332 0.0712891 0.90332 0.0820312 0.899414 0.09375 0.918945 0.104492 0.910156 0.110352 0.912109 0.132812 0.913086 0.133789 0.902344 0.136719 0.892578 0.133789 0.894531 0.151367 0.881836 0.144531 0.874023 0.155273 0.863281 0.133789 0.848633 0.149414 0.833984 0.157227 0.844727 0.135742 0.824219 0.141602 0.805664 0.141602 0.794922 0.135742 0.8125 0.126953 0.813477 0.126953 0.830078 0.121094 0.8125 0.113281 0.802734 0.101562 0.816406 0.102539 0.816406 0.102539 0.834961 0.108398 0.836914 0.0986328 0.824219 0.0888672 0.807617 0.0722656 0.81543 0.0693359 0.830078 0.0712891 0.845703 0.0771484 0.851562 0.0849609 0.856445 0.0634766
0 0.935547 0.0634766 0.953125 0.0771484 0.948242 0.0585938 0.949219 0.0478516 0.961914 0.0458984 0.973633 0.0566406 0.973633 0.0566406 0.974609 0.0664062 0.983398 0.0507812 1 0.0478516 1 0.130859 0.994141 0.134766 0.978516 0.15332 0.969727 0.152344 0.951172 0.162109 0.941406 0.162109 0.951172 0.150391 0.93457 0.155273 0.919922 0.15332 0.936523 0.140625 0.947266 0.125977 0.926758 0.125977 0.907227 0.124023 0.912109 0.113281 0.922852 0.111328 0.90332 0.106445 0.925781 0.0947266 0.908203 0.0859375 0.923828 0.0791016 0.914062 0.0712891 0.923828 0.0585938
0 0.814453 0.142578 0.821289 0.152344 0.820312 0.166016 0.820312 0.166016 0.829102 0.158203 0.833008 0.166016 0.841797 0.163086 0.851562 0.180664 0.84375 0.1875 0.854492 0.201172 0.84082 0.203125 0.841797 0.224609 0.820312 0.220703 0.825195 0.246094 0.813477 0.25 0.800781 0.237305 0.796875 0.225586 0.776367 0.256836 0.769531 0.248047 0.770508 0.248047 0.77832 0.22168 0.742188 0.245117 0.742188 0.235352 0.769531 0.206055 0.742188 0.204102 0.727539 0.194336 0.727539 0.186523 0.75 0.18457 0.741211 0.165039 0.759766 0.166016 0.759766 0.146484 0.759766 0.147461 0.771484 0.149414 0.771484 0.150391 0.785156 0.136719 0.789062 0.151367 0.794922 0.149414 0.795898 0.143555
0 0.883789 0.144531 0.894531 0.160156 0.916016 0.141602 0.927734 0.157227 0.919922 0.171875 0.947266 0.166992 0.947266 0.166992 0.9375 0.180664 0.949219 0.180664 0.942383 0.196289 0.957031 0.202148 0.957031 0.202148 0.950195 0.209961 0.958008 0.214844 0.939453 0.226562 0.94043 0.226562 0.9375 0.232422 0.936523 0.242188 0.928711 0.241211 0.923828 0.25 0.915039 0.264648 0.898438 0.249023 0.898438 0.25 0.898438 0.264648 0.884766 0.269531 0.873047 0.274414 0.864258 0.273438 0.865234 0.273438 0.857422 0.256836 0.845703 0.24707 0.839844 0.234375 0.830078 0.235352 0.844727 0.223633 0.831055 0.208008 0.855469 0.197266 0.842773 0.18457 0.84668 0.166992 0.859375 0.168945 0.863281 0.158203
0 0.986328 0.145508 0.992188 0.157227 1 0.145508 1 0.231445 0.992188 0.22168 0.974609 0.237305 0.974609 0.237305 0.956055 0.242188 0.950195 0.239258 0.969727 0.211914 0.953125 0.216797 0.936523 0.208984 0.960938 0.196289 0.960938 0.197266 0.941406 0.194336 0.931641 0.177734 0.944336 0.179688 0.942383 0.169922 0.955078 0.168945 0.972656 0.148438
