0 0.933953 0.516988 0.913195 0.508113 0.899357 0.486381 0.891109 0.469428 0.904297 0.441406 0.910317 0.430287 0.92803 0.431311 0.945909 0.434725 0.954323 0.452005 0.952607 0.473055 0.952607 0.493208
0 0.784156 0.45318 0.773604 0.453409 0.764057 0.44875 0.758075 0.437371 0.759227 0.42393 0.769109 0.415911 0.77877 0.415605 0.788392 0.419959 0.796937 0.429801 0.796937 0.443328
0 0.171294 0.975941 0.161933 0.974679 0.153295 0.971261 0.14791 0.96086 0.146862 0.949791 0.151055 0.94006 0.166197 0.938425 0.176245 0.942585 0.183147 0.946522 0.186545 0.953348 0.186545 0.966507
0 0.0446348 0.984998 0.0348857 0.982502 0.0327432 0.960042 0.0448848 0.956739 0.0548467 0.96062 0.0548467 0.973621 0.0540615 0.980888
0 0.0490146 0.959702 0.0414033 0.952456 0.0339111 0.942491 0.0339512 0.929645 0.0475322 0.916716 0.0564668 0.920164 0.0561055 0.93474 0.0561055 0.949326
0 0.0714443 0.853444 0.0561523 0.849528 0.0480693 0.837781 0.0509521 0.824446 0.0610439 0.818097 0.0709805 0.819049 0.0865811 0.820412 0.0865811 0.839157
0 0.0505596 0.805352 0.0398066 0.806403 0.0330215 0.801602 0.0311973 0.791931 0.0354219 0.785286 0.0447988 0.782984 0.0631055 0.793444 0.0621768 0.79976
0 0.0750039 0.752421 0.0646357 0.755677 0.0548799 0.753901 0.0462402 0.745243 0.0401914 0.729185 0.0380322 0.714163 0.0425674 0.704617 0.0544121 0.701656 0.0669756 0.699141 0.07954 0.703729 0.0924277 0.711638 0.0917803 0.721924 0.0900518 0.73221 0.0900518 0.745317
0 0.154857 0.88162 0.148705 0.879946 0.143198 0.872417 0.141331 0.865184 0.145138 0.858982 0.150597 0.857604 0.156845 0.858786 0.161633 0.868721 0.162088 0.874091 0.161633 0.877437
0 0.270186 0.992846 0.26403 0.991215 0.258332 0.987162 0.254533 0.978464 0.25398 0.969864 0.257539 0.963094 0.263935 0.96082 0.270811 0.962303 0.276821 0.966355 0.282856 0.974257 0.282856 0.983011 0.280283 0.988349
0 0.339955 0.879829 0.333145 0.880911 0.326269 0.879356 0.322024 0.873607 0.321563 0.863125 0.327354 0.85758 0.336468 0.854875 0.343837 0.860218 0.34647 0.868468
0 0.209858 0.725259 0.201126 0.72319 0.194526 0.717235 0.190261 0.707226 0.19195 0.694404 0.213722 0.690599 0.221972 0.697051 0.221972 0.703493 0.221972 0.718145
0 0.236051 0.725247 0.226694 0.721814 0.22065 0.711681 0.221393 0.702417 0.228205 0.697568 0.236528 0.696969 0.241962 0.700564 0.245699 0.710147 0.246177 0.713914 0.245699 0.719799
0 0.274516 0.729261 0.266237 0.725744 0.260109 0.71966 0.261729 0.710961 0.268272 0.707491 0.272967 0.706113 0.284436 0.713243 0.287997 0.718133 0.291072 0.721799 0.287997 0.726552 0.28217 0.728501
0 0.413746 0.690016 0.403814 0.687408 0.396239 0.676381 0.392071 0.659766 0.396892 0.650975 0.406099 0.645088 0.415704 0.647994 0.425092 0.656189 0.429151 0.66378 0.429151 0.676977 0.425019 0.687408
0 0.446121 0.586079 0.43782 0.58627 0.429673 0.583035 0.424211 0.575359 0.425785 0.564068 0.433685 0.555695 0.442758 0.551763 0.451552 0.552017 0.462075 0.559691 0.465654 0.562792 0.465654 0.574027 0.460285 0.582273
0 0.432574 0.564957 0.424612 0.564767 0.418379 0.562103 0.4152 0.557726 0.415354 0.548591 0.420725 0.543897 0.427174 0.540789 0.428531 0.542185 0.434889 0.540979 0.442942 0.542756 0.448096 0.543763 0.450071 0.550748 0.448096 0.554998 0.439271 0.563117
0 0.472969 0.569777 0.462229 0.567494 0.457446 0.560834 0.463371 0.543834 0.469481 0.542121 0.477968 0.544912 0.4838 0.549979 0.4838 0.561214 0.482288 0.56705
0 0.49732 0.541457 0.484779 0.538764 0.475795 0.531684 0.470854 0.520911 0.476769 0.512908 0.499417 0.509753 0.509263 0.513601 0.513718 0.517516 0.513718 0.531146 0.50784 0.536378
0 0.502936 0.509676 0.488897 0.505059 0.477404 0.495363 0.468383 0.484743 0.469917 0.472585 0.48344 0.466307 0.501724 0.468328 0.514776 0.475128 0.52403 0.484765 0.52403 0.50104 0.513212 0.506002
0 0.508944 0.465676 0.489911 0.456495 0.47981 0.439679 0.479518 0.420545 0.491455 0.402355 0.510697 0.396178 0.52489 0.399181 0.533613 0.40775 0.530524 0.426283 0.527561 0.441384 0.527561 0.456581
0 0.566958 0.456979 0.554025 0.458848 0.541257 0.454006 0.530721 0.44237 0.531464 0.422665 0.539315 0.410264 0.552785 0.405763 0.565554 0.412982 0.579438 0.42326 0.58923 0.42758 0.58923 0.442625 0.584561 0.44993
0 0.595057 0.432433 0.578073 0.42946 0.56295 0.419183 0.554025 0.406696 0.557992 0.397099 0.5689 0.390219 0.581503 0.386991 0.592907 0.389964 0.602577 0.392343 0.609891 0.404308 0.609891 0.419353
0 0.604093 0.352831 0.586698 0.349476 0.572568 0.332893 0.568045 0.307298 0.572148 0.288989 0.585066 0.276432 0.601715 0.270201 0.613979 0.271639 0.626711 0.276623 0.635385 0.291374 0.632819 0.307286 0.632819 0.324266 0.626244 0.335001 0.619995 0.345258
0 0.636527 0.283709 0.622461 0.282632 0.612846 0.273481 0.609629 0.260562 0.615277 0.250949 0.626239 0.249104 0.639259 0.253641 0.649809 0.260167 0.649809 0.273788
0 0.642289 0.25664 0.632225 0.254563 0.621937 0.248564 0.617335 0.231877 0.625453 0.22288 0.650444 0.227725 0.656954 0.237943 0.656954 0.251564 0.654148 0.258101
0 0.604431 0.225837 0.591342 0.223562 0.580666 0.209419 0.581694 0.192106 0.589207 0.181946 0.606842 0.180077 0.622185 0.188357 0.621314 0.200549 0.621314 0.214945 0.616372 0.220798
0 0.475677 0.2392 0.456262 0.236109 0.44286 0.222807 0.438153 0.201574 0.451228 0.189212 0.468355 0.186793 0.491563 0.194184 0.496204 0.204648 0.496204 0.22845
0 0.34007 0.273196 0.316607 0.266084 0.305796 0.252083 0.302228 0.232858 0.311742 0.215412 0.326068 0.208744 0.340665 0.2073 0.352504 0.215968 0.363856 0.224621 0.360451 0.238512 0.363856 0.244304 0.360451 0.258194
0 0.305993 0.290331 0.300225 0.303135 0.290775 0.311792 0.28168 0.318921 0.271806 0.319431 0.264657 0.31172 0.261188 0.292659 0.262145 0.271271 0.266568 0.255704 0.276406 0.245811 0.289041 0.246174 0.297747 0.251339 0.30755 0.264497 0.30755 0.277383
0 0.293717 0.246915 0.28166 0.248231 0.268888 0.242501 0.26512 0.228173 0.272505 0.213458 0.286784 0.208114 0.297259 0.217795 0.304945 0.22491 0.304945 0.238628
0 0.730107 0.0322051 0.719012 0.0291377 0.708757 0.0177334 0.707494 0.00530566 0.716333 0 0.728003 0 0.736842 0.00216016 0.740171 0.00781348 0.740171 0.0217441
0 0.652116 0.0308184 0.641953 0.0322441 0.633363 0.0286797 0.627094 0.0173291 0.62632 0.00674609 0.628802 0 0.663533 0.00044043 0.661319 0.02029 0.659238 0.0229775
0 0.627636 0.107296 0.617274 0.106271 0.61023 0.0986084 0.610318 0.0879287 0.613841 0.0820166 0.622587 0.0785771 0.630776 0.0797842 0.639024 0.0841201 0.639024 0.0948066 0.636588 0.10078
0 0.599953 0.103112 0.589868 0.101126 0.583872 0.0945049 0.582361 0.0847764 0.585929 0.0767803 0.592347 0.0722979 0.599482 0.0723486 0.608601 0.0779453 0.607263 0.0854834 0.607263 0.0945049
0 0.221205 0.0481611 0.211843 0.0461348 0.206001 0.0355723 0.201003 0.0235635 0.206247 0.0122773 0.219375 0.00851563 0.231553 0.0141582 0.235002 0.0225508
0 0.0619346 0.064208 0.0517676 0.0603789 0.0417559 0.0487334 0.0397764 0.0389219 0.0430752 0.0288711 0.0573555 0.0258398 0.0694248 0.0263184 0.0786602 0.0329297 0.0786602 0.0470576 0.0762158 0.054875
0 0.110257 0.0555742 0.101172 0.0525234 0.0942939 0.0400244 0.0945117 0.0278223 0.102909 0.0197129 0.115505 0.0215732 0.120608 0.0287061 0.120608 0.0418848
0 0.126349 0.07346 0.117519 0.0665117 0.112156 0.0583047 0.113234 0.0481807 0.119908 0.0403926 0.132119 0.0394941 0.140861 0.0430889 0.144126 0.0544629 0.147769 0.0577051 0.144126 0.0650732 0.136811 0.069626
0 0.125413 0.213346 0.105646 0.204942 0.0885176 0.18686 0.0779092 0.156971 0.0844805 0.137079 0.0984521 0.125379 0.121066 0.126229 0.130639 0.125698 0.141144 0.132719 0.149475 0.147277 0.146577 0.167807 0.142645 0.184081 0.142645 0.202922
0 0.0389873 0.166778 0.0264785 0.165048 0.0184805 0.154603 0.0225098 0.13742 0.0377246 0.136864 0.0462334 0.138587 0.0460234 0.149094 0.0460234 0.160042
0 0.0919844 0.347894 0.0766055 0.341795 0.0696826 0.322177 0.0736875 0.303474 0.0848145 0.295646 0.0982646 0.296663 0.109193 0.303664 0.10766 0.315761 0.10766 0.333765 0.101034 0.345657
0 0.14409 0.379054 0.132976 0.366091 0.131518 0.343568 0.137074 0.328499 0.145706 0.327851 0.155126 0.345745 0.153098 0.345493 0.153037 0.370709
0 0.121552 0.443869 0.10798 0.442204 0.101167 0.434397 0.0992402 0.42464 0.105663 0.417637 0.113929 0.415226 0.124959 0.417981 0.132722 0.425092 0.132722 0.435259 0.129846 0.440253
0 0.265242 0.380322 0.250189 0.377022 0.242165 0.363532 0.244055 0.346156 0.253364 0.33941 0.26114 0.337578 0.274337 0.341977 0.284039 0.347467 0.284039 0.360453
0 0.26147 0.413813 0.250451 0.409841 0.241615 0.397708 0.244978 0.38403 0.250666 0.377854 0.262829 0.379177 0.273848 0.386521 0.273848 0.399546 0.270055 0.407635
0 0.389056 0.395712 0.372229 0.387737 0.369986 0.370349 0.383914 0.353439 0.402329 0.350173 0.412565 0.361786 0.417379 0.368812 0.412565 0.378803 0.406302 0.387258
0 0.464699 0.272701 0.449095 0.271564 0.437638 0.260602 0.435387 0.245984 0.442576 0.234291 0.453519 0.230475 0.467938 0.234291 0.481844 0.238829 0.479236 0.252471 0.479236 0.266854
0 0.269697 0.455321 0.260427 0.452756 0.253206 0.446342 0.254454 0.436386 0.259476 0.427102 0.268331 0.429545 0.276948 0.436378 0.276948 0.447197
0 0.260396 0.48006 0.252968 0.478044 0.243696 0.474012 0.240279 0.464972 0.244262 0.456909 0.251482 0.449824 0.264527 0.45245 0.272164 0.460506 0.272164 0.471324 0.268391 0.477311
0 0.246699 0.53618 0.237776 0.536913 0.230304 0.532099 0.225775 0.524258 0.228586 0.516922 0.235367 0.517839 0.240677 0.518435 0.246498 0.516463 0.252075 0.518475 0.252075 0.526597 0.251718 0.530952
0 0.236862 0.51848 0.231285 0.518114 0.225909 0.514537 0.225195 0.507613 0.227404 0.501057 0.234029 0.499223 0.245494 0.507287 0.245339 0.51009 0.245494 0.515408
0 0.431402 0.491226 0.421394 0.488361 0.414399 0.481698 0.412067 0.469775 0.418551 0.461125 0.425972 0.464048 0.433791 0.469541 0.438341 0.479127 0.436919 0.483744
0 0.277356 0.0565732 0.266078 0.0554004 0.258475 0.0466748 0.254736 0.0375576 0.260471 0.0279854 0.269975 0.0234268 0.279859 0.0258359 0.291865 0.0301914 0.291865 0.0417256 0.287684 0.0501914
0 0.213867 0.963867 0.214844 0.97168 0.207031 0.975586 0.207031 0.975586 0.199219 0.967773 0.203125 0.958984 0.208984 0.958984
0 0.324219 0.969727 0.323242 0.977539 0.322266 0.983398 0.314453 0.991211 0.305664 0.986328 0.300781 0.976562 0.306641 0.96875 0.31543 0.964844
1 0.186523 0.81543 0.195312 0.817383 0.196289 0.820312 0.203125 0.822266 0.209961 0.832031 0.205078 0.836914 0.205078 0.84668 0.195312 0.847656 0.188477 0.855469 0.176758 0.853516 0.167969 0.844727 0.166016 0.831055 0.173828 0.822266 0.176758 0.813477
0 0.296875 0.764648 0.305664 0.767578 0.308594 0.772461 0.306641 0.777344 0.300781 0.779297 0.293945 0.775391 0.290039 0.768555
0 0.324219 0.771484 0.327148 0.78418 0.320312 0.789062 0.313477 0.785156 0.305664 0.780273 0.306641 0.774414
1 0.321289 0.789062 0.328125 0.792969 0.334961 0.788086 0.339844 0.795898 0.341797 0.803711 0.348633 0.808594 0.348633 0.808594 0.349609 0.817383 0.344727 0.820312 0.334961 0.814453 0.329102 0.810547 0.320312 0.801758 0.310547 0.794922 0.299805 0.797852 0.295898 0.793945 0.299805 0.78418 0.304688 0.78125 0.304688 0.78125 0.30957 0.786133 0.314453 0.787109
0 0.196289 0.654297 0.185547 0.652344 0.181641 0.649414 0.185547 0.640625 0.185547 0.640625 0.195312 0.640625
0 0.211914 0.648438 0.213867 0.65625 0.209961 0.658203 0.203125 0.657227 0.204102 0.647461
0 0.209961 0.673828 0.198242 0.674805 0.195312 0.666016 0.203125 0.657227 0.209961 0.658203 0.212891 0.666016
1 0.245117 0.598633 0.260742 0.600586 0.268555 0.606445 0.276367 0.606445 0.286133 0.609375 0.288086 0.613281 0.280273 0.614258 0.279297 0.62207 0.276367 0.629883 0.266602 0.634766 0.258789 0.633789 0.254883 0.621094 0.24707 0.624023 0.232422 0.621094 0.22168 0.626953 0.207031 0.623047 0.207031 0.623047 0.210938 0.612305 0.210938 0.607422 0.206055 0.597656 0.210938 0.592773 0.223633 0.591797
0 0.460938 0.597656 0.458984 0.608398 0.448242 0.609375 0.438477 0.601562 0.44043 0.59375 0.450195 0.592773
0 0.425781 0.639648 0.428711 0.651367 0.419922 0.65332 0.40918 0.647461 0.413086 0.639648
0 0.217773 0.557617 0.216797 0.572266 0.208984 0.580078 0.201172 0.574219 0.201172 0.574219 0.200195 0.5625 0.208008 0.553711 0.213867 0.551758
1 0.288086 0.449219 0.290039 0.439453 0.303711 0.438477 0.306641 0.447266 0.30957 0.456055 0.30957 0.456055 0.305664 0.466797 0.293945 0.463867 0.287109 0.460938
0 0.609375 0.513672 0.62207 0.517578 0.62207 0.53418 0.614258 0.541016 0.614258 0.541016 0.602539 0.544922 0.597656 0.530273 0.597656 0.530273
0 0.610352 0.514648 0.601562 0.507812 0.587891 0.506836 0.582031 0.510742 0.579102 0.522461 0.581055 0.535156 0.59082 0.541016 0.597656 0.538086 0.604492 0.522461
0 0.597656 0.541016 0.599609 0.554688 0.592773 0.561523 0.582031 0.557617 0.579102 0.545898 0.579102 0.545898 0.585938 0.541992
0 0.619141 0.538086 0.62793 0.541992 0.628906 0.553711 0.625 0.564453 0.611328 0.566406 0.601562 0.554688 0.613281 0.543945
0 0.643555 0.460938 0.645508 0.467773 0.645508 0.467773 0.639648 0.474609 0.631836 0.47168 0.633789 0.460938
0 0.638672 0.426758 0.644531 0.419922 0.640625 0.414062 0.631836 0.410156 0.625977 0.416016 0.625977 0.416016 0.62793 0.424805
1 0.625977 0.423828 0.62207 0.44043 0.62793 0.444336 0.626953 0.456055 0.625977 0.459961 0.621094 0.46582 0.625977 0.472656 0.625977 0.472656 0.626953 0.479492 0.621094 0.484375 0.614258 0.499023 0.610352 0.511719 0.605469 0.507812 0.606445 0.492188 0.607422 0.477539 0.601562 0.47168 0.602539 0.46582 0.608398 0.460938 0.600586 0.458008 0.599609 0.447266 0.607422 0.4375 0.608398 0.427734 0.615234 0.419922
0 0.353516 0.362305 0.353516 0.37207 0.34668 0.37793 0.336914 0.373047 0.339844 0.359375 0.339844 0.359375 0.34668 0.355469
0 0.362305 0.357422 0.370117 0.363281 0.371094 0.371094 0.365234 0.375977 0.352539 0.375977 0.351562 0.364258
0 0.631836 0.344727 0.633789 0.357422 0.636719 0.361328 0.624023 0.361328 0.617188 0.368164 0.612305 0.37793 0.604492 0.369141 0.606445 0.361328 0.607422 0.350586 0.618164 0.345703
0 0.631836 0.307617 0.642578 0.317383 0.646484 0.328125 0.647461 0.339844 0.647461 0.339844 0.640625 0.349609 0.626953 0.344727 0.623047 0.331055 0.629883 0.321289 0.629883 0.321289
0 0.353516 0.279297 0.351562 0.296875 0.34082 0.294922 0.338867 0.283203 0.34668 0.276367
0 0.431641 0.347656 0.417969 0.338867 0.411133 0.34668 0.411133 0.353516 0.416992 0.359375 0.424805 0.355469
0 0.456055 0.298828 0.454102 0.3125 0.453125 0.323242 0.442383 0.327148 0.43457 0.317383 0.438477 0.303711 0.444336 0.293945
0 0.442383 0.264648 0.435547 0.275391 0.438477 0.285156 0.443359 0.291992 0.453125 0.292969 0.463867 0.287109 0.47168 0.271484 0.452148 0.271484
0 0.46582 0.166992 0.475586 0.174805 0.47168 0.183594 0.46582 0.1875 0.453125 0.186523 0.446289 0.175781 0.451172 0.166016
0 0.491211 0.174805 0.500977 0.180664 0.499023 0.194336 0.495117 0.199219 0.483398 0.196289 0.470703 0.186523 0.475586 0.173828 0.486328 0.169922
0 0.545898 0.188477 0.558594 0.199219 0.563477 0.191406 0.558594 0.185547 0.566406 0.183594 0.575195 0.185547 0.579102 0.200195 0.583008 0.209961 0.576172 0.223633 0.564453 0.220703 0.548828 0.217773 0.540039 0.203125 0.53418 0.192383 0.540039 0.186523
0 0.651367 0.200195 0.664062 0.213867 0.661133 0.222656 0.65625 0.235352 0.65625 0.235352 0.644531 0.224609 0.631836 0.226562 0.62207 0.22168 0.625977 0.209961 0.625977 0.209961 0.637695 0.209961 0.641602 0.201172
1 0.706055 0.205078 0.714844 0.211914 0.729492 0.210938 0.741211 0.214844 0.753906 0.220703 0.759766 0.223633 0.766602 0.229492 0.764648 0.237305 0.75 0.239258 0.741211 0.244141 0.723633 0.24707 0.712891 0.234375 0.712891 0.234375 0.703125 0.232422 0.696289 0.229492 0.6875 0.234375 0.679688 0.228516 0.673828 0.219727 0.675781 0.210938 0.6875 0.208008 0.698242 0.203125
0 0.516602 0.202148 0.521484 0.19043 0.512695 0.182617 0.500977 0.1875 0.5 0.200195 0.509766 0.205078
0 0.522461 0.220703 0.519531 0.227539 0.512695 0.223633 0.512695 0.21582 0.517578 0.212891
0 0.580078 0.229492 0.576172 0.243164 0.567383 0.242188 0.557617 0.229492 0.567383 0.222656 0.575195 0.219727 0.575195 0.219727
0 0.188477 0.0566406 0.185547 0.0712891 0.173828 0.0683594 0.170898 0.0585938 0.173828 0.0498047 0.173828 0.0498047 0.18457 0.0498047
0 0.170898 0.0537109 0.170898 0.0664062 0.15918 0.0664062 0.15625 0.0537109 0.166016 0.0478516
0 0.0517578 0.125 0.0537109 0.134766 0.0458984 0.137695 0.0380859 0.133789 0.0400391 0.125 0.0478516 0.12207 0.0498047 0.123047
0 0.189453 0.255859 0.191406 0.265625 0.18457 0.271484 0.175781 0.262695 0.180664 0.25293
0 0.168945 0.376953 0.167969 0.388672 0.167969 0.388672 0.15918 0.388672 0.157227 0.37793 0.162109 0.373047
0 0.0205078 0.396484 0.0205078 0.407227 0.0117188 0.411133 0.00683594 0.402344 0.0126953 0.392578
0 0.0449219 0.40332 0.0458984 0.414062 0.0351562 0.418945 0.0234375 0.410156 0.0263672 0.410156 0.0332031 0.400391
0 0.103516 0.480469 0.106445 0.489258 0.0986328 0.493164 0.0888672 0.488281 0.0917969 0.476562
0 0.0693359 0.53125 0.0693359 0.539062 0.0576172 0.544922 0.0517578 0.535156 0.0566406 0.526367 0.0625 0.526367
0 0.120117 0.542969 0.124023 0.551758 0.118164 0.557617 0.106445 0.555664 0.106445 0.542969
0 0.15332 0.47168 0.152344 0.480469 0.143555 0.482422 0.144531 0.469727 0.152344 0.464844
0 0.135742 0.574219 0.133789 0.587891 0.128906 0.587891 0.12793 0.576172
0 0.118164 0.572266 0.115234 0.583984 0.105469 0.583008 0.105469 0.573242 0.113281 0.566406
0 0.0458984 0.676758 0.0576172 0.683594 0.0654297 0.678711 0.0751953 0.686523 0.0761719 0.698242 0.0654297 0.703125 0.0488281 0.698242 0.0419922 0.686523
0 0.0205078 0.683594 0.0146484 0.693359 0.000976562 0.691406 0 0.683594 0.0078125 0.678711
0 0.0595703 0.614258 0.0585938 0.626953 0.046875 0.62793 0.0488281 0.614258
0 0.0976562 0.65625 0.103516 0.668945 0.09375 0.675781 0.0820312 0.671875 0.0849609 0.65918
0 0.0976562 0.760742 0.101562 0.772461 0.0927734 0.772461 0.0888672 0.765625
0 0.0517578 0.852539 0.0498047 0.863281 0.0390625 0.861328 0.0410156 0.849609 0.0449219 0.850586
0 0.178711 0.861328 0.180664 0.870117 0.169922 0.876953 0.162109 0.867188 0.166016 0.858398
1 0.258789 0.494141 0.25 0.505859 0.236328 0.501953 0.236328 0.501953 0.230469 0.490234 0.235352 0.485352 0.244141 0.489258
0 0.224609 0.509766 0.214844 0.508789 0.211914 0.49707 0.220703 0.495117
1 0.436523 0.00390625 0.432617 0.015625 0.431641 0.0341797 0.430664 0.0478516 0.4375 0.0537109 0.442383 0.0595703 0.433594 0.0664062 0.421875 0.0654297 0.40918 0.0585938 0.408203 0.0449219 0.416016 0.0146484 0.416016 0
0 0.556641 0.0107422 0.553711 0.0205078 0.540039 0.0244141 0.530273 0.015625 0.533203 0.00683594 0.543945 0.000976562
0 0.53125 0.0107422 0.53125 0.0224609 0.536133 0.0302734 0.546875 0.0380859 0.541016 0.0488281 0.527344 0.0517578 0.513672 0.0478516 0.512695 0.0273438 0.516602 0.00683594 0.524414 0.00292969
0 0.53125 0.0546875 0.53125 0.0634766 0.523438 0.0703125 0.515625 0.0634766 0.519531 0.0527344
0 0.520508 0.0654297 0.521484 0.0761719 0.512695 0.0839844 0.504883 0.0791016 0.506836 0.0654297 0.515625 0.0615234
0 0.539062 0.0644531 0.546875 0.078125 0.546875 0.078125 0.540039 0.0859375 0.527344 0.0810547 0.520508 0.0712891 0.529297 0.0644531
0 0.567383 0.0732422 0.56543 0.0849609 0.555664 0.0810547 0.550781 0.0722656 0.557617 0.0683594
0 0.586914 0.0869141 0.581055 0.0947266 0.567383 0.0927734 0.567383 0.0927734 0.566406 0.0820312 0.570312 0.0732422 0.581055 0.0703125
0 0.566406 0.0957031 0.557617 0.108398 0.544922 0.105469 0.535156 0.0976562 0.538086 0.0869141 0.547852 0.0859375
0 0.74707 0.433594 0.756836 0.446289 0.756836 0.458984 0.748047 0.467773 0.732422 0.463867 0.729492 0.446289 0.730469 0.435547 0.737305 0.431641
0 0.53418 0.980469 0.535156 0.993164 0.525391 0.998047 0.516602 0.990234 0.516602 0.978516 0.524414 0.976562
0 0.548828 0.954102 0.547852 0.966797 0.538086 0.96875 0.533203 0.958008 0.533203 0.958008 0.541016 0.949219
0 0.574219 0.987305 0.567383 1 0.567383 1 0.544922 0.999023 0.543945 0.984375 0.548828 0.976562 0.560547 0.975586
0 0.871094 0.000976562 0.873047 0.00878906 0.863281 0.0146484 0.852539 0.0166016 0.842773 0.0078125 0.842773 0
1 0.947266 0.0458984 0.958008 0.0556641 0.976562 0.0576172 0.995117 0.0673828 1 0.0771484 1 0.0771484 0.999023 0.0966797 0.989258 0.0996094 0.979492 0.0947266 0.979492 0.114258 0.984375 0.124023 0.988281 0.116211 0.999023 0.111328 1 0.173828 0.983398 0.166016 0.96582 0.163086 0.949219 0.164062 0.949219 0.164062 0.930664 0.167969 0.918945 0.15332 0.915039 0.136719 0.914062 0.12207 0.907227 0.110352 0.902344 0.0898438 0.912109 0.0722656 0.928711 0.0595703 0.93457 0.0556641
0 0.873047 0.376953 0.870117 0.387695 0.861328 0.385742 0.858398 0.37793 0.863281 0.37207
0 0.866211 0.449219 0.871094 0.464844 0.883789 0.476562 0.885742 0.501953 0.879883 0.518555 0.854492 0.524414 0.838867 0.510742 0.833984 0.483398 0.835938 0.46875 0.829102 0.459961 0.835938 0.447266 0.847656 0.441406
0 0.893555 0.520508 0.895508 0.527344 0.90332 0.536133 0.901367 0.544922 0.901367 0.544922 0.885742 0.546875 0.87207 0.538086 0.871094 0.527344 0.874023 0.515625 0.880859 0.510742
0 0.841797 0.513672 0.841797 0.524414 0.833008 0.527344 0.831055 0.518555 0.833008 0.512695
0 0.848633 0.532227 0.858398 0.541992 0.848633 0.552734 0.837891 0.554688 0.831055 0.539062 0.835938 0.52832
0 0.964844 0.549805 0.96875 0.554688 0.964844 0.566406 0.952148 0.56543 0.944336 0.555664 0.954102 0.547852
0 0.979492 0.52832 0.986328 0.536133 0.983398 0.547852 0.974609 0.551758 0.964844 0.543945 0.964844 0.532227 0.964844 0.532227 0.958008 0.529297 0.970703 0.520508
0 1 0.723633 0.987305 0.725586 0.987305 0.725586 0.972656 0.737305 0.962891 0.748047 0.961914 0.764648 0.967773 0.77832 0.978516 0.787109 1 0.795898
1 0.936523 0.825195 0.933594 0.834961 0.945312 0.837891 0.948242 0.845703 0.952148 0.855469 0.952148 0.855469 0.949219 0.865234 0.935547 0.866211 0.928711 0.858398 0.918945 0.859375 0.913086 0.850586 0.908203 0.841797 0.912109 0.831055 0.918945 0.828125 0.919922 0.81543 0.923828 0.811523 0.921875 0.803711 0.935547 0.806641 0.932617 0.811523
0 0.987305 0.806641 0.989258 0.817383 0.978516 0.823242 0.970703 0.81543 0.970703 0.81543 0.973633 0.803711
