0 0.0166016 0 0.0146484 0.0126953 0.0273438 0.0117188 0.0185547 0.0380859 0.0419922 0.0263672 0.0546875 0.0615234 0.0644531 0.0253906 0.104492 0.0429688 0.0888672 0.00976562 0.128906 0.0126953 0.138672 0
0 0.154297 0.00195312 0.15625 0.00976562 0.173828 0.00976562 0.169922 0.0166016 0.188477 0.0166016 0.183594 0.0429688 0.199219 0.0341797 0.21875 0.0566406 0.220703 0.0400391 0.229492 0.0576172 0.245117 0.0419922 0.255859 0.0517578 0.265625 0.0302734 0.283203 0.0195312 0.257812 0.015625 0.257812 0.0107422 0.272461 0
0 0.272461 0 0.253906 0.0117188 0.273438 0.0351562 0.288086 0.0253906 0.296875 0.0449219 0.303711 0.0380859 0.310547 0.0537109 0.318359 0.0361328 0.358398 0.0488281 0.360352 0.0322266 0.34375 0.0107422 0.360352 0.0126953 0.380859 0
0 0.362305 0.000976562 0.360352 0.0263672 0.382812 0.0195312 0.395508 0.0419922 0.40332 0.0292969 0.422852 0.0400391 0.418945 0.0302734 0.443359 0.0410156 0.424805 0.0166016 0.446289 0.0214844 0.463867 0
0 0.569336 0 0.583008 0.00976562 0.584961 0.0214844 0.595703 0.0146484 0.592773 0.03125 0.602539 0.0214844 0.614258 0.0341797 0.626953 0.0234375 0.641602 0.0351562 0.646484 0.015625 0.660156 0.0253906 0.657227 0.00878906 0.676758 0.0117188 0.676758 0
0 0.000976562 0.0644531 0.0136719 0.0605469 0.0136719 0.0703125 0.0283203 0.0615234 0.0283203 0.078125 0.0380859 0.0878906 0.0302734 0.104492 0.0449219 0.111328 0.0371094 0.124023 0.046875 0.128906 0.0361328 0.133789 0.0458984 0.165039 0.0234375 0.155273 0.0195312 0.169922 0 0.161133
0 0.0683594 0.0820312 0.0634766 0.0527344 0.0849609 0.0693359 0.110352 0.0498047 0.110352 0.0644531 0.120117 0.0585938 0.123047 0.0683594 0.123047 0.0683594 0.108398 0.0722656 0.119141 0.0878906 0.0976562 0.0957031 0.12207 0.105469 0.12207 0.105469 0.105469 0.121094 0.123047 0.12207 0.12207 0.138672 0.133789 0.162109 0.105469 0.151367 0.0947266 0.161133 0.0839844 0.155273 0.0830078 0.166992 0.0654297 0.166992 0.0615234 0.143555 0.0410156 0.150391 0.0458984 0.132812 0.03125 0.125 0.0419922 0.113281 0.0234375 0.102539 0.046875 0.0722656
0 0.143555 0.0410156 0.154297 0.0605469 0.163086 0.0449219 0.171875 0.0566406 0.186523 0.0410156 0.188477 0.0673828 0.206055 0.0869141 0.1875 0.0966797 0.203125 0.104492 0.181641 0.115234 0.197266 0.118164 0.201172 0.160156 0.178711 0.165039 0.170898 0.136719 0.162109 0.165039 0.162109 0.165039 0.144531 0.170898 0.152344 0.128906 0.125 0.142578 0.12207 0.126953 0.101562 0.121094 0.118164 0.108398 0.0976562 0.0986328 0.115234 0.0908203 0.103516 0.0664062 0.118164 0.0576172 0.136719 0.0673828 0.136719 0.046875
0 0.217773 0.0517578 0.223633 0.0683594 0.239258 0.0400391 0.253906 0.0449219 0.25293 0.0683594 0.282227 0.0625 0.290039 0.0703125 0.262695 0.0986328 0.289062 0.09375 0.300781 0.102539 0.297852 0.112305 0.283203 0.116211 0.294922 0.138672 0.279297 0.129883 0.28125 0.144531 0.269531 0.134766 0.268555 0.150391 0.255859 0.140625 0.250977 0.155273 0.239258 0.15625 0.228516 0.147461 0.209961 0.141602 0.197266 0.133789 0.200195 0.121094 0.179688 0.115234 0.197266 0.104492 0.178711 0.09375 0.200195 0.0830078 0.188477 0.0712891 0.205078 0.0517578
0 0.338867 0.0615234 0.339844 0.0390625 0.357422 0.0371094 0.360352 0.0556641 0.386719 0.0498047 0.386719 0.0498047 0.386719 0.0732422 0.37793 0.0830078 0.369141 0.0957031 0.379883 0.0996094 0.388672 0.108398 0.381836 0.112305 0.389648 0.141602 0.368164 0.137695 0.356445 0.163086 0.345703 0.152344 0.345703 0.152344 0.333984 0.166992 0.327148 0.137695 0.304688 0.149414 0.301758 0.12793 0.287109 0.124023 0.296875 0.111328 0.279297 0.0888672 0.296875 0.0869141 0.283203 0.0751953 0.298828 0.0751953 0.296875 0.0625 0.306641 0.0625 0.307617 0.0419922 0.314453 0.0410156
0 0.446289 0.0517578 0.461914 0.0419922 0.469727 0.046875 0.460938 0.0751953 0.477539 0.0722656 0.495117 0.0800781 0.488281 0.0869141 0.492188 0.0917969 0.473633 0.100586 0.498047 0.115234 0.485352 0.131836 0.469727 0.126953 0.477539 0.145508 0.462891 0.140625 0.449219 0.15332 0.449219 0.137695 0.435547 0.142578 0.427734 0.129883 0.427734 0.129883 0.415039 0.146484 0.407227 0.12793 0.367188 0.151367 0.385742 0.114258 0.367188 0.110352 0.359375 0.0878906 0.381836 0.0830078 0.386719 0.0488281 0.405273 0.0615234 0.412109 0.0449219 0.426758 0.0332031
0 0.582031 0.0498047 0.574219 0.0751953 0.597656 0.0761719 0.587891 0.0849609 0.59668 0.0908203 0.588867 0.100586 0.557617 0.100586 0.577148 0.109375 0.588867 0.126953 0.582031 0.134766 0.55957 0.125 0.563477 0.145508 0.563477 0.145508 0.550781 0.136719 0.542969 0.149414 0.53125 0.126953 0.521484 0.138672 0.503906 0.138672 0.507812 0.125 0.498047 0.128906 0.499023 0.112305 0.484375 0.0996094 0.494141 0.0712891 0.504883 0.0537109 0.521484 0.0527344 0.52832 0.0566406 0.543945 0.0322266
0 0 0.18457 0.0126953 0.171875 0.0126953 0.171875 0.015625 0.185547 0.0341797 0.181641 0.0380859 0.199219 0.0537109 0.204102 0.0410156 0.213867 0.0566406 0.228516 0.0380859 0.239258 0.0546875 0.273438 0.0322266 0.283203 0.0341797 0.263672 0.0117188 0.275391 0 0.28125
0 0.115234 0.155273 0.121094 0.1875 0.137695 0.164062 0.155273 0.160156 0.154297 0.18457 0.136719 0.203125 0.161133 0.220703 0.15332 0.232422 0.183594 0.250977 0.142578 0.236328 0.119141 0.250977 0.123047 0.229492 0.0966797 0.243164 0.0585938 0.249023 0.0371094 0.244141 0.0527344 0.232422 0.0361328 0.223633 0.0546875 0.213867 0.0351562 0.199219 0.0566406 0.1875 0.0585938 0.172852 0.0664062 0.175781 0.0673828 0.165039 0.0908203 0.177734 0.0917969 0.158203 0.109375 0.142578
0 0.209961 0.15918 0.22168 0.150391 0.22168 0.166016 0.243164 0.15918 0.240234 0.169922 0.248047 0.167969 0.264648 0.169922 0.25293 0.192383 0.273438 0.198242 0.250977 0.210938 0.250977 0.21582 0.272461 0.233398 0.257812 0.24707 0.237305 0.240234 0.241211 0.262695 0.227539 0.269531 0.214844 0.239258 0.194336 0.262695 0.172852 0.266602 0.195312 0.234375 0.168945 0.241211 0.149414 0.230469 0.165039 0.222656 0.136719 0.200195 0.160156 0.192383 0.164062 0.170898 0.178711 0.15332 0.188477 0.166992 0.197266 0.15332
0 0.334961 0.169922 0.351562 0.157227 0.358398 0.161133 0.356445 0.174805 0.374023 0.165039 0.386719 0.179688 0.362305 0.183594 0.374023 0.192383 0.374023 0.192383 0.363281 0.200195 0.383789 0.201172 0.374023 0.21582 0.352539 0.216797 0.37793 0.251953 0.358398 0.25293 0.337891 0.231445 0.335938 0.25293 0.324219 0.262695 0.313477 0.246094 0.291016 0.262695 0.27832 0.262695 0.282227 0.236328 0.276367 0.219727 0.260742 0.208984 0.279297 0.203125 0.266602 0.185547 0.276367 0.174805 0.295898 0.177734 0.290039 0.162109 0.299805 0.151367 0.3125 0.168945 0.324219 0.150391
0 0.450195 0.148438 0.472656 0.135742 0.47168 0.149414 0.460938 0.165039 0.476562 0.168945 0.495117 0.176758 0.493164 0.188477 0.485352 0.200195 0.467773 0.201172 0.492188 0.224609 0.477539 0.228516 0.449219 0.224609 0.454102 0.235352 0.442383 0.254883 0.426758 0.240234 0.421875 0.234375 0.416016 0.256836 0.404297 0.262695 0.397461 0.248047 0.402344 0.21875 0.380859 0.229492 0.365234 0.230469 0.366211 0.214844 0.384766 0.195312 0.37207 0.19043 0.362305 0.174805 0.362305 0.174805 0.374023 0.175781 0.373047 0.157227 0.407227 0.171875 0.407227 0.171875 0.397461 0.151367 0.392578 0.135742 0.410156 0.139648 0.429688 0.130859 0.433594 0.146484 0.450195 0.135742
0 0.578125 0.170898 0.602539 0.172852 0.602539 0.182617 0.582031 0.194336 0.59668 0.202148 0.594727 0.226562 0.575195 0.219727 0.575195 0.239258 0.552734 0.225586 0.543945 0.241211 0.537109 0.234375 0.523438 0.243164 0.522461 0.228516 0.504883 0.239258 0.489258 0.245117 0.488281 0.223633 0.506836 0.207031 0.491211 0.204102 0.477539 0.186523 0.504883 0.182617 0.489258 0.165039 0.498047 0.158203 0.508789 0.164062 0.509766 0.152344 0.519531 0.155273 0.521484 0.161133 0.537109 0.149414 0.555664 0.134766 0.555664 0.149414 0.564453 0.145508 0.567383 0.150391 0.577148 0.151367
0 0.0302734 0.267578 0.0332031 0.282227 0.0517578 0.275391 0.0517578 0.275391 0.0439453 0.294922 0.0507812 0.294922 0.0615234 0.295898 0.0585938 0.300781 0.046875 0.310547 0.0498047 0.338867 0.0292969 0.327148 0.0244141 0.353516 0.0078125 0.337891 0 0.34375 0 0.257812 0.015625 0.266602
0 0.148438 0.234375 0.151367 0.246094 0.178711 0.237305 0.169922 0.261719 0.208008 0.285156 0.185547 0.294922 0.191406 0.307617 0.191406 0.307617 0.173828 0.317383 0.176758 0.333984 0.137695 0.323242 0.136719 0.355469 0.120117 0.331055 0.0839844 0.352539 0.0830078 0.329102 0.0703125 0.329102 0.0810547 0.31543 0.0654297 0.323242 0.0615234 0.314453 0.0498047 0.306641 0.0576172 0.290039 0.0478516 0.280273 0.0664062 0.277344 0.0566406 0.257812 0.0800781 0.257812 0.0800781 0.237305 0.0957031 0.243164 0.125977 0.226562 0.124023 0.240234
0 0.248047 0.259766 0.266602 0.256836 0.28418 0.262695 0.27832 0.276367 0.295898 0.282227 0.295898 0.282227 0.283203 0.289062 0.28418 0.298828 0.297852 0.303711 0.28125 0.314453 0.265625 0.308594 0.266602 0.328125 0.255859 0.337891 0.244141 0.319336 0.229492 0.335938 0.22168 0.323242 0.207031 0.30957 0.214844 0.299805 0.201172 0.291016 0.213867 0.289062 0.213867 0.271484 0.236328 0.263672 0.239258 0.269531
0 0.374023 0.256836 0.401367 0.257812 0.388672 0.276367 0.392578 0.287109 0.407227 0.293945 0.401367 0.300781 0.393555 0.300781 0.40332 0.320312 0.371094 0.311523 0.371094 0.311523 0.361328 0.324219 0.34082 0.313477 0.34082 0.313477 0.323242 0.330078 0.317383 0.323242 0.301758 0.330078 0.293945 0.330078 0.306641 0.308594 0.280273 0.31543 0.298828 0.303711 0.28125 0.294922 0.283203 0.273438 0.291992 0.271484 0.280273 0.256836 0.301758 0.256836 0.301758 0.250977 0.317383 0.261719 0.314453 0.24707 0.333008 0.25 0.34082 0.256836 0.34668 0.241211 0.361328 0.25
0 0.467773 0.243164 0.494141 0.222656 0.489258 0.246094 0.505859 0.244141 0.500977 0.24707 0.498047 0.256836 0.506836 0.261719 0.503906 0.269531 0.511719 0.28125 0.496094 0.286133 0.488281 0.287109 0.505859 0.301758 0.507812 0.3125 0.498047 0.307617 0.498047 0.307617 0.501953 0.323242 0.492188 0.330078 0.474609 0.3125 0.474609 0.3125 0.472656 0.336914 0.460938 0.330078 0.447266 0.337891 0.445312 0.317383 0.445312 0.317383 0.431641 0.335938 0.424805 0.317383 0.418945 0.314453 0.415039 0.305664 0.400391 0.313477 0.391602 0.283203 0.402344 0.285156 0.397461 0.267578 0.395508 0.258789 0.413086 0.254883 0.415039 0.242188 0.424805 0.242188 0.435547 0.238281 0.441406 0.250977 0.458008 0.231445 0.467773 0.231445
0 0.587891 0.239258 0.59668 0.239258 0.59375 0.250977 0.606445 0.245117 0.606445 0.253906 0.619141 0.265625 0.611328 0.277344 0.62207 0.28418 0.62207 0.28418 0.610352 0.295898 0.616211 0.311523 0.604492 0.307617 0.601562 0.317383 0.578125 0.308594 0.56543 0.323242 0.552734 0.331055 0.537109 0.336914 0.547852 0.308594 0.547852 0.308594 0.521484 0.324219 0.511719 0.311523 0.518555 0.293945 0.501953 0.292969 0.498047 0.266602 0.506836 0.249023 0.515625 0.248047 0.515625 0.243164 0.526367 0.24707 0.535156 0.230469 0.542969 0.238281 0.542969 0.238281 0.553711 0.223633
0 0 0.359375 0.0136719 0.362305 0.0107422 0.337891 0.0107422 0.337891 0.0263672 0.336914 0.0263672 0.336914 0.0361328 0.355469 0.0351562 0.332031 0.0488281 0.333008 0.0625 0.342773 0.0625 0.360352 0.0673828 0.357422 0.0947266 0.342773 0.103516 0.356445 0.0947266 0.366211 0.103516 0.369141 0.0888672 0.402344 0.0742188 0.400391 0.104492 0.421875 0.103516 0.4375 0.0585938 0.418945 0.0585938 0.418945 0.0595703 0.456055 0.0380859 0.438477 0.0361328 0.420898 0.0361328 0.420898 0.0166016 0.444336 0.00683594 0.435547 0.0078125 0.416992 0 0.418945
0 0.165039 0.366211 0.205078 0.34668 0.204102 0.365234 0.185547 0.380859 0.206055 0.380859 0.206055 0.380859 0.224609 0.397461 0.200195 0.401367 0.203125 0.411133 0.197266 0.421875 0.176758 0.419922 0.163086 0.432617 0.150391 0.410156 0.12793 0.427734 0.111328 0.433594 0.106445 0.425781 0.106445 0.425781 0.0947266 0.432617 0.0947266 0.432617 0.0966797 0.402344 0.0830078 0.399414 0.0966797 0.366211 0.0957031 0.34375 0.121094 0.351562 0.120117 0.335938 0.132812 0.344727 0.134766 0.323242 0.154297 0.324219 0.170898 0.333008
0 0.27832 0.347656 0.289062 0.333984 0.305664 0.34082 0.311523 0.353516 0.300781 0.360352 0.308594 0.369141 0.294922 0.380859 0.304688 0.386719 0.299805 0.413086 0.27832 0.40332 0.268555 0.40918 0.262695 0.420898 0.258789 0.419922 0.246094 0.408203 0.230469 0.420898 0.21875 0.40918 0.223633 0.391602 0.204102 0.391602 0.201172 0.380859 0.214844 0.375 0.201172 0.362305 0.203125 0.344727 0.226562 0.351562 0.223633 0.335938 0.239258 0.320312 0.243164 0.335938 0.254883 0.332031 0.262695 0.319336 0.271484 0.327148 0.272461 0.336914 0.282227 0.335938
0 0.376953 0.325195 0.392578 0.31543 0.392578 0.331055 0.386719 0.352539 0.404297 0.34082 0.420898 0.342773 0.420898 0.351562 0.408203 0.358398 0.422852 0.363281 0.412109 0.369141 0.429688 0.379883 0.413086 0.391602 0.418945 0.394531 0.412109 0.40332 0.392578 0.398438 0.404297 0.415039 0.384766 0.40918 0.37793 0.442383 0.362305 0.414062 0.349609 0.428711 0.341797 0.418945 0.323242 0.432617 0.327148 0.413086 0.308594 0.414062 0.313477 0.408203 0.302734 0.401367 0.306641 0.390625 0.291992 0.378906 0.304688 0.371094 0.295898 0.357422 0.3125 0.360352 0.306641 0.337891 0.331055 0.34082 0.331055 0.325195 0.354492 0.30957 0.354492 0.30957 0.358398 0.329102 0.37207 0.30957
0 0.480469 0.342773 0.482422 0.327148 0.508789 0.319336 0.498047 0.349609 0.520508 0.342773 0.514648 0.355469 0.53125 0.362305 0.53125 0.371094 0.510742 0.37207 0.53418 0.37793 0.52832 0.382812 0.525391 0.397461 0.520508 0.412109 0.5 0.432617 0.493164 0.414062 0.480469 0.432617 0.466797 0.433594 0.459961 0.416016 0.441406 0.430664 0.44043 0.410156 0.447266 0.399414 0.418945 0.404297 0.411133 0.384766 0.4375 0.375 0.416992 0.365234 0.424805 0.358398 0.414062 0.335938 0.43457 0.345703 0.429688 0.328125 0.450195 0.337891 0.463867 0.326172
0 0.600586 0.326172 0.625 0.328125 0.620117 0.336914 0.641602 0.337891 0.635742 0.341797 0.626953 0.351562 0.647461 0.354492 0.624023 0.368164 0.643555 0.378906 0.626953 0.387695 0.610352 0.383789 0.608398 0.399414 0.589844 0.392578 0.585938 0.40918 0.566406 0.391602 0.55957 0.408203 0.539062 0.422852 0.545898 0.397461 0.525391 0.40918 0.517578 0.399414 0.532227 0.375 0.519531 0.368164 0.509766 0.349609 0.541016 0.347656 0.529297 0.332031 0.541992 0.321289 0.549805 0.331055 0.55957 0.314453 0.571289 0.322266 0.576172 0.307617 0.600586 0.3125
0 0.0214844 0.458008 0.0410156 0.428711 0.0527344 0.445312 0.078125 0.427734 0.0761719 0.458008 0.09375 0.455078 0.102539 0.473633 0.105469 0.493164 0.119141 0.496094 0.119141 0.496094 0.108398 0.503906 0.111328 0.518555 0.0917969 0.514648 0.0996094 0.53418 0.0703125 0.533203 0.0507812 0.524414 0.0458984 0.537109 0.0371094 0.53125 0.0253906 0.527344 0.0117188 0.506836 0 0.492188 0 0.456055 0 0.456055
0 0.163086 0.429688 0.1875 0.416992 0.210938 0.419922 0.209961 0.435547 0.222656 0.431641 0.219727 0.44043 0.204102 0.451172 0.225586 0.456055 0.22168 0.466797 0.239258 0.467773 0.21875 0.477539 0.196289 0.474609 0.219727 0.496094 0.219727 0.496094 0.206055 0.512695 0.181641 0.493164 0.19043 0.523438 0.166992 0.520508 0.155273 0.494141 0.137695 0.518555 0.124023 0.504883 0.124023 0.494141 0.105469 0.503906 0.106445 0.477539 0.0917969 0.449219 0.117188 0.450195 0.123047 0.422852 0.151367 0.40625
0 0.273438 0.40332 0.286133 0.441406 0.3125 0.412109 0.318359 0.415039 0.311523 0.435547 0.336914 0.428711 0.350586 0.442383 0.325195 0.453125 0.334961 0.463867 0.341797 0.490234 0.313477 0.487305 0.319336 0.507812 0.311523 0.522461 0.286133 0.521484 0.27832 0.499023 0.272461 0.516602 0.250977 0.506836 0.246094 0.492188 0.227539 0.488281 0.238281 0.476562 0.222656 0.460938 0.25293 0.454102 0.239258 0.433594 0.240234 0.420898 0.257812 0.436523 0.257812 0.436523
0 0.402344 0.411133 0.414062 0.40332 0.419922 0.412109 0.418945 0.426758 0.432617 0.425781 0.441406 0.44043 0.43457 0.458984 0.441406 0.478516 0.441406 0.478516 0.424805 0.486328 0.427734 0.494141 0.412109 0.494141 0.389648 0.50293 0.382812 0.514648 0.362305 0.493164 0.336914 0.499023 0.342773 0.481445 0.322266 0.454102 0.341797 0.443359 0.330078 0.427734 0.34668 0.416992 0.370117 0.429688 0.382812 0.421875 0.388672 0.405273
0 0.5 0.430664 0.52832 0.400391 0.519531 0.446289 0.535156 0.438477 0.548828 0.447266 0.53125 0.464844 0.552734 0.489258 0.535156 0.489258 0.535156 0.489258 0.53418 0.501953 0.519531 0.524414 0.509766 0.510742 0.504883 0.521484 0.494141 0.499023 0.479492 0.518555 0.479492 0.518555 0.459961 0.5 0.464844 0.492188 0.438477 0.491211 0.446289 0.483398 0.439453 0.467773 0.459961 0.449219 0.438477 0.432617 0.455078 0.419922 0.472656 0.43457 0.490234 0.417969
0 0.611328 0.382812 0.62207 0.396484 0.619141 0.415039 0.639648 0.402344 0.651367 0.40918 0.660156 0.428711 0.65918 0.463867 0.630859 0.463867 0.650391 0.484375 0.632812 0.503906 0.609375 0.476562 0.608398 0.507812 0.59375 0.50293 0.59082 0.512695 0.569336 0.503906 0.576172 0.484375 0.549805 0.494141 0.537109 0.478516 0.537109 0.478516 0.564453 0.463867 0.539062 0.458984 0.539062 0.458984 0.529297 0.44043 0.550781 0.424805 0.572266 0.429688 0.561523 0.394531 0.587891 0.408203 0.589844 0.388672
0 0.672852 0 0.688477 0.00195312 0.673828 0.0185547 0.692383 0.0185547 0.694336 0.0361328 0.706055 0.0371094 0.707031 0.0488281 0.720703 0.0341797 0.734375 0.0253906 0.740234 0.0253906 0.757812 0.015625 0.786133 0.0263672 0.798828 0.00683594 0.783203 0
0 0.791016 0 0.790039 0.0234375 0.80957 0.015625 0.816406 0.0244141 0.835938 0.0117188 0.84375 0.0234375 0.856445 0.00488281 0.886719 0.0234375 0.890625 0
0 0.664062 0.0478516 0.692383 0.0341797 0.692383 0.0517578 0.695312 0.0546875 0.693359 0.0673828 0.713867 0.100586 0.702148 0.101562 0.702148 0.101562 0.708008 0.12207 0.708008 0.12207 0.708984 0.134766 0.695312 0.130859 0.697266 0.140625 0.676758 0.135742 0.676758 0.135742 0.673828 0.145508 0.650391 0.136719 0.640625 0.154297 0.630859 0.138672 0.614258 0.155273 0.612305 0.136719 0.595703 0.140625 0.609375 0.123047 0.584961 0.12207 0.597656 0.110352 0.595703 0.0996094 0.607422 0.0791016 0.582031 0.0634766 0.598633 0.0605469 0.604492 0.0361328 0.618164 0.0224609 0.642578 0.0361328 0.655273 0.0136719
0 0.767578 0.015625 0.760742 0.03125 0.766602 0.0302734 0.783203 0.0253906 0.811523 0.0527344 0.790039 0.0634766 0.801758 0.0742188 0.782227 0.0927734 0.797852 0.0966797 0.783203 0.131836 0.760742 0.134766 0.756836 0.111328 0.748047 0.132812 0.736328 0.135742 0.733398 0.124023 0.717773 0.124023 0.71875 0.110352 0.695312 0.105469 0.695312 0.0917969 0.717773 0.0849609 0.691406 0.0732422 0.698242 0.0429688 0.717773 0.0556641 0.71875 0.0332031
0 0.859375 0.000976562 0.880859 0.0263672 0.875 0.0488281 0.896484 0.0390625 0.902344 0.0527344 0.890625 0.0595703 0.882812 0.0683594 0.904297 0.0810547 0.886719 0.0869141 0.886719 0.0869141 0.891602 0.102539 0.896484 0.119141 0.87207 0.112305 0.873047 0.149414 0.839844 0.151367 0.828125 0.121094 0.805664 0.142578 0.803711 0.12207 0.782227 0.131836 0.795898 0.0976562 0.777344 0.09375 0.799805 0.0703125 0.776367 0.0585938 0.78125 0.0585938 0.803711 0.0498047 0.796875 0.0166016 0.818359 0.0244141 0.833984 0.00683594 0.842773 0.0224609
0 0.916992 0.0351562 0.933594 0.0400391 0.959961 0.0253906 0.963867 0.0419922 0.978516 0.0498047 0.990234 0.0458984 0.984375 0.0566406 1 0.0595703 1 0.0595703 0.987305 0.0703125 1 0.0888672 0.986328 0.0917969 1 0.112305 0.987305 0.124023 0.973633 0.111328 0.963867 0.140625 0.949219 0.120117 0.922852 0.143555 0.908203 0.144531 0.922852 0.116211 0.891602 0.114258 0.886719 0.0869141 0.900391 0.0810547 0.880859 0.0605469 0.897461 0.0537109 0.920898 0.0654297
0 0.649414 0.169922 0.647461 0.133789 0.667969 0.139648 0.670898 0.175781 0.692383 0.15918 0.714844 0.162109 0.704102 0.177734 0.688477 0.195312 0.702148 0.212891 0.670898 0.213867 0.672852 0.232422 0.654297 0.22168 0.654297 0.22168 0.651367 0.251953 0.625 0.238281 0.595703 0.24707 0.607422 0.222656 0.602539 0.206055 0.583008 0.19043 0.606445 0.183594 0.608398 0.158203 0.618164 0.151367
0 0.762695 0.148438 0.774414 0.141602 0.787109 0.152344 0.787109 0.152344 0.806641 0.157227 0.806641 0.157227 0.814453 0.174805 0.811523 0.185547 0.820312 0.212891 0.8125 0.22168 0.822266 0.243164 0.807617 0.253906 0.80957 0.235352 0.790039 0.24707 0.772461 0.230469 0.769531 0.262695 0.739258 0.253906 0.740234 0.275391 0.724609 0.257812 0.727539 0.234375 0.694336 0.248047 0.694336 0.248047 0.694336 0.224609 0.707031 0.217773 0.676758 0.211914 0.694336 0.204102 0.68457 0.188477 0.701172 0.179688 0.717773 0.161133 0.717773 0.145508 0.731445 0.139648 0.739258 0.15332 0.751953 0.150391
0 0.875 0.166992 0.895508 0.160156 0.897461 0.171875 0.908203 0.174805 0.90332 0.196289 0.917969 0.201172 0.908203 0.209961 0.90918 0.217773 0.878906 0.217773 0.87793 0.235352 0.860352 0.222656 0.833008 0.242188 0.831055 0.22168 0.8125 0.22168 0.816406 0.198242 0.828125 0.178711 0.830078 0.160156 0.851562 0.163086 0.856445 0.151367 0.873047 0.151367 0.873047 0.151367
0 0.990234 0.131836 1 0.125 1 0.257812 0.975586 0.230469 0.975586 0.230469 0.952148 0.259766 0.947266 0.230469 0.908203 0.241211 0.922852 0.22168 0.90625 0.216797 0.928711 0.205078 0.897461 0.193359 0.916016 0.171875 0.94043 0.179688 0.94043 0.179688 0.919922 0.160156 0.943359 0.131836 0.963867 0.150391 0.974609 0.128906
0 0.670898 0.227539 0.68457 0.214844 0.68457 0.214844 0.686523 0.227539 0.697266 0.22168 0.697266 0.22168 0.695312 0.245117 0.722656 0.236328 0.720703 0.262695 0.735352 0.280273 0.719727 0.291016 0.732422 0.30957 0.72168 0.310547 0.726562 0.322266 0.697266 0.327148 0.686523 0.308594 0.677734 0.332031 0.663086 0.320312 0.646484 0.337891 0.632812 0.332031 0.633789 0.31543 0.616211 0.316406 0.619141 0.302734 0.601562 0.296875 0.615234 0.283203 0.605469 0.272461 0.595703 0.249023 0.618164 0.250977 0.618164 0.233398 0.647461 0.248047 0.654297 0.219727
0 0.80957 0.254883 0.837891 0.255859 0.816406 0.273438 0.816406 0.273438 0.834961 0.302734 0.795898 0.298828 0.801758 0.321289 0.791992 0.339844 0.779297 0.317383 0.779297 0.317383 0.760742 0.335938 0.755859 0.302734 0.729492 0.308594 0.727539 0.291016 0.753906 0.279297 0.729492 0.267578 0.739258 0.249023 0.763672 0.256836 0.772461 0.227539 0.788086 0.239258 0.807617 0.237305
0 0.916992 0.238281 0.939453 0.235352 0.927734 0.261719 0.955078 0.283203 0.931641 0.289062 0.939453 0.3125 0.917969 0.302734 0.904297 0.304688 0.896484 0.323242 0.881836 0.305664 0.855469 0.333984 0.851562 0.313477 0.84082 0.299805 0.851562 0.291016 0.830078 0.280273 0.837891 0.259766 0.832031 0.243164 0.858398 0.223633 0.875977 0.233398 0.882812 0.209961 0.900391 0.214844 0.916016 0.217773
0 0.951172 0.289062 0.936523 0.30957 0.956055 0.305664 0.955078 0.324219 0.973633 0.307617 0.978516 0.328125 0.993164 0.3125 1 0.322266 1 0.240234 0.995117 0.253906 0.978516 0.225586 0.957031 0.246094 0.926758 0.242188 0.929688 0.267578
0 0.68457 0.329102 0.703125 0.30957 0.709961 0.321289 0.729492 0.30957 0.740234 0.320312 0.734375 0.341797 0.75293 0.338867 0.765625 0.366211 0.735352 0.371094 0.763672 0.390625 0.753906 0.396484 0.731445 0.395508 0.710938 0.411133 0.68457 0.400391 0.68457 0.400391 0.680664 0.421875 0.65332 0.427734 0.638672 0.416016 0.651367 0.40332 0.62207 0.400391 0.621094 0.370117 0.634766 0.369141 0.631836 0.334961 0.661133 0.332031 0.662109 0.316406
0 0.807617 0.311523 0.824219 0.321289 0.824219 0.329102 0.837891 0.322266 0.837891 0.322266 0.852539 0.338867 0.84082 0.356445 0.855469 0.374023 0.849609 0.376953 0.84082 0.379883 0.839844 0.400391 0.822266 0.385742 0.811523 0.398438 0.802734 0.382812 0.792969 0.395508 0.788086 0.392578 0.765625 0.381836 0.774414 0.367188 0.758789 0.357422 0.782227 0.325195 0.794922 0.334961
0 0.922852 0.320312 0.962891 0.313477 0.962891 0.313477 0.952148 0.334961 0.973633 0.347656 0.972656 0.361328 0.942383 0.37207 0.958008 0.389648 0.950195 0.397461 0.925781 0.386719 0.925781 0.386719 0.929688 0.405273 0.916992 0.413086 0.916992 0.413086 0.907227 0.389648 0.907227 0.389648 0.899414 0.408203 0.891602 0.394531 0.883789 0.40332 0.875 0.397461 0.875 0.397461 0.890625 0.37207 0.855469 0.368164 0.858398 0.353516 0.882812 0.349609 0.871094 0.333008 0.886719 0.313477 0.902344 0.316406 0.912109 0.302734
0 1 0.321289 0.985352 0.3125 0.972656 0.324219 0.980469 0.334961 0.955078 0.342773 0.974609 0.365234 0.985352 0.374023 0.974609 0.392578 0.987305 0.398438 0.99707 0.412109 0.998047 0.394531
0 0.710938 0.40625 0.744141 0.389648 0.740234 0.40332 0.751953 0.40332 0.760742 0.411133 0.750977 0.420898 0.760742 0.432617 0.768555 0.448242 0.754883 0.453125 0.765625 0.472656 0.754883 0.486328 0.754883 0.486328 0.733398 0.47168 0.737305 0.501953 0.710938 0.506836 0.708008 0.487305 0.697266 0.504883 0.678711 0.486328 0.668945 0.485352 0.660156 0.456055 0.671875 0.451172 0.660156 0.442383 0.661133 0.420898 0.676758 0.416016 0.683594 0.400391 0.700195 0.404297
0 0.844727 0.401367 0.862305 0.390625 0.861328 0.40918 0.875 0.40332 0.865234 0.423828 0.885742 0.432617 0.886719 0.447266 0.880859 0.448242 0.873047 0.451172 0.891602 0.461914 0.87793 0.491211 0.865234 0.499023 0.854492 0.483398 0.851562 0.504883 0.84668 0.504883 0.825195 0.503906 0.820312 0.491211 0.808594 0.503906 0.814453 0.5 0.78418 0.50293 0.769531 0.495117 0.779297 0.482422 0.760742 0.485352 0.75293 0.460938 0.765625 0.449219 0.750977 0.433594 0.766602 0.43457 0.756836 0.418945 0.774414 0.420898 0.767578 0.40625 0.780273 0.404297 0.782227 0.383789 0.794922 0.400391 0.800781 0.382812 0.813477 0.391602 0.830078 0.380859
0 0.943359 0.408203 0.966797 0.383789 0.967773 0.407227 0.989258 0.391602 0.986328 0.415039 1 0.411133 1 0.433594 0.996094 0.451172 1 0.474609 0.992188 0.489258 0.967773 0.504883 0.949219 0.479492 0.949219 0.479492 0.930664 0.514648 0.921875 0.496094 0.910156 0.5 0.911133 0.482422 0.889648 0.493164 0.891602 0.477539 0.878906 0.476562 0.891602 0.462891 0.870117 0.453125 0.882812 0.422852 0.884766 0.413086 0.912109 0.422852 0.921875 0.395508 0.942383 0.383789
0 0.84082 0.500977 0.84082 0.511719 0.860352 0.50293 0.858398 0.516602 0.874023 0.516602 0.859375 0.53125 0.871094 0.536133 0.860352 0.546875 0.87207 0.551758 0.861328 0.561523 0.862305 0.572266 0.84668 0.567383 0.845703 0.573242 0.84375 0.583008 0.829102 0.576172 0.824219 0.582031 0.811523 0.574219 0.77832 0.59082 0.780273 0.570312 0.766602 0.577148 0.771484 0.5625 0.756836 0.558594 0.762695 0.542969 0.75 0.541016 0.773438 0.529297 0.761719 0.509766 0.771484 0.501953 0.786133 0.507812 0.787109 0.493164 0.821289 0.489258 0.821289 0.508789
0 0.0302734 0.587891 0.0615234 0.605469 0.0703125 0.585938 0.0859375 0.578125 0.0917969 0.604492 0.131836 0.588867 0.121094 0.632812 0.113281 0.641602 0.12207 0.642578 0.130859 0.65625 0.115234 0.676758 0.131836 0.6875 0.112305 0.699219 0.101562 0.712891 0.0791016 0.692383 0.0693359 0.719727 0.0693359 0.719727 0.0507812 0.700195 0.0507812 0.700195 0.0351562 0.713867 0.0273438 0.697266 0.0146484 0.694336 0.0175781 0.677734 0 0.675781 0.0117188 0.65625 0.00292969 0.640625 0.0136719 0.615234 0.0341797 0.624023 0.0332031 0.619141
0 0 0.732422 0.0205078 0.743164 0.0419922 0.743164 0.046875 0.758789 0.0458984 0.779297 0.0556641 0.780273 0.0517578 0.806641 0.0595703 0.801758 0.0703125 0.818359 0.0507812 0.835938 0.0449219 0.854492 0.0253906 0.867188 0.000976562 0.87793 0.000976562 0.870117
0 0.00292969 0.907227 0.0234375 0.896484 0.0214844 0.90625 0.0351562 0.900391 0.0322266 0.917969 0.0390625 0.915039 0.0556641 0.908203 0.0595703 0.924805 0.0664062 0.923828 0.0664062 0.936523 0.0751953 0.953125 0.0566406 0.967773 0.0615234 0.984375 0.0400391 0.982422 0.0390625 0.993164 0.0205078 0.988281 0.00976562 1 0 0.990234
0 0.0947266 0.713867 0.119141 0.702148 0.119141 0.702148 0.120117 0.720703 0.152344 0.706055 0.147461 0.720703 0.157227 0.735352 0.155273 0.746094 0.147461 0.750977 0.166016 0.759766 0.147461 0.768555 0.132812 0.765625 0.151367 0.795898 0.107422 0.775391 0.107422 0.775391 0.105469 0.792969 0.0859375 0.804688 0.0830078 0.77832 0.0546875 0.804688 0.0546875 0.783203 0.0380859 0.785156 0.0605469 0.756836 0.0410156 0.734375 0.0390625 0.703125 0.0566406 0.700195 0.0693359 0.729492 0.0722656 0.700195 0.0830078 0.693359
0 0.125977 0.788086 0.149414 0.790039 0.139648 0.823242 0.163086 0.819336 0.171875 0.827148 0.171875 0.827148 0.141602 0.847656 0.171875 0.854492 0.167969 0.868164 0.150391 0.873047 0.163086 0.897461 0.141602 0.905273 0.120117 0.878906 0.0917969 0.925781 0.0869141 0.900391 0.0615234 0.913086 0.0683594 0.883789 0.0507812 0.878906 0.0380859 0.848633 0.0488281 0.849609 0.046875 0.841797 0.0458984 0.835938 0.0410156 0.824219 0.0615234 0.824219 0.0566406 0.828125 0.0673828 0.795898 0.0898438 0.808594 0.105469 0.788086 0.117188 0.807617
0 0.126953 0.908203 0.155273 0.891602 0.154297 0.914062 0.185547 0.908203 0.185547 0.908203 0.181641 0.923828 0.198242 0.933594 0.197266 0.953125 0.179688 0.961914 0.175781 0.995117 0.15332 0.982422 0.142578 1 0.109375 1 0.100586 0.976562 0.0761719 0.996094 0.0761719 0.977539 0.0644531 0.966797 0.0722656 0.923828 0.0908203 0.929688 0.0957031 0.904297 0.110352 0.897461
0 0.176758 0.577148 0.193359 0.567383 0.193359 0.567383 0.195312 0.591797 0.210938 0.568359 0.229492 0.568359 0.229492 0.585938 0.248047 0.581055 0.24707 0.609375 0.226562 0.629883 0.240234 0.650391 0.22168 0.661133 0.227539 0.692383 0.222656 0.69043 0.204102 0.69043 0.194336 0.706055 0.180664 0.689453 0.175781 0.696289 0.167969 0.712891 0.157227 0.695312 0.139648 0.707031 0.139648 0.707031 0.137695 0.679688 0.112305 0.679688 0.120117 0.630859 0.131836 0.605469 0.155273 0.609375 0.160156 0.605469 0.161133 0.576172
0 0.211914 0.695312 0.237305 0.682617 0.237305 0.696289 0.245117 0.695312 0.241211 0.71582 0.226562 0.71582 0.244141 0.743164 0.223633 0.755859 0.231445 0.791016 0.210938 0.796875 0.204102 0.771484 0.194336 0.793945 0.177734 0.801758 0.178711 0.772461 0.146484 0.779297 0.147461 0.772461 0.163086 0.760742 0.141602 0.749023 0.167969 0.736328 0.150391 0.717773 0.155273 0.694336 0.175781 0.706055 0.177734 0.683594 0.192383 0.703125 0.206055 0.682617
0 0.253906 0.823242 0.298828 0.828125 0.263672 0.842773 0.291016 0.858398 0.285156 0.875 0.257812 0.875 0.257812 0.875 0.254883 0.899414 0.235352 0.904297 0.227539 0.881836 0.201172 0.913086 0.200195 0.894531 0.177734 0.899414 0.186523 0.87207 0.152344 0.87793 0.152344 0.87793 0.180664 0.862305 0.152344 0.845703 0.174805 0.84082 0.167969 0.8125 0.189453 0.81543 0.19043 0.795898 0.203125 0.785156 0.206055 0.804688 0.224609 0.785156 0.230469 0.792969 0.240234 0.77832 0.246094 0.798828 0.266602 0.793945
0 0.266602 0.908203 0.290039 0.892578 0.287109 0.920898 0.304688 0.916016 0.313477 0.926758 0.295898 0.946289 0.3125 0.964844 0.288086 0.972656 0.292969 0.996094 0.264648 0.986328 0.269531 1 0.243164 1 0.245117 0.981445 0.22168 0.995117 0.223633 0.973633 0.200195 0.97168 0.195312 0.958008 0.197266 0.929688 0.206055 0.932617 0.205078 0.899414 0.233398 0.90332 0.238281 0.918945 0.242188 0.898438 0.263672 0.897461
0 0.298828 0.581055 0.314453 0.568359 0.330078 0.570312 0.330078 0.570312 0.319336 0.59668 0.34375 0.604492 0.359375 0.610352 0.348633 0.618164 0.327148 0.617188 0.344727 0.638672 0.325195 0.655273 0.342773 0.666016 0.323242 0.689453 0.30957 0.703125 0.282227 0.672852 0.272461 0.672852 0.24707 0.697266 0.248047 0.672852 0.227539 0.676758 0.238281 0.649414 0.227539 0.623047 0.256836 0.628906 0.242188 0.598633 0.242188 0.598633 0.282227 0.576172
0 0.329102 0.71875 0.358398 0.720703 0.349609 0.738281 0.349609 0.738281 0.333984 0.742188 0.373047 0.788086 0.328125 0.772461 0.332031 0.817383 0.306641 0.803711 0.300781 0.78418 0.279297 0.822266 0.274414 0.804688 0.255859 0.819336 0.246094 0.792969 0.254883 0.775391 0.229492 0.78125 0.237305 0.764648 0.219727 0.756836 0.243164 0.740234 0.233398 0.710938 0.243164 0.711914 0.249023 0.686523 0.262695 0.692383 0.272461 0.666992 0.292969 0.672852 0.301758 0.700195 0.328125 0.68457 0.351562 0.6875 0.342773 0.713867
0 0.345703 0.790039 0.355469 0.814453 0.381836 0.798828 0.398438 0.804688 0.383789 0.832031 0.401367 0.848633 0.389648 0.860352 0.386719 0.873047 0.380859 0.886719 0.361328 0.90918 0.348633 0.890625 0.330078 0.907227 0.314453 0.888672 0.285156 0.90918 0.277344 0.892578 0.288086 0.883789 0.272461 0.874023 0.291016 0.853516 0.267578 0.848633 0.277344 0.827148 0.296875 0.826172 0.293945 0.800781 0.311523 0.796875 0.326172 0.810547
0 0.376953 0.884766 0.387695 0.888672 0.40918 0.891602 0.40918 0.917969 0.422852 0.932617 0.411133 0.945312 0.414062 0.956055 0.394531 0.972656 0.37793 0.982422 0.362305 0.992188 0.34375 0.982422 0.310547 0.978516 0.310547 0.958008 0.290039 0.946289 0.30957 0.926758 0.301758 0.90332 0.306641 0.881836 0.327148 0.904297 0.344727 0.886719 0.359375 0.900391
0 0.389648 0.588867 0.408203 0.575195 0.408203 0.585938 0.421875 0.578125 0.427734 0.594727 0.420898 0.613281 0.427734 0.610352 0.442383 0.611328 0.438477 0.625977 0.426758 0.644531 0.446289 0.657227 0.43457 0.662109 0.40625 0.657227 0.419922 0.685547 0.402344 0.679688 0.401367 0.69043 0.394531 0.677734 0.369141 0.714844 0.369141 0.714844 0.363281 0.678711 0.349609 0.688477 0.323242 0.682617 0.335938 0.670898 0.321289 0.65918 0.341797 0.638672 0.321289 0.612305 0.364258 0.616211 0.360352 0.581055
0 0.479492 0.558594 0.490234 0.580078 0.50293 0.567383 0.511719 0.578125 0.523438 0.560547 0.523438 0.570312 0.542969 0.55957 0.541016 0.589844 0.575195 0.600586 0.575195 0.616211 0.567383 0.609375 0.549805 0.617188 0.537109 0.628906 0.569336 0.640625 0.557617 0.650391 0.541016 0.654297 0.551758 0.685547 0.545898 0.699219 0.513672 0.664062 0.510742 0.697266 0.486328 0.708008 0.491211 0.666992 0.463867 0.681641 0.447266 0.6875 0.441406 0.667969 0.452148 0.660156 0.435547 0.649414 0.423828 0.614258 0.461914 0.613281 0.475586 0.621094 0.472656 0.606445 0.455078 0.575195 0.472656 0.585938
0 0.446289 0.695312 0.474609 0.685547 0.475586 0.708984 0.462891 0.71582 0.479492 0.720703 0.475586 0.724609 0.466797 0.745117 0.480469 0.763672 0.469727 0.764648 0.46875 0.779297 0.448242 0.772461 0.445312 0.800781 0.426758 0.790039 0.418945 0.805664 0.408203 0.794922 0.396484 0.802734 0.383789 0.790039 0.364258 0.786133 0.365234 0.766602 0.345703 0.753906 0.357422 0.707031 0.384766 0.714844 0.381836 0.693359 0.40332 0.678711 0.422852 0.671875 0.428711 0.6875 0.445312 0.676758 0.445312 0.676758
0 0.447266 0.805664 0.453125 0.78125 0.461914 0.792969 0.475586 0.787109 0.475586 0.798828 0.495117 0.799805 0.476562 0.822266 0.504883 0.822266 0.501953 0.833008 0.481445 0.842773 0.50293 0.858398 0.496094 0.869141 0.474609 0.868164 0.472656 0.890625 0.450195 0.87793 0.432617 0.899414 0.425781 0.887695 0.411133 0.888672 0.391602 0.879883 0.401367 0.866211 0.384766 0.858398 0.402344 0.851562 0.385742 0.839844 0.396484 0.821289 0.408203 0.830078 0.408203 0.824219 0.40625 0.806641 0.429688 0.788086
0 0.487305 0.901367 0.494141 0.899414 0.519531 0.890625 0.506836 0.90625 0.5 0.916016 0.523438 0.927734 0.527344 0.941406 0.517578 0.945312 0.501953 0.94043 0.516602 0.960938 0.503906 0.974609 0.485352 0.962891 0.482422 0.984375 0.482422 0.984375 0.464844 0.972656 0.444336 0.985352 0.446289 0.970703 0.426758 0.969727 0.436523 0.953125 0.416016 0.958984 0.425781 0.9375 0.410156 0.916016 0.425781 0.913086 0.415039 0.884766 0.435547 0.889648 0.448242 0.874023 0.463867 0.884766 0.485352 0.870117 0.495117 0.87207
0 0.624023 0.579102 0.640625 0.560547 0.634766 0.600586 0.673828 0.609375 0.644531 0.626953 0.626953 0.62793 0.668945 0.642578 0.669922 0.658203 0.633789 0.652344 0.636719 0.670898 0.629883 0.68457 0.615234 0.667969 0.615234 0.667969 0.601562 0.683594 0.581055 0.692383 0.583008 0.662109 0.546875 0.667969 0.552734 0.654297 0.573242 0.645508 0.547852 0.635742 0.547852 0.614258 0.563477 0.607422 0.572266 0.587891 0.599609 0.555664
0 0.546875 0.703125 0.583008 0.6875 0.582031 0.699219 0.569336 0.723633 0.586914 0.725586 0.594727 0.735352 0.579102 0.741211 0.564453 0.742188 0.572266 0.780273 0.547852 0.771484 0.539062 0.791992 0.52832 0.783203 0.518555 0.791992 0.514648 0.777344 0.499023 0.787109 0.499023 0.766602 0.479492 0.761719 0.486328 0.750977 0.464844 0.743164 0.482422 0.734375 0.476562 0.708984 0.49707 0.713867 0.505859 0.698242 0.524414 0.670898
0 0.645508 0.671875 0.65918 0.662109 0.664062 0.686523 0.6875 0.683594 0.6875 0.683594 0.685547 0.692383 0.694336 0.695312 0.678711 0.708008 0.699219 0.72168 0.682617 0.728516 0.686523 0.741211 0.686523 0.741211 0.675781 0.743164 0.674805 0.757812 0.654297 0.768555 0.645508 0.753906 0.638672 0.767578 0.638672 0.767578 0.616211 0.764648 0.617188 0.743164 0.59082 0.744141 0.59082 0.744141 0.613281 0.726562 0.586914 0.724609 0.584961 0.704102 0.611328 0.702148 0.601562 0.672852 0.616211 0.672852 0.629883 0.680664
0 0.758789 0.597656 0.775391 0.589844 0.771484 0.602539 0.771484 0.602539 0.789062 0.605469 0.791992 0.617188 0.767578 0.617188 0.776367 0.628906 0.771484 0.634766 0.78418 0.646484 0.771484 0.655273 0.782227 0.661133 0.780273 0.679688 0.780273 0.679688 0.766602 0.674805 0.761719 0.688477 0.745117 0.677734 0.734375 0.701172 0.726562 0.69043 0.726562 0.69043 0.713867 0.697266 0.723633 0.665039 0.689453 0.675781 0.69043 0.662109 0.675781 0.657227 0.692383 0.639648 0.671875 0.632812 0.677734 0.610352 0.713867 0.620117 0.708008 0.599609 0.696289 0.582031 0.709961 0.578125 0.717773 0.575195 0.724609 0.586914 0.728516 0.567383 0.733398 0.580078 0.745117 0.569336 0.75293 0.578125 0.759766 0.574219 0.759766 0.574219 0.760742 0.588867
0 0.895508 0.600586 0.892578 0.604492 0.875977 0.623047 0.890625 0.634766 0.897461 0.648438 0.886719 0.654297 0.861328 0.654297 0.87207 0.69043 0.856445 0.680664 0.852539 0.689453 0.84375 0.676758 0.839844 0.697266 0.827148 0.689453 0.817383 0.698242 0.814453 0.685547 0.799805 0.69043 0.800781 0.674805 0.775391 0.68457 0.786133 0.664062 0.765625 0.660156 0.770508 0.647461 0.770508 0.647461 0.782227 0.645508 0.771484 0.632812 0.769531 0.609375 0.773438 0.594727 0.773438 0.594727 0.786133 0.594727 0.785156 0.582031 0.796875 0.584961 0.798828 0.572266 0.818359 0.568359 0.823242 0.577148 0.834961 0.570312 0.842773 0.577148 0.849609 0.56543 0.866211 0.570312 0.866211 0.585938 0.876953 0.599609
0 0.974609 0.589844 0.984375 0.580078 0.995117 0.586914 0.993164 0.610352 1 0.621094 1 0.652344 0.987305 0.652344 0.977539 0.678711 0.96875 0.686523 0.958984 0.670898 0.958984 0.670898 0.939453 0.683594 0.936523 0.668945 0.914062 0.676758 0.916992 0.662109 0.890625 0.65625 0.905273 0.640625 0.885742 0.619141 0.890625 0.600586 0.918945 0.606445 0.908203 0.575195 0.926758 0.563477 0.933594 0.578125 0.946289 0.564453 0.974609 0.56543
0 0.779297 0.68457 0.785156 0.683594 0.792969 0.699219 0.804688 0.699219 0.798828 0.708984 0.806641 0.71875 0.797852 0.726562 0.797852 0.726562 0.801758 0.737305 0.794922 0.744141 0.799805 0.760742 0.786133 0.759766 0.782227 0.777344 0.772461 0.78418 0.757812 0.775391 0.750977 0.788086 0.735352 0.777344 0.725586 0.78125 0.719727 0.769531 0.705078 0.771484 0.71582 0.758789 0.703125 0.75293 0.708984 0.74707 0.6875 0.742188 0.714844 0.724609 0.726562 0.722656 0.714844 0.709961 0.703125 0.694336 0.724609 0.696289 0.734375 0.698242 0.74707 0.670898 0.763672 0.685547 0.766602 0.674805
0 0.925781 0.709961 0.932617 0.694336 0.895508 0.702148 0.912109 0.664062 0.893555 0.660156 0.873047 0.678711 0.867188 0.694336 0.854492 0.679688 0.854492 0.679688 0.848633 0.698242 0.829102 0.691406 0.824219 0.694336 0.824219 0.705078 0.793945 0.707031 0.800781 0.717773 0.808594 0.717773 0.817383 0.725586 0.791992 0.724609 0.798828 0.735352 0.811523 0.742188 0.791992 0.749023 0.811523 0.751953 0.816406 0.761719 0.810547 0.764648 0.797852 0.774414 0.841797 0.761719 0.824219 0.773438 0.850586 0.771484 0.849609 0.792969 0.852539 0.799805 0.867188 0.787109 0.87207 0.796875 0.888672 0.770508 0.896484 0.78418 0.90625 0.77832 0.897461 0.74707 0.913086 0.749023 0.935547 0.744141 0.914062 0.731445 0.911133 0.709961
0 0.989258 0.695312 1 0.686523 1 0.764648 1 0.764648 0.993164 0.758789 0.991211 0.790039 0.983398 0.782227 0.974609 0.788086 0.961914 0.77832 0.941406 0.78125 0.949219 0.767578 0.919922 0.772461 0.910156 0.749023 0.924805 0.739258 0.904297 0.71875 0.925781 0.712891 0.952148 0.711914 0.941406 0.696289 0.9375 0.677734 0.966797 0.665039 0.96875 0.682617 0.975586 0.678711 0.987305 0.655273 0.99707 0.664062
0 0.561523 0.798828 0.577148 0.774414 0.583008 0.782227 0.583008 0.791992 0.591797 0.793945 0.591797 0.803711 0.591797 0.803711 0.608398 0.798828 0.609375 0.811523 0.602539 0.822266 0.602539 0.822266 0.612305 0.823242 0.609375 0.833984 0.614258 0.845703 0.599609 0.855469 0.601562 0.866211 0.573242 0.864258 0.577148 0.887695 0.545898 0.870117 0.544922 0.875 0.549805 0.901367 0.538086 0.888672 0.529297 0.902344 0.525391 0.890625 0.516602 0.891602 0.516602 0.876953 0.492188 0.870117 0.505859 0.860352 0.501953 0.84668 0.486328 0.837891 0.494141 0.813477 0.506836 0.795898 0.53125 0.805664 0.526367 0.786133 0.544922 0.775391
0 0.572266 0.882812 0.582031 0.863281 0.599609 0.864258 0.599609 0.874023 0.603516 0.883789 0.600586 0.913086 0.607422 0.912109 0.634766 0.907227 0.639648 0.917969 0.639648 0.917969 0.607422 0.925781 0.631836 0.9375 0.62793 0.955078 0.615234 0.960938 0.599609 0.975586 0.591797 0.984375 0.591797 0.984375 0.587891 0.998047 0.573242 0.985352 0.560547 0.988281 0.55957 0.977539 0.544922 0.985352 0.524414 0.982422 0.541992 0.956055 0.529297 0.952148 0.508789 0.958008 0.509766 0.942383 0.541016 0.932617 0.542969 0.918945 0.542969 0.918945 0.516602 0.921875 0.509766 0.899414 0.522461 0.899414 0.537109 0.908203 0.547852 0.907227 0.543945 0.87207 0.56543 0.879883
0 0.614258 0.80957 0.643555 0.816406 0.636719 0.792969 0.642578 0.776367 0.642578 0.776367 0.662109 0.80957 0.668945 0.774414 0.674805 0.786133 0.689453 0.777344 0.6875 0.799805 0.686523 0.8125 0.71582 0.799805 0.71582 0.810547 0.725586 0.8125 0.708008 0.835938 0.699219 0.841797 0.712891 0.851562 0.724609 0.863281 0.712891 0.873047 0.686523 0.874023 0.68457 0.893555 0.677734 0.902344 0.65332 0.884766 0.643555 0.894531 0.643555 0.894531 0.631836 0.882812 0.633789 0.857422 0.603516 0.853516 0.609375 0.839844 0.626953 0.84082 0.629883 0.830078 0.600586 0.820312
0 0.681641 0.892578 0.689453 0.875977 0.694336 0.887695 0.719727 0.869141 0.71582 0.882812 0.730469 0.881836 0.72168 0.90332 0.734375 0.90625 0.734375 0.90625 0.75293 0.915039 0.735352 0.921875 0.751953 0.925781 0.736328 0.93457 0.745117 0.958008 0.708008 0.949219 0.710938 0.984375 0.698242 0.969727 0.696289 0.984375 0.6875 0.969727 0.678711 0.986328 0.678711 0.986328 0.674805 0.969727 0.649414 0.988281 0.651367 0.961914 0.65625 0.951172 0.636719 0.958984 0.62793 0.945312 0.639648 0.941406 0.619141 0.931641 0.62207 0.921875 0.640625 0.921875 0.629883 0.899414 0.624023 0.902344 0.643555 0.890625 0.649414 0.899414 0.650391 0.882812 0.675781 0.899414
0 0.774414 0.795898 0.794922 0.77832 0.80957 0.782227 0.81543 0.795898 0.799805 0.807617 0.805664 0.805664 0.835938 0.804688 0.824219 0.820312 0.807617 0.831055 0.822266 0.837891 0.822266 0.837891 0.838867 0.844727 0.834961 0.848633 0.827148 0.859375 0.801758 0.851562 0.804688 0.896484 0.788086 0.876953 0.78125 0.890625 0.748047 0.90332 0.755859 0.876953 0.751953 0.878906 0.712891 0.885742 0.729492 0.870117 0.741211 0.859375 0.719727 0.858398 0.712891 0.827148 0.740234 0.832031 0.71875 0.799805 0.739258 0.806641 0.745117 0.777344 0.763672 0.773438
0 0.805664 0.916016 0.833984 0.881836 0.838867 0.896484 0.832031 0.918945 0.850586 0.918945 0.849609 0.930664 0.833984 0.943359 0.845703 0.952148 0.833984 0.957031 0.835938 0.97168 0.818359 0.966797 0.817383 0.981445 0.801758 0.974609 0.799805 0.992188 0.785156 0.995117 0.78418 0.97168 0.766602 0.981445 0.755859 0.967773 0.769531 0.963867 0.768555 0.954102 0.744141 0.955078 0.741211 0.93457 0.766602 0.933594 0.75293 0.916016 0.744141 0.894531 0.765625 0.891602 0.777344 0.902344 0.78125 0.87793 0.793945 0.881836
0 0.920898 0.791992 0.9375 0.800781 0.930664 0.811523 0.93457 0.827148 0.926758 0.835938 0.9375 0.844727 0.927734 0.850586 0.941406 0.862305 0.929688 0.873047 0.930664 0.888672 0.930664 0.888672 0.920898 0.888672 0.922852 0.902344 0.905273 0.896484 0.895508 0.896484 0.891602 0.904297 0.873047 0.899414 0.867188 0.879883 0.84375 0.884766 0.850586 0.860352 0.875 0.848633 0.84082 0.851562 0.839844 0.833984 0.852539 0.833984 0.851562 0.798828 0.879883 0.80957 0.879883 0.783203 0.90332 0.78418 0.907227 0.802734
0 0.999023 0.771484 0.988281 0.776367 0.981445 0.783203 0.957031 0.779297 0.962891 0.795898 0.949219 0.794922 0.952148 0.808594 0.928711 0.805664 0.927734 0.819336 0.944336 0.829102 0.921875 0.829102 0.936523 0.841797 0.93457 0.854492 0.949219 0.863281 0.949219 0.863281 0.936523 0.875 0.936523 0.875 0.950195 0.87793 0.950195 0.87793 0.950195 0.890625 0.967773 0.893555 0.970703 0.888672 0.984375 0.892578 0.989258 0.882812 1 0.884766 1 0.884766
0 0.974609 0.917969 0.946289 0.931641 0.97168 0.946289 0.958984 0.963867 0.952148 0.958984 0.947266 0.977539 0.928711 0.982422 0.921875 0.970703 0.908203 0.984375 0.90625 0.964844 0.889648 0.97168 0.87793 0.958984 0.865234 0.947266 0.875977 0.94043 0.857422 0.922852 0.874023 0.918945 0.862305 0.899414 0.891602 0.904297 0.904297 0.889648 0.920898 0.896484 0.941406 0.878906 0.955078 0.879883 0.954102 0.897461 0.942383 0.915039
