0 0 0 0.00878906 0.00195312 0.015625 0.015625 0.00878906 0.0253906 0 0.0273438
0 0.0371094 0 0.0400391 0.0107422 0.0341797 0.0175781 0.0263672 0.0205078 0.0195312 0.0175781 0.015625 0.00878906 0.0224609 0
0 0.0605469 0.00585938 0.0654297 0.0146484 0.0585938 0.0205078 0.0478516 0.0185547 0.0478516 0.00585938
0 0.0830078 0.00683594 0.09375 0.0107422 0.0927734 0.0175781 0.0830078 0.0185547 0.0751953 0.0126953 0.0751953 0.00683594
0 0.119141 0.00292969 0.125977 0.00878906 0.125 0.0205078 0.109375 0.0214844 0.101562 0.0214844 0.100586 0.0107422 0.108398 0
0 0.147461 0.000976562 0.151367 0.00878906 0.146484 0.0166016 0.135742 0.015625 0.135742 0.00292969
0 0.169922 0.00292969 0.172852 0.00976562 0.168945 0.0185547 0.162109 0.0166016 0.15918 0.0078125
0 0.196289 0.00390625 0.198242 0.00878906 0.197266 0.015625 0.1875 0.0136719 0.18457 0.00390625
0 0.22168 0.00488281 0.225586 0.0126953 0.22168 0.0175781 0.213867 0.0126953 0.213867 0.00585938
0 0.30957 0 0.314453 0.00976562 0.326172 0.00976562 0.335938 0
0 0.294922 0 0.294922 0.00585938 0.299805 0.00683594 0.304688 0.000976562
0 0.280273 0 0.280273 0.00683594 0.270508 0.00976562 0.270508 0.00195312
0 0.25 0.00390625 0.25293 0.00976562 0.245117 0.0117188 0.243164 0.00488281
0 0.078125 0.0517578 0.078125 0.0625 0.0771484 0.0742188 0.0595703 0.0810547 0.0517578 0.0791016 0.0498047 0.0664062 0.0625 0.0556641 0.0742188 0.046875
0 0.0859375 0.0292969 0.0976562 0.0253906 0.104492 0.0322266 0.104492 0.0322266 0.103516 0.0449219 0.0947266 0.0576172 0.0830078 0.0556641 0.078125 0.0410156
0 0.100586 0.0361328 0.108398 0.0341797 0.120117 0.0390625 0.124023 0.0527344 0.124023 0.0527344 0.119141 0.0615234 0.103516 0.0615234 0.0966797 0.0449219
0 0.151367 0.0302734 0.145508 0.0390625 0.136719 0.0429688 0.132812 0.0332031 0.141602 0.0253906
0 0.146484 0.0371094 0.152344 0.0410156 0.152344 0.0458984 0.144531 0.0488281 0.140625 0.0400391
0 0.138672 0.0546875 0.137695 0.0615234 0.130859 0.0634766 0.130859 0.0556641
0 0.188477 0.046875 0.191406 0.0556641 0.180664 0.0615234 0.174805 0.0527344 0.180664 0.0449219
0 0.207031 0.0449219 0.208984 0.0527344 0.199219 0.0576172 0.193359 0.0488281 0.197266 0.0429688
0 0.227539 0.0390625 0.232422 0.046875 0.226562 0.0566406 0.214844 0.0537109 0.214844 0.0400391
0 0.240234 0.0400391 0.246094 0.0458984 0.241211 0.0517578 0.233398 0.0498047 0.234375 0.0419922
0 0.262695 0.0361328 0.264648 0.0419922 0.257812 0.0458984 0.255859 0.0390625
0 0.277344 0.0322266 0.282227 0.0332031 0.282227 0.0419922 0.275391 0.0449219 0.272461 0.0351562
0 0.289062 0.0283203 0.304688 0.0244141 0.304688 0.0244141 0.308594 0.03125 0.308594 0.03125 0.296875 0.0390625 0.290039 0.0341797
0 0.367188 0.0791016 0.37207 0.0859375 0.370117 0.0917969 0.361328 0.0917969 0.359375 0.0830078
0 0.276367 0.0947266 0.288086 0.0996094 0.287109 0.112305 0.279297 0.113281 0.276367 0.120117 0.265625 0.113281 0.268555 0.100586
0 0.249023 0.114258 0.253906 0.117188 0.253906 0.124023 0.249023 0.124023 0.244141 0.118164
0 0.325195 0.0996094 0.322266 0.108398 0.311523 0.106445 0.316406 0.0976562
0 0.117188 0.202148 0.12793 0.205078 0.125 0.21582 0.116211 0.21875 0.114258 0.208008
0 0.125977 0.192383 0.129883 0.196289 0.129883 0.202148 0.124023 0.202148 0.121094 0.196289
0 0.165039 0.177734 0.171875 0.180664 0.180664 0.18457 0.179688 0.194336 0.170898 0.205078 0.158203 0.202148 0.152344 0.189453 0.158203 0.177734
0 0.224609 0.138672 0.235352 0.141602 0.235352 0.149414 0.230469 0.161133 0.21875 0.162109 0.210938 0.150391 0.213867 0.140625
0 0.203125 0.151367 0.216797 0.155273 0.22168 0.166992 0.216797 0.176758 0.203125 0.176758 0.1875 0.169922 0.18457 0.15918 0.193359 0.155273
0 0.192383 0.172852 0.183594 0.180664 0.171875 0.175781 0.175781 0.162109 0.181641 0.162109
0 0.203125 0.175781 0.208008 0.180664 0.207031 0.188477 0.196289 0.191406 0.185547 0.186523 0.1875 0.172852
0 0.209961 0.183594 0.222656 0.180664 0.228516 0.1875 0.227539 0.196289 0.219727 0.203125 0.210938 0.201172 0.205078 0.191406
0 0.208984 0.206055 0.220703 0.208008 0.223633 0.21875 0.223633 0.21875 0.222656 0.225586 0.207031 0.228516 0.202148 0.214844
0 0.283203 0.142578 0.291992 0.147461 0.292969 0.158203 0.288086 0.168945 0.272461 0.176758 0.264648 0.173828 0.262695 0.161133 0.267578 0.147461
0 0.261719 0.181641 0.264648 0.195312 0.255859 0.200195 0.24707 0.193359 0.251953 0.183594
0 0.287109 0.185547 0.294922 0.188477 0.293945 0.196289 0.288086 0.200195 0.280273 0.198242 0.280273 0.188477
0 0.282227 0.209961 0.286133 0.214844 0.283203 0.21875 0.277344 0.21582
0 0.275391 0.226562 0.27832 0.230469 0.273438 0.235352 0.267578 0.232422
0 0.275391 0.234375 0.277344 0.238281 0.276367 0.242188 0.267578 0.243164 0.267578 0.235352
0 0.275391 0.244141 0.277344 0.249023 0.273438 0.251953 0.270508 0.246094
0 0.269531 0.248047 0.274414 0.25293 0.271484 0.256836 0.264648 0.25293 0.263672 0.248047
0 0.223633 0.235352 0.227539 0.243164 0.224609 0.249023 0.216797 0.251953 0.210938 0.248047 0.210938 0.239258
0 0.142578 0.241211 0.145508 0.249023 0.139648 0.25 0.133789 0.244141
0 0.165039 0.262695 0.176758 0.260742 0.181641 0.266602 0.181641 0.266602 0.177734 0.275391 0.166992 0.279297 0.160156 0.270508
0 0.304688 0.262695 0.304688 0.271484 0.298828 0.275391 0.292969 0.269531 0.296875 0.261719
0 0.258789 0.273438 0.267578 0.274414 0.279297 0.282227 0.279297 0.291992 0.27832 0.303711 0.265625 0.305664 0.255859 0.294922 0.251953 0.286133 0.251953 0.27832
0 0.244141 0.290039 0.244141 0.300781 0.240234 0.305664 0.232422 0.304688 0.228516 0.293945
0 0.248047 0.329102 0.255859 0.331055 0.255859 0.336914 0.248047 0.339844 0.243164 0.333984
0 0.225586 0.360352 0.234375 0.358398 0.236328 0.364258 0.233398 0.369141 0.224609 0.368164
0 0.269531 0.379883 0.275391 0.378906 0.279297 0.381836 0.277344 0.389648 0.266602 0.392578 0.261719 0.385742
0 0.28418 0.347656 0.288086 0.358398 0.288086 0.358398 0.28125 0.364258 0.271484 0.365234 0.268555 0.354492 0.275391 0.348633
0 0.285156 0.342773 0.295898 0.341797 0.297852 0.348633 0.292969 0.355469 0.285156 0.354492 0.282227 0.34668
0 0.301758 0.355469 0.304688 0.358398 0.306641 0.364258 0.299805 0.368164 0.294922 0.362305
0 0.366211 0.3125 0.373047 0.3125 0.374023 0.319336 0.369141 0.325195 0.361328 0.318359
0 0 0.385742 0.00585938 0.382812 0.0166016 0.383789 0.0185547 0.395508 0.015625 0.405273 0.00390625 0.405273 0 0.399414 0 0.389648
0 0.0195312 0.371094 0.0244141 0.378906 0.0175781 0.382812 0.0126953 0.374023 0.0146484 0.369141
0 0.0253906 0.363281 0.03125 0.367188 0.03125 0.374023 0.0253906 0.375977 0.0166016 0.368164 0.0175781 0.362305
0 0.0292969 0.347656 0.0361328 0.353516 0.0400391 0.356445 0.0371094 0.365234 0.0263672 0.364258 0.0234375 0.353516
0 0.0410156 0.336914 0.0478516 0.344727 0.046875 0.350586 0.0380859 0.353516 0.0292969 0.347656 0.0332031 0.333984
0 0.0410156 0.314453 0.0537109 0.317383 0.0546875 0.327148 0.0546875 0.338867 0.0488281 0.342773 0.0361328 0.335938 0.0332031 0.318359
0 0.0185547 0.429688 0.0244141 0.435547 0.0234375 0.441406 0.015625 0.441406 0.0136719 0.43457
0 0.0869141 0.433594 0.0927734 0.44043 0.0908203 0.452148 0.0791016 0.452148 0.0722656 0.444336 0.0771484 0.435547
0 0.104492 0.44043 0.110352 0.443359 0.110352 0.450195 0.100586 0.454102 0.0976562 0.446289
0 0.142578 0.40332 0.145508 0.408203 0.141602 0.418945 0.132812 0.420898 0.126953 0.414062 0.136719 0.40332
0 0.155273 0.421875 0.166016 0.426758 0.165039 0.43457 0.162109 0.442383 0.148438 0.44043 0.146484 0.427734
0 0.175781 0.428711 0.180664 0.43457 0.177734 0.4375 0.170898 0.438477 0.169922 0.431641
0 0.188477 0.425781 0.188477 0.430664 0.180664 0.433594 0.178711 0.427734
0 0.318359 0.396484 0.318359 0.40625 0.3125 0.412109 0.304688 0.408203 0.308594 0.399414
0 0.107422 0.485352 0.112305 0.491211 0.108398 0.499023 0.100586 0.500977 0.0966797 0.490234
0 0.104492 0.516602 0.110352 0.520508 0.111328 0.52832 0.105469 0.532227 0.0986328 0.523438 0.0986328 0.523438
0 0.167969 0.455078 0.170898 0.460938 0.168945 0.469727 0.160156 0.469727 0.155273 0.463867 0.160156 0.454102
1 0.210938 0.444336 0.220703 0.44043 0.234375 0.435547 0.24707 0.43457 0.257812 0.430664 0.264648 0.439453 0.264648 0.439453 0.258789 0.442383 0.254883 0.449219 0.240234 0.452148 0.225586 0.452148 0.213867 0.452148 0.208984 0.449219
0 0.273438 0.444336 0.280273 0.447266 0.283203 0.454102 0.277344 0.458008 0.269531 0.453125
0 0.282227 0.459961 0.287109 0.463867 0.287109 0.47168 0.28125 0.477539 0.276367 0.46875 0.276367 0.459961
0 0.21875 0.458008 0.223633 0.456055 0.229492 0.459961 0.228516 0.469727 0.22168 0.467773
1 0.228516 0.469727 0.236328 0.47168 0.239258 0.483398 0.243164 0.490234 0.245117 0.498047 0.245117 0.504883 0.251953 0.500977 0.263672 0.5 0.269531 0.495117 0.279297 0.495117 0.288086 0.499023 0.295898 0.506836 0.294922 0.517578 0.286133 0.526367 0.275391 0.52832 0.275391 0.52832 0.276367 0.538086 0.287109 0.543945 0.297852 0.539062 0.307617 0.53418 0.316406 0.537109 0.322266 0.545898 0.328125 0.555664 0.30957 0.566406 0.293945 0.569336 0.280273 0.563477 0.271484 0.561523 0.260742 0.545898 0.25 0.552734 0.241211 0.558594 0.236328 0.549805 0.246094 0.541992 0.255859 0.536133 0.253906 0.522461 0.245117 0.52832 0.240234 0.540039 0.228516 0.541992 0.222656 0.529297 0.235352 0.519531 0.243164 0.520508 0.238281 0.512695 0.232422 0.503906 0.224609 0.49707 0.226562 0.486328 0.22168 0.474609
0 0.214844 0.499023 0.22168 0.5 0.223633 0.506836 0.217773 0.510742 0.212891 0.503906
0 0.301758 0.504883 0.305664 0.508789 0.304688 0.513672 0.296875 0.513672 0.294922 0.508789
0 0.311523 0.520508 0.317383 0.520508 0.323242 0.525391 0.319336 0.530273 0.310547 0.532227 0.306641 0.52832
0 0.198242 0.600586 0.205078 0.607422 0.198242 0.619141 0.185547 0.618164 0.181641 0.610352 0.185547 0.602539
0 0.203125 0.603516 0.210938 0.601562 0.213867 0.611328 0.213867 0.617188 0.205078 0.625 0.196289 0.621094 0.202148 0.611328
0 0.174805 0.661133 0.188477 0.657227 0.202148 0.65918 0.210938 0.670898 0.207031 0.683594 0.196289 0.693359 0.178711 0.697266 0.168945 0.683594 0.163086 0.671875
0 0.248047 0.644531 0.265625 0.638672 0.273438 0.646484 0.275391 0.655273 0.261719 0.660156 0.253906 0.654297 0.244141 0.654297 0.244141 0.646484
0 0.28125 0.577148 0.283203 0.584961 0.290039 0.589844 0.285156 0.599609 0.271484 0.600586 0.264648 0.597656 0.261719 0.588867 0.272461 0.579102
0 0.3125 0.633789 0.317383 0.636719 0.317383 0.643555 0.308594 0.643555 0.305664 0.634766
0 0.287109 0.661133 0.289062 0.666016 0.283203 0.668945 0.282227 0.662109
0 0.289062 0.666016 0.291992 0.670898 0.291992 0.674805 0.28418 0.674805 0.28418 0.668945
0 0.292969 0.673828 0.293945 0.681641 0.285156 0.679688 0.285156 0.675781
0 0.316406 0.644531 0.320312 0.649414 0.320312 0.658203 0.313477 0.657227 0.310547 0.649414
0 0.313477 0.698242 0.322266 0.697266 0.327148 0.702148 0.329102 0.709961 0.321289 0.713867 0.313477 0.713867 0.310547 0.702148
0 0.332031 0.705078 0.34082 0.701172 0.34375 0.706055 0.342773 0.711914 0.335938 0.71582 0.331055 0.710938
0 0.348633 0.714844 0.353516 0.716797 0.353516 0.725586 0.34668 0.728516 0.34375 0.720703
0 0.358398 0.714844 0.364258 0.71582 0.364258 0.71582 0.364258 0.723633 0.358398 0.724609
0 0.349609 0.727539 0.357422 0.727539 0.359375 0.732422 0.347656 0.738281 0.345703 0.731445
0 0.111328 0.724609 0.119141 0.731445 0.113281 0.737305 0.103516 0.734375 0.100586 0.726562
0 0.12207 0.732422 0.12793 0.735352 0.125977 0.742188 0.118164 0.741211 0.116211 0.736328
1 0.0927734 0.741211 0.09375 0.75293 0.100586 0.755859 0.116211 0.748047 0.128906 0.746094 0.133789 0.751953 0.139648 0.75293 0.139648 0.761719 0.129883 0.766602 0.113281 0.775391 0.0996094 0.777344 0.0859375 0.779297 0.0820312 0.777344 0.0751953 0.78125 0.0595703 0.779297 0.0556641 0.766602 0.0625 0.75293 0.0712891 0.751953 0.0761719 0.743164 0.0849609 0.742188
0 0.195312 0.713867 0.200195 0.717773 0.199219 0.723633 0.192383 0.724609 0.188477 0.716797
0 0.183594 0.743164 0.189453 0.744141 0.193359 0.75293 0.18457 0.754883 0.180664 0.748047
0 0.169922 0.749023 0.177734 0.750977 0.178711 0.760742 0.169922 0.764648 0.161133 0.761719 0.163086 0.75293
0 0.150391 0.761719 0.158203 0.763672 0.15918 0.770508 0.152344 0.775391 0.144531 0.768555
0 0.138672 0.770508 0.144531 0.777344 0.143555 0.782227 0.129883 0.779297 0.132812 0.771484
0 0.136719 0.782227 0.145508 0.786133 0.142578 0.792969 0.134766 0.793945 0.130859 0.785156
0 0.114258 0.775391 0.12207 0.780273 0.118164 0.785156 0.108398 0.785156 0.106445 0.777344
0 0.0712891 0.78418 0.0771484 0.786133 0.0771484 0.786133 0.0839844 0.790039 0.0869141 0.795898 0.0800781 0.799805 0.0703125 0.795898
0 0.0898438 0.78125 0.0996094 0.782227 0.100586 0.789062 0.0917969 0.791992 0.0869141 0.787109
0 0.0214844 0.791016 0.0283203 0.804688 0.0253906 0.806641 0.015625 0.799805
0 0.0283203 0.80957 0.0332031 0.823242 0.0292969 0.829102 0.015625 0.831055 0.0136719 0.820312 0.0205078 0.810547
0 0.0898438 0.814453 0.0927734 0.819336 0.0888672 0.825195 0.0810547 0.822266 0.0820312 0.8125
0 0.121094 0.818359 0.133789 0.816406 0.142578 0.820312 0.144531 0.828125 0.135742 0.832031 0.134766 0.842773 0.12793 0.84375 0.119141 0.835938 0.116211 0.822266
0 0.162109 0.8125 0.166016 0.821289 0.166016 0.821289 0.161133 0.829102 0.150391 0.827148 0.148438 0.813477 0.157227 0.8125
0 0.192383 0.811523 0.198242 0.824219 0.189453 0.830078 0.177734 0.827148 0.177734 0.8125
0 0.207031 0.808594 0.208008 0.818359 0.204102 0.823242 0.196289 0.821289 0.193359 0.808594
0 0.260742 0.797852 0.266602 0.799805 0.277344 0.799805 0.277344 0.810547 0.28125 0.81543 0.28125 0.81543 0.280273 0.825195 0.266602 0.826172 0.258789 0.81543
0 0.242188 0.827148 0.25 0.831055 0.25 0.831055 0.246094 0.839844 0.238281 0.835938
0 0.235352 0.833984 0.241211 0.836914 0.241211 0.844727 0.233398 0.847656 0.228516 0.84082
0 0.286133 0.828125 0.292969 0.830078 0.292969 0.836914 0.283203 0.836914
0 0.27832 0.84668 0.276367 0.856445 0.269531 0.856445 0.269531 0.847656
0 0.293945 0.864258 0.291992 0.873047 0.286133 0.873047 0.285156 0.864258
0 0.301758 0.867188 0.304688 0.873047 0.294922 0.875977 0.296875 0.868164
0 0.310547 0.871094 0.317383 0.878906 0.314453 0.883789 0.306641 0.881836
0 0.266602 0.865234 0.273438 0.87207 0.277344 0.878906 0.277344 0.878906 0.270508 0.884766 0.263672 0.882812 0.255859 0.873047
0 0.276367 0.876953 0.286133 0.879883 0.286133 0.889648 0.277344 0.890625 0.273438 0.883789
0 0.261719 0.897461 0.272461 0.897461 0.279297 0.908203 0.273438 0.919922 0.258789 0.921875 0.251953 0.911133 0.251953 0.902344
1 0.21582 0.871094 0.226562 0.866211 0.236328 0.867188 0.237305 0.874023 0.222656 0.889648 0.214844 0.90332 0.208008 0.913086 0.201172 0.920898 0.191406 0.917969 0.183594 0.912109 0.177734 0.902344 0.173828 0.893555 0.178711 0.883789 0.167969 0.876953 0.158203 0.884766 0.151367 0.883789 0.155273 0.875 0.164062 0.866211 0.163086 0.854492 0.174805 0.853516 0.174805 0.860352 0.18457 0.863281 0.186523 0.874023 0.186523 0.882812 0.19043 0.893555 0.193359 0.879883 0.205078 0.87207
0 0.141602 0.828125 0.15332 0.830078 0.164062 0.838867 0.165039 0.852539 0.163086 0.864258 0.149414 0.868164 0.130859 0.858398 0.129883 0.842773 0.134766 0.831055
0 0.166992 0.844727 0.175781 0.84375 0.18457 0.850586 0.1875 0.857422 0.180664 0.859375 0.171875 0.853516 0.166016 0.850586
0 0.118164 0.852539 0.132812 0.856445 0.138672 0.868164 0.134766 0.880859 0.117188 0.883789 0.105469 0.87793 0.105469 0.860352
0 0.149414 0.90625 0.160156 0.90625 0.163086 0.916016 0.152344 0.920898 0.143555 0.926758 0.137695 0.916992 0.140625 0.90918
1 0.0751953 0.947266 0.0791016 0.947266 0.0791016 0.942383 0.078125 0.935547 0.0693359 0.93457 0.0693359 0.925781 0.0791016 0.924805 0.0810547 0.929688 0.0859375 0.931641 0.0898438 0.939453 0.0917969 0.949219 0.0917969 0.954102 0.0976562 0.955078 0.103516 0.951172 0.108398 0.946289 0.114258 0.943359 0.116211 0.9375 0.121094 0.9375 0.121094 0.941406 0.126953 0.943359 0.135742 0.949219 0.141602 0.953125 0.145508 0.959961 0.143555 0.967773 0.143555 0.967773 0.135742 0.964844 0.128906 0.959961 0.124023 0.955078 0.111328 0.958008 0.101562 0.963867 0.102539 0.976562 0.102539 0.976562 0.0947266 0.981445 0.0800781 0.981445 0.0712891 0.973633 0.0585938 0.967773 0.0634766 0.957031
0 0.113281 0.908203 0.115234 0.912109 0.109375 0.913086 0.106445 0.910156
0 0.113281 0.913086 0.116211 0.918945 0.116211 0.918945 0.112305 0.921875 0.107422 0.919922 0.107422 0.916016
0 0.15625 0.958984 0.15918 0.967773 0.152344 0.972656 0.145508 0.969727 0.145508 0.960938
0 0.166016 0.951172 0.168945 0.958008 0.167969 0.966797 0.161133 0.966797 0.158203 0.957031
0 0.174805 0.941406 0.180664 0.946289 0.181641 0.953125 0.171875 0.958008 0.167969 0.951172 0.169922 0.945312
0 0.0458984 0.96875 0.0498047 0.972656 0.0498047 0.972656 0.0488281 0.977539 0.0410156 0.976562 0.0400391 0.97168
0 0.0703125 0.976562 0.0742188 0.981445 0.0732422 0.987305 0.0644531 0.985352 0.0654297 0.980469
0 0.0947266 0.988281 0.0996094 0.989258 0.101562 0.99707 0.0966797 1 0.0898438 0.996094 0.0908203 0.989258
0 0.168945 0.985352 0.172852 0.989258 0.172852 0.996094 0.167969 1 0.15625 1 0.163086 0.989258
0 0.176758 0.978516 0.18457 0.982422 0.185547 0.986328 0.178711 0.989258 0.172852 0.991211 0.169922 0.984375
0 0.170898 0.998047 0.173828 0.989258 0.18457 0.988281 0.18457 0.988281 0.1875 0.994141 0.19043 0.998047 0.19043 1
0 0.225586 0.959961 0.232422 0.963867 0.232422 0.97168 0.228516 0.975586 0.219727 0.976562 0.219727 0.976562 0.217773 0.96875
0 0.245117 0.975586 0.25 0.976562 0.250977 0.981445 0.244141 0.983398 0.241211 0.978516
0 0.269531 0.974609 0.272461 0.978516 0.272461 0.984375 0.265625 0.986328 0.260742 0.982422 0.262695 0.974609
0 0.274414 0.97168 0.279297 0.975586 0.276367 0.981445 0.270508 0.979492 0.268555 0.973633
0 0.282227 0.953125 0.283203 0.957031 0.277344 0.958984 0.276367 0.954102
0 0.286133 0.943359 0.288086 0.947266 0.28418 0.950195 0.282227 0.944336
0 0.264648 0.81543 0.266602 0.827148 0.257812 0.833008 0.24707 0.830078 0.246094 0.814453 0.254883 0.811523
0 0.286133 0.796875 0.288086 0.803711 0.282227 0.807617 0.279297 0.801758
0 0.288086 0.807617 0.291016 0.807617 0.294922 0.814453 0.288086 0.817383 0.285156 0.811523
0 0.299805 0.8125 0.302734 0.819336 0.300781 0.824219 0.295898 0.824219 0.292969 0.818359
0 0.260742 0.761719 0.260742 0.766602 0.258789 0.771484 0.253906 0.771484 0.251953 0.765625
0 0.264648 0.756836 0.271484 0.757812 0.273438 0.762695 0.269531 0.767578 0.264648 0.762695
0 0.277344 0.75293 0.282227 0.75293 0.28418 0.756836 0.279297 0.759766 0.277344 0.755859
0 0.28418 0.775391 0.289062 0.779297 0.289062 0.779297 0.290039 0.788086 0.28418 0.791992 0.277344 0.789062 0.277344 0.780273
0 0.384766 0.757812 0.386719 0.762695 0.383789 0.766602 0.379883 0.761719
0 0.227539 0.72168 0.232422 0.722656 0.237305 0.725586 0.233398 0.728516 0.226562 0.726562
0 0.537109 0.0126953 0.537109 0.0166016 0.53125 0.0195312 0.532227 0.0117188
0 0.572266 0.0380859 0.574219 0.0458984 0.569336 0.0517578 0.564453 0.0429688
0 0.579102 0.0605469 0.582031 0.0673828 0.575195 0.0712891 0.573242 0.0625
0 0.554688 0.0683594 0.557617 0.0751953 0.549805 0.078125 0.548828 0.0722656
0 0.447266 0.0400391 0.454102 0.0429688 0.454102 0.0517578 0.448242 0.0527344 0.443359 0.046875
0 0.454102 0.0595703 0.454102 0.0683594 0.446289 0.0742188 0.441406 0.0644531 0.448242 0.0585938
0 0.588867 0.0839844 0.585938 0.09375 0.579102 0.09375 0.576172 0.0869141
0 0.600586 0.0761719 0.615234 0.0751953 0.62207 0.0830078 0.623047 0.0986328 0.618164 0.103516 0.611328 0.101562 0.607422 0.0917969 0.600586 0.0859375 0.600586 0.0859375
0 0.628906 0.0996094 0.637695 0.100586 0.639648 0.110352 0.634766 0.113281 0.62793 0.110352
0 0.615234 0.109375 0.617188 0.121094 0.609375 0.123047 0.605469 0.118164 0.607422 0.110352
0 0.594727 0.0878906 0.606445 0.0888672 0.614258 0.0996094 0.610352 0.108398 0.600586 0.109375 0.588867 0.107422 0.586914 0.0947266
0 0.577148 0.151367 0.583984 0.155273 0.586914 0.164062 0.586914 0.164062 0.582031 0.166992 0.573242 0.166016 0.570312 0.15625 0.570312 0.15625
0 0.610352 0.15918 0.616211 0.165039 0.616211 0.170898 0.608398 0.171875 0.603516 0.166992
0 0.554688 0.136719 0.560547 0.142578 0.554688 0.146484 0.550781 0.140625
0 0.549805 0.144531 0.553711 0.146484 0.553711 0.152344 0.547852 0.152344 0.545898 0.147461
0 0.545898 0.146484 0.546875 0.152344 0.541992 0.15625 0.535156 0.15332 0.540039 0.147461
0 0.456055 0.171875 0.464844 0.170898 0.46582 0.181641 0.460938 0.188477 0.452148 0.193359 0.448242 0.195312 0.442383 0.19043 0.447266 0.179688 0.452148 0.177734
0 0.470703 0.178711 0.474609 0.180664 0.474609 0.18457 0.46875 0.18457 0.467773 0.181641
0 0.483398 0.175781 0.483398 0.181641 0.475586 0.183594 0.474609 0.178711 0.479492 0.174805
0 0.483398 0.173828 0.487305 0.170898 0.490234 0.174805 0.490234 0.178711 0.485352 0.179688
0 0.541992 0.161133 0.552734 0.158203 0.557617 0.162109 0.558594 0.171875 0.556641 0.179688 0.546875 0.177734 0.537109 0.173828 0.535156 0.166016
0 0.560547 0.194336 0.566406 0.199219 0.56543 0.205078 0.558594 0.206055 0.558594 0.206055 0.553711 0.201172 0.553711 0.195312
0 0.59375 0.208984 0.603516 0.211914 0.610352 0.223633 0.599609 0.232422 0.585938 0.237305 0.573242 0.231445 0.570312 0.224609 0.577148 0.211914 0.586914 0.209961
0 0.567383 0.235352 0.566406 0.240234 0.561523 0.243164 0.558594 0.235352 0.558594 0.235352 0.5625 0.232422
0 0.52832 0.250977 0.533203 0.253906 0.533203 0.259766 0.525391 0.261719 0.524414 0.256836
0 0.484375 0.279297 0.494141 0.28125 0.49707 0.291992 0.49707 0.291992 0.492188 0.299805 0.476562 0.298828 0.473633 0.288086
0 0.428711 0.275391 0.435547 0.280273 0.430664 0.288086 0.422852 0.286133 0.422852 0.280273
0 0.496094 0.297852 0.505859 0.301758 0.506836 0.310547 0.499023 0.317383 0.490234 0.308594 0.491211 0.299805
0 0.416016 0.331055 0.421875 0.331055 0.422852 0.335938 0.416016 0.339844 0.413086 0.334961
0 0.511719 0.333008 0.517578 0.335938 0.520508 0.341797 0.515625 0.344727 0.509766 0.34082
0 0.370117 0.418945 0.376953 0.415039 0.386719 0.416992 0.389648 0.422852 0.389648 0.429688 0.37793 0.435547 0.366211 0.430664
0 0.424805 0.394531 0.428711 0.397461 0.426758 0.404297 0.420898 0.405273 0.416992 0.396484
0 0.4375 0.411133 0.4375 0.415039 0.441406 0.420898 0.43457 0.421875 0.430664 0.416992 0.430664 0.410156
0 0.474609 0.449219 0.480469 0.454102 0.476562 0.460938 0.47168 0.460938 0.469727 0.454102
0 0.570312 0.454102 0.576172 0.453125 0.578125 0.460938 0.573242 0.464844 0.568359 0.460938
0 0.541016 0.462891 0.550781 0.467773 0.547852 0.474609 0.541016 0.472656
0 0.550781 0.473633 0.557617 0.470703 0.564453 0.474609 0.570312 0.477539 0.569336 0.486328 0.55957 0.486328 0.55957 0.486328 0.551758 0.480469
0 0.462891 0.518555 0.467773 0.525391 0.466797 0.535156 0.457031 0.540039 0.457031 0.540039 0.449219 0.533203 0.447266 0.525391 0.455078 0.516602
1 0.521484 0.489258 0.53125 0.489258 0.538086 0.493164 0.545898 0.5 0.547852 0.507812 0.541992 0.515625 0.535156 0.521484 0.52832 0.520508 0.527344 0.514648 0.530273 0.506836 0.523438 0.500977 0.517578 0.495117
0 0.583008 0.577148 0.588867 0.578125 0.589844 0.583984 0.584961 0.587891 0.579102 0.583008
0 0.577148 0.584961 0.583008 0.587891 0.581055 0.59375 0.575195 0.59668 0.571289 0.591797
0 0.633789 0.600586 0.639648 0.600586 0.642578 0.603516 0.637695 0.611328 0.632812 0.609375 0.631836 0.603516
0 0.62207 0.618164 0.629883 0.619141 0.628906 0.624023 0.62207 0.631836 0.618164 0.62793
0 0.577148 0.637695 0.586914 0.638672 0.59668 0.649414 0.598633 0.661133 0.594727 0.667969 0.585938 0.665039 0.571289 0.655273 0.572266 0.644531
0 0.59375 0.673828 0.597656 0.678711 0.594727 0.686523 0.586914 0.686523 0.585938 0.676758
0 0.385742 0.663086 0.390625 0.671875 0.390625 0.678711 0.386719 0.678711 0.381836 0.665039
0 0.419922 0.703125 0.429688 0.704102 0.439453 0.708008 0.439453 0.708008 0.4375 0.711914 0.428711 0.71582 0.417969 0.716797 0.415039 0.709961
0 0.413086 0.708008 0.416992 0.714844 0.413086 0.720703 0.40625 0.717773 0.407227 0.710938
0 0.50293 0.698242 0.508789 0.705078 0.507812 0.71582 0.500977 0.722656 0.485352 0.719727 0.484375 0.708008
0 0.535156 0.693359 0.540039 0.694336 0.541016 0.700195 0.537109 0.704102 0.530273 0.702148
0 0.575195 0.713867 0.576172 0.719727 0.573242 0.72168 0.569336 0.716797
0 0.526367 0.713867 0.533203 0.713867 0.541016 0.713867 0.541016 0.713867 0.544922 0.719727 0.549805 0.725586 0.544922 0.730469 0.544922 0.730469 0.533203 0.725586 0.523438 0.71875
0 0.458008 0.75 0.463867 0.743164 0.47168 0.738281 0.479492 0.741211 0.478516 0.753906 0.475586 0.762695 0.458984 0.772461 0.445312 0.774414 0.439453 0.767578 0.441406 0.756836
0 0.487305 0.763672 0.488281 0.771484 0.483398 0.774414 0.479492 0.769531 0.482422 0.762695
0 0.53418 0.773438 0.538086 0.777344 0.536133 0.783203 0.52832 0.77832 0.52832 0.773438
0 0.532227 0.780273 0.53418 0.785156 0.530273 0.790039 0.525391 0.788086 0.525391 0.780273
0 0.556641 0.729492 0.5625 0.733398 0.560547 0.739258 0.554688 0.739258 0.550781 0.733398
0 0.529297 0.829102 0.533203 0.836914 0.530273 0.84082 0.524414 0.838867 0.525391 0.833008
0 0.549805 0.831055 0.553711 0.835938 0.549805 0.842773 0.549805 0.842773 0.543945 0.839844 0.542969 0.832031
0 0.544922 0.842773 0.546875 0.84668 0.545898 0.850586 0.539062 0.848633 0.538086 0.842773
0 0.554688 0.856445 0.561523 0.855469 0.569336 0.860352 0.56543 0.865234 0.558594 0.867188 0.551758 0.862305
0 0.516602 0.885742 0.520508 0.893555 0.520508 0.893555 0.515625 0.897461 0.515625 0.897461 0.508789 0.896484 0.507812 0.890625
0 0.536133 0.901367 0.538086 0.904297 0.535156 0.908203 0.53125 0.908203 0.52832 0.902344
0 0.584961 0.870117 0.598633 0.865234 0.609375 0.867188 0.614258 0.876953 0.618164 0.890625 0.608398 0.902344 0.597656 0.910156 0.585938 0.902344 0.577148 0.893555 0.577148 0.878906
0 0.475586 0.985352 0.480469 0.987305 0.481445 0.996094 0.477539 1 0.470703 0.995117 0.470703 0.987305
0 0.545898 0.979492 0.554688 0.978516 0.557617 0.984375 0.553711 0.988281 0.545898 0.985352
0 0.661133 0.90918 0.660156 0.916992 0.660156 0.923828 0.65625 0.928711 0.649414 0.924805 0.646484 0.913086 0.651367 0.907227
0 0.672852 0.932617 0.682617 0.936523 0.685547 0.943359 0.682617 0.950195 0.682617 0.950195 0.675781 0.948242 0.672852 0.942383 0.665039 0.938477 0.665039 0.931641
0 0.711914 0.868164 0.724609 0.874023 0.726562 0.880859 0.723633 0.886719 0.71582 0.887695 0.710938 0.878906 0.707031 0.873047
0 0.732422 0.867188 0.740234 0.868164 0.745117 0.879883 0.741211 0.882812 0.731445 0.876953
0 0.732422 0.878906 0.738281 0.882812 0.740234 0.887695 0.734375 0.889648 0.725586 0.883789 0.725586 0.883789
0 0.726562 0.884766 0.731445 0.890625 0.731445 0.895508 0.724609 0.895508 0.719727 0.889648
0 0.75293 0.845703 0.755859 0.849609 0.75293 0.859375 0.748047 0.861328 0.739258 0.855469 0.741211 0.845703
0 0.494141 0.807617 0.5 0.811523 0.5 0.816406 0.493164 0.819336 0.489258 0.813477
0 0.647461 0.257812 0.65918 0.257812 0.663086 0.266602 0.655273 0.272461 0.643555 0.267578
0 0.668945 0.283203 0.675781 0.28418 0.675781 0.293945 0.667969 0.296875 0.664062 0.288086
0 0.618164 0.186523 0.62793 0.183594 0.62793 0.183594 0.635742 0.189453 0.638672 0.196289 0.629883 0.202148 0.617188 0.199219
1 0.74707 0.238281 0.754883 0.232422 0.768555 0.220703 0.77832 0.214844 0.786133 0.217773 0.78418 0.228516 0.770508 0.242188 0.759766 0.249023 0.748047 0.253906 0.741211 0.248047
0 0.672852 0.114258 0.674805 0.121094 0.666992 0.128906 0.666992 0.128906 0.661133 0.12207 0.665039 0.114258
0 0.700195 0.09375 0.708984 0.0917969 0.713867 0.0976562 0.708008 0.104492 0.702148 0.101562
0 0.727539 0.0898438 0.730469 0.09375 0.730469 0.09375 0.724609 0.0976562 0.720703 0.0898438
0 0.658203 0.00292969 0.667969 0 0.675781 0.00195312 0.681641 0.00976562 0.674805 0.015625 0.663086 0.0195312 0.654297 0.0117188
0 0.717773 0.0126953 0.72168 0.0205078 0.717773 0.0273438 0.708008 0.0234375 0.708008 0.0146484
0 0.824219 0.0917969 0.829102 0.0957031 0.821289 0.101562 0.818359 0.0927734
0 0.875977 0.130859 0.878906 0.133789 0.878906 0.137695 0.873047 0.141602 0.873047 0.141602 0.868164 0.134766
0 0.901367 0 0.905273 0.0078125 0.910156 0.00976562 0.915039 0.00488281 0.913086 0
0 0.922852 0.0185547 0.927734 0.0253906 0.926758 0.0361328 0.926758 0.0361328 0.917969 0.0400391 0.90918 0.0341797 0.911133 0.0224609
1 0.966797 0 0.96582 0.0117188 0.964844 0.0205078 0.96875 0.0224609 0.979492 0.0126953 0.987305 0
0 0.948242 0.0683594 0.953125 0.0693359 0.956055 0.0742188 0.952148 0.0771484 0.947266 0.0751953
0 0.967773 0.0976562 0.970703 0.0917969 0.978516 0.0917969 0.983398 0.0986328 0.982422 0.106445 0.975586 0.106445
0 0.931641 0.0839844 0.942383 0.0810547 0.948242 0.0839844 0.948242 0.0908203 0.94043 0.0966797 0.935547 0.100586 0.927734 0.0957031 0.927734 0.0878906
0 0.932617 0.126953 0.935547 0.130859 0.935547 0.135742 0.929688 0.134766 0.926758 0.12793
0 0.984375 0.161133 0.979492 0.167969 0.97168 0.167969 0.97168 0.161133 0.980469 0.155273
0 0.99707 0.170898 1 0.180664 1 0.18457 0.988281 0.180664 0.986328 0.173828 0.992188 0.167969
0 0.986328 0.188477 0.991211 0.192383 0.990234 0.196289 0.984375 0.200195 0.979492 0.195312 0.979492 0.189453
0 0.863281 0.219727 0.867188 0.226562 0.862305 0.234375 0.856445 0.230469 0.856445 0.22168
0 0.84668 0.239258 0.847656 0.24707 0.841797 0.249023 0.841797 0.249023 0.837891 0.242188
0 0.796875 0.276367 0.800781 0.282227 0.794922 0.287109 0.788086 0.288086 0.786133 0.280273
1 0.945312 0.283203 0.955078 0.28418 0.960938 0.288086 0.964844 0.300781 0.955078 0.308594 0.943359 0.310547 0.944336 0.318359 0.928711 0.325195 0.917969 0.323242 0.905273 0.331055 0.894531 0.337891 0.882812 0.34668 0.881836 0.357422 0.890625 0.359375 0.894531 0.364258 0.905273 0.370117 0.905273 0.370117 0.910156 0.371094 0.915039 0.37793 0.916016 0.387695 0.908203 0.387695 0.896484 0.381836 0.883789 0.369141 0.874023 0.360352 0.862305 0.351562 0.862305 0.351562 0.866211 0.34082 0.875977 0.335938 0.887695 0.327148 0.897461 0.317383 0.907227 0.310547 0.916992 0.308594 0.923828 0.297852 0.935547 0.290039 0.94043 0.295898 0.939453 0.300781 0.943359 0.302734 0.952148 0.296875 0.950195 0.292969 0.944336 0.290039 0.944336 0.290039
0 0.65918 0.310547 0.661133 0.316406 0.65625 0.321289 0.650391 0.31543
1 0.666992 0.414062 0.676758 0.416016 0.682617 0.424805 0.688477 0.425781 0.700195 0.433594 0.701172 0.442383 0.708984 0.450195 0.714844 0.458984 0.713867 0.467773 0.719727 0.475586 0.716797 0.480469 0.710938 0.478516 0.698242 0.458984 0.674805 0.430664 0.665039 0.417969
0 0.731445 0.446289 0.734375 0.454102 0.729492 0.457031 0.729492 0.457031 0.723633 0.453125 0.726562 0.447266
0 0.77832 0.442383 0.78418 0.445312 0.782227 0.453125 0.772461 0.458984 0.767578 0.451172
0 0.759766 0.460938 0.766602 0.460938 0.766602 0.460938 0.766602 0.467773 0.755859 0.469727 0.753906 0.461914
0 0.75 0.46875 0.755859 0.470703 0.755859 0.476562 0.75 0.478516 0.744141 0.473633 0.744141 0.473633
0 0.654297 0.503906 0.658203 0.505859 0.658203 0.512695 0.648438 0.515625 0.645508 0.505859
0 0.717773 0.485352 0.723633 0.486328 0.725586 0.491211 0.714844 0.495117 0.714844 0.488281
0 0.710938 0.494141 0.712891 0.498047 0.708984 0.50293 0.703125 0.5 0.704102 0.493164
0 0.675781 0.530273 0.676758 0.535156 0.671875 0.538086 0.667969 0.532227
0 0.78418 0.517578 0.787109 0.518555 0.787109 0.524414 0.787109 0.524414 0.782227 0.527344 0.77832 0.522461 0.77832 0.518555
0 0.734375 0.563477 0.738281 0.571289 0.738281 0.571289 0.734375 0.581055 0.727539 0.580078 0.716797 0.571289 0.724609 0.5625
0 0.724609 0.584961 0.729492 0.600586 0.722656 0.603516 0.713867 0.610352 0.705078 0.609375 0.697266 0.602539 0.698242 0.594727 0.707031 0.587891 0.71582 0.582031
0 0.787109 0.5625 0.786133 0.568359 0.78125 0.569336 0.779297 0.561523
0 0.819336 0.556641 0.821289 0.5625 0.817383 0.56543 0.8125 0.561523 0.8125 0.554688
0 0.838867 0.583008 0.84375 0.59082 0.836914 0.597656 0.827148 0.594727 0.829102 0.587891
0 0.701172 0.619141 0.706055 0.624023 0.706055 0.629883 0.696289 0.630859 0.693359 0.621094
0 0.644531 0.663086 0.644531 0.672852 0.639648 0.674805 0.631836 0.671875 0.635742 0.662109
0 0.676758 0.647461 0.671875 0.655273 0.666016 0.65332 0.668945 0.646484
0 0.675781 0.651367 0.682617 0.652344 0.686523 0.657227 0.679688 0.65918 0.671875 0.657227
0 0.722656 0.639648 0.726562 0.643555 0.725586 0.650391 0.716797 0.651367 0.713867 0.642578 0.713867 0.642578
0 0.754883 0.649414 0.763672 0.655273 0.769531 0.661133 0.766602 0.665039 0.755859 0.664062 0.755859 0.664062 0.751953 0.655273
0 0.708984 0.675781 0.713867 0.680664 0.712891 0.6875 0.707031 0.68457 0.705078 0.679688
0 0.763672 0.679688 0.763672 0.683594 0.760742 0.688477 0.755859 0.68457 0.756836 0.678711
0 0.666992 0.688477 0.675781 0.696289 0.675781 0.701172 0.664062 0.707031 0.65918 0.700195 0.658203 0.691406
0 0.674805 0.700195 0.682617 0.701172 0.688477 0.712891 0.686523 0.719727 0.675781 0.725586 0.667969 0.72168 0.666016 0.713867 0.666016 0.705078
0 0.716797 0.710938 0.713867 0.719727 0.712891 0.725586 0.704102 0.724609 0.705078 0.714844 0.711914 0.707031
0 0.711914 0.728516 0.717773 0.732422 0.71875 0.74707 0.71875 0.74707 0.710938 0.749023 0.704102 0.741211 0.708008 0.730469
0 0.651367 0.741211 0.657227 0.743164 0.65625 0.750977 0.651367 0.75293 0.645508 0.745117
0 0.605469 0.762695 0.612305 0.765625 0.612305 0.776367 0.604492 0.77832 0.598633 0.773438 0.600586 0.765625
0 0.621094 0.773438 0.629883 0.773438 0.634766 0.779297 0.630859 0.78418 0.623047 0.783203
0 0.637695 0.766602 0.642578 0.766602 0.646484 0.773438 0.639648 0.779297 0.639648 0.779297 0.633789 0.772461
0 0.582031 0.757812 0.588867 0.758789 0.587891 0.765625 0.583984 0.765625
0 0.623047 0.787109 0.630859 0.787109 0.631836 0.794922 0.631836 0.794922 0.625977 0.797852 0.620117 0.791992
0 0.769531 0.818359 0.772461 0.829102 0.766602 0.833984 0.759766 0.828125 0.759766 0.820312
0 0.788086 0.796875 0.793945 0.803711 0.790039 0.810547 0.779297 0.80957 0.779297 0.801758
0 0.772461 0.766602 0.779297 0.767578 0.783203 0.773438 0.779297 0.780273 0.770508 0.780273 0.767578 0.774414
0 0.782227 0.774414 0.790039 0.776367 0.791992 0.78418 0.791992 0.78418 0.783203 0.789062 0.779297 0.783203 0.779297 0.783203
0 0.791992 0.78418 0.798828 0.789062 0.804688 0.791016 0.801758 0.798828 0.795898 0.799805 0.787109 0.791992
0 0.818359 0.767578 0.825195 0.768555 0.826172 0.776367 0.819336 0.779297 0.814453 0.773438
0 0.77832 0.731445 0.78418 0.728516 0.78418 0.728516 0.789062 0.729492 0.788086 0.740234 0.788086 0.740234 0.77832 0.739258
0 0.818359 0.749023 0.824219 0.756836 0.830078 0.762695 0.829102 0.767578 0.818359 0.766602 0.80957 0.760742 0.808594 0.750977
0 0.822266 0.737305 0.831055 0.735352 0.838867 0.739258 0.839844 0.75 0.833984 0.753906 0.822266 0.74707
0 0.84082 0.72168 0.849609 0.714844 0.859375 0.71875 0.863281 0.727539 0.857422 0.735352 0.84375 0.736328
0 0.811523 0.678711 0.817383 0.686523 0.817383 0.693359 0.808594 0.695312 0.800781 0.688477 0.799805 0.676758 0.805664 0.677734
0 0.804688 0.666016 0.80957 0.65918 0.816406 0.657227 0.822266 0.665039 0.822266 0.665039 0.821289 0.671875 0.814453 0.673828 0.807617 0.672852
0 0.884766 0.677734 0.874023 0.669922 0.868164 0.673828 0.867188 0.680664 0.871094 0.685547 0.880859 0.686523
0 0.880859 0.673828 0.890625 0.672852 0.890625 0.672852 0.898438 0.678711 0.896484 0.6875 0.887695 0.691406 0.875977 0.69043
0 0.888672 0.662109 0.898438 0.662109 0.899414 0.667969 0.893555 0.671875 0.886719 0.667969
0 0.897461 0.641602 0.90332 0.644531 0.90332 0.650391 0.896484 0.648438
0 0.900391 0.633789 0.908203 0.631836 0.910156 0.637695 0.904297 0.640625
0 0.907227 0.625977 0.914062 0.625 0.918945 0.62793 0.918945 0.635742 0.912109 0.637695
0 0.852539 0.610352 0.858398 0.612305 0.858398 0.620117 0.850586 0.618164 0.847656 0.613281
0 0.918945 0.525391 0.927734 0.53125 0.936523 0.535156 0.933594 0.542969 0.924805 0.545898 0.90918 0.541016 0.905273 0.529297
0 0.918945 0.544922 0.923828 0.549805 0.923828 0.55957 0.923828 0.55957 0.914062 0.55957 0.90625 0.555664 0.907227 0.546875
0 0.918945 0.55957 0.925781 0.5625 0.924805 0.575195 0.917969 0.579102 0.917969 0.579102 0.911133 0.56543 0.905273 0.5625 0.90625 0.557617
0 0.916992 0.585938 0.918945 0.591797 0.911133 0.598633 0.905273 0.591797 0.90918 0.585938
0 0.956055 0.53125 0.963867 0.535156 0.963867 0.535156 0.958984 0.542969 0.949219 0.543945 0.942383 0.537109 0.942383 0.527344 0.942383 0.527344 0.952148 0.522461
0 0.967773 0.52832 0.978516 0.527344 0.983398 0.536133 0.979492 0.547852 0.970703 0.553711 0.960938 0.550781 0.960938 0.537109
0 0.978516 0.5625 0.982422 0.567383 0.982422 0.567383 0.978516 0.577148 0.96875 0.577148 0.96875 0.577148 0.961914 0.566406 0.96875 0.558594
0 0.969727 0.580078 0.982422 0.582031 0.982422 0.59375 0.989258 0.604492 0.982422 0.616211 0.982422 0.616211 0.97168 0.624023 0.958008 0.620117 0.950195 0.608398 0.948242 0.598633 0.953125 0.583984 0.961914 0.575195
0 0.823242 0.426758 0.828125 0.429688 0.828125 0.429688 0.828125 0.433594 0.820312 0.43457 0.819336 0.428711
0 0.830078 0.422852 0.838867 0.422852 0.839844 0.429688 0.833984 0.43457 0.829102 0.429688
0 0.742188 0.449219 0.750977 0.452148 0.74707 0.458984 0.740234 0.457031
1 0.981445 0.433594 1 0.446289 1 0.462891 0.973633 0.439453 0.975586 0.435547
1 0.938477 0.398438 0.943359 0.40332 0.952148 0.408203 0.952148 0.416992 0.947266 0.419922 0.94043 0.422852 0.927734 0.415039 0.929688 0.405273 0.935547 0.401367
1 0.958008 0.416992 0.964844 0.421875 0.970703 0.425781 0.974609 0.431641 0.972656 0.4375 0.967773 0.435547 0.953125 0.426758 0.953125 0.419922
0 0.90625 0.467773 0.911133 0.472656 0.90918 0.478516 0.90332 0.475586
0 0.958008 0.486328 0.949219 0.493164 0.945312 0.488281 0.952148 0.481445
0 0.916016 0.491211 0.920898 0.494141 0.919922 0.499023 0.913086 0.5 0.910156 0.494141
0 0.943359 0.605469 0.942383 0.613281 0.93457 0.614258 0.932617 0.610352 0.9375 0.604492 0.9375 0.604492
0 0.972656 0.644531 0.978516 0.651367 0.979492 0.662109 0.96875 0.667969 0.957031 0.669922 0.948242 0.661133 0.955078 0.646484 0.963867 0.642578
0 0.892578 0.75293 0.893555 0.763672 0.893555 0.763672 0.882812 0.768555 0.87793 0.763672 0.87793 0.763672 0.878906 0.755859 0.886719 0.750977
0 0.865234 0.765625 0.873047 0.770508 0.87207 0.779297 0.864258 0.783203 0.861328 0.791016 0.854492 0.788086 0.853516 0.78125 0.856445 0.771484
0 0.841797 0.808594 0.847656 0.814453 0.845703 0.822266 0.836914 0.818359 0.834961 0.810547
0 0.847656 0.805664 0.852539 0.806641 0.856445 0.811523 0.852539 0.817383 0.84668 0.816406 0.84668 0.811523
0 0.855469 0.80957 0.863281 0.80957 0.867188 0.81543 0.867188 0.81543 0.862305 0.822266 0.854492 0.821289 0.852539 0.81543
0 0.890625 0.845703 0.894531 0.851562 0.893555 0.855469 0.886719 0.855469 0.884766 0.849609
1 0.824219 0.84375 0.828125 0.848633 0.837891 0.853516 0.839844 0.857422 0.833984 0.860352 0.826172 0.855469 0.822266 0.860352 0.820312 0.865234 0.814453 0.870117 0.806641 0.867188 0.804688 0.860352 0.80957 0.852539 0.80957 0.852539 0.818359 0.842773
0 0.900391 0.864258 0.902344 0.870117 0.895508 0.875977 0.888672 0.875 0.888672 0.866211 0.888672 0.866211
0 0.921875 0.874023 0.929688 0.876953 0.926758 0.882812 0.920898 0.884766 0.918945 0.87793
0 0.932617 0.880859 0.938477 0.880859 0.939453 0.885742 0.9375 0.890625 0.931641 0.890625 0.928711 0.885742
0 0.969727 0.907227 0.969727 0.916016 0.966797 0.921875 0.958984 0.922852 0.956055 0.916992 0.959961 0.907227 0.966797 0.904297
0 0.867188 0.879883 0.87207 0.885742 0.871094 0.891602 0.865234 0.889648 0.860352 0.884766
0 0.867188 0.891602 0.87793 0.894531 0.883789 0.897461 0.882812 0.90332 0.87207 0.90625 0.862305 0.902344 0.862305 0.894531
0 0.859375 0.913086 0.864258 0.916016 0.857422 0.927734 0.850586 0.922852 0.850586 0.922852 0.851562 0.914062 0.851562 0.914062
0 0.800781 0.881836 0.795898 0.876953 0.790039 0.880859 0.790039 0.880859 0.790039 0.884766 0.793945 0.886719
0 0.792969 0.905273 0.797852 0.904297 0.800781 0.908203 0.800781 0.908203 0.796875 0.915039 0.789062 0.916992 0.786133 0.911133
0 0.823242 0.900391 0.832031 0.902344 0.833984 0.908203 0.829102 0.915039 0.829102 0.915039 0.826172 0.916992 0.820312 0.90918 0.820312 0.90918
0 0.84375 0.893555 0.848633 0.895508 0.848633 0.900391 0.844727 0.902344 0.84082 0.897461
0 0.833008 0.913086 0.836914 0.912109 0.842773 0.918945 0.84082 0.921875 0.832031 0.918945 0.830078 0.915039
0 0.869141 0.922852 0.875 0.923828 0.87793 0.931641 0.875 0.9375 0.868164 0.936523 0.863281 0.930664
0 0.885742 0.919922 0.894531 0.918945 0.893555 0.925781 0.888672 0.926758 0.884766 0.923828
0 0.942383 0.924805 0.949219 0.925781 0.953125 0.927734 0.955078 0.932617 0.952148 0.936523 0.941406 0.93457 0.9375 0.928711
0 0.876953 0.933594 0.882812 0.935547 0.884766 0.943359 0.893555 0.950195 0.900391 0.961914 0.892578 0.97168 0.892578 0.97168 0.883789 0.976562 0.875 0.972656 0.875977 0.960938 0.869141 0.951172 0.870117 0.941406 0.870117 0.932617
0 0.867188 0.977539 0.871094 0.979492 0.873047 0.987305 0.867188 0.991211 0.867188 0.991211 0.863281 0.983398
0 0.78125 0.935547 0.783203 0.9375 0.78125 0.943359 0.775391 0.944336 0.771484 0.938477 0.775391 0.93457
0 0.794922 0.945312 0.800781 0.951172 0.796875 0.956055 0.790039 0.958008 0.788086 0.951172
0 0.817383 0.957031 0.823242 0.961914 0.823242 0.96582 0.816406 0.96875 0.811523 0.963867 0.811523 0.958008
0 0.912109 0.964844 0.917969 0.969727 0.918945 0.975586 0.913086 0.975586 0.90625 0.970703 0.90625 0.96582
0 0.921875 0.96582 0.926758 0.96582 0.929688 0.973633 0.928711 0.980469 0.920898 0.977539 0.920898 0.977539 0.917969 0.970703
0 0.930664 0.97168 0.939453 0.973633 0.942383 0.980469 0.935547 0.983398 0.929688 0.979492
1 0.941406 0.981445 0.947266 0.985352 0.952148 0.990234 0.955078 0.987305 0.960938 0.982422 0.96582 0.980469 0.969727 0.988281 0.970703 0.994141 0.967773 0.999023 0.96582 1 0.953125 1 0.944336 0.995117 0.9375 0.990234 0.932617 0.995117 0.925781 0.99707 0.921875 1 0.889648 1 0.890625 0.991211 0.897461 0.985352 0.90625 0.989258 0.921875 0.989258 0.930664 0.987305 0.930664 0.987305 0.931641 0.982422
0 0.992188 0.943359 1 0.944336 1 0.950195 0.99707 0.953125 0.990234 0.948242
0 0.958008 0.96875 0.960938 0.97168 0.959961 0.973633 0.954102 0.972656 0.954102 0.972656
0 0.248047 0.932617 0.249023 0.94043 0.244141 0.943359 0.239258 0.938477 0.242188 0.933594
0 0.239258 0.942383 0.242188 0.945312 0.241211 0.949219 0.237305 0.951172 0.233398 0.945312
0 0.243164 0.84375 0.249023 0.84668 0.248047 0.854492 0.244141 0.857422 0.240234 0.851562
0 0.0576172 0.94043 0.0615234 0.946289 0.0566406 0.951172 0.0498047 0.944336
0 0.115234 0.926758 0.118164 0.931641 0.117188 0.935547 0.112305 0.931641
0 0.110352 0.936523 0.113281 0.941406 0.109375 0.945312 0.103516 0.94043 0.104492 0.935547
1 0.0673828 0.806641 0.0722656 0.806641 0.0791016 0.8125 0.078125 0.824219 0.0869141 0.830078 0.0888672 0.841797 0.0888672 0.841797 0.0800781 0.839844 0.0712891 0.828125 0.0673828 0.814453 0.0673828 0.814453
0 0.0976562 0.868164 0.108398 0.873047 0.111328 0.882812 0.100586 0.887695 0.09375 0.878906
0 0.467773 0.787109 0.474609 0.788086 0.473633 0.795898 0.467773 0.796875 0.464844 0.790039
0 0.861328 0.693359 0.867188 0.697266 0.867188 0.703125 0.861328 0.702148
0 0.202148 0.698242 0.202148 0.697266 0.200195 0.702148 0.195312 0.699219 0.198242 0.695312
0 0.149414 0.708008 0.148438 0.711914 0.143555 0.711914 0.143555 0.708008
0 0.0517578 0.696289 0.0566406 0.697266 0.0566406 0.703125 0.0507812 0.704102 0.046875 0.701172
1 0.332031 0.552734 0.336914 0.549805 0.34375 0.558594 0.338867 0.568359 0.322266 0.575195 0.305664 0.583984 0.297852 0.591797 0.291016 0.592773 0.287109 0.587891 0.291016 0.582031 0.300781 0.575195 0.30957 0.572266 0.30957 0.566406 0.320312 0.55957
0 0.405273 0.5 0.407227 0.505859 0.400391 0.510742 0.395508 0.505859
0 0.667969 0.203125 0.673828 0.205078 0.673828 0.213867 0.664062 0.213867 0.663086 0.206055
0 0.703125 0.0351562 0.702148 0.0410156 0.696289 0.0449219 0.694336 0.0371094
0 0.698242 0.0214844 0.700195 0.0263672 0.697266 0.0322266 0.691406 0.0253906
0 0.0722656 0.183594 0.078125 0.183594 0.0791016 0.191406 0.0751953 0.193359 0.0693359 0.188477
