1 0.667226 0.609819 0.683385 0.599473 0.69685 0.597063 0.710315 0.602308 0.726048 0.606134 0.740647 0.610812 0.752837 0.617757 0.763894 0.620592 0.816975 0.643167 0.867971 0.668078 0.868392 0.680431 0.863899 0.68731 0.853933 0.686327 0.835122 0.674254 0.821084 0.666112 0.803958 0.659795 0.758196 0.645666 0.705399 0.630795 0.688926 0.634944 0.679651 0.631771 0.673062 0.624938 0.666717 0.622497 0.661348 0.619446
0 0.830637 0.998907 0.826902 0.993756 0.829414 0.988604 0.832955 0.986158 0.840489 0.986673 0.843258 0.993628 0.842808 1 0.840167 1
0 0.811062 1 0.812607 0.995881 0.816535 0.992919 0.822523 0.990794 0.82819 0.99337 0.829671 0.996203 0.830315 1
0 0.824608 0.988198 0.818213 0.987564 0.815908 0.982437 0.813893 0.977771 0.819653 0.974659 0.825185 0.975408 0.827776 0.979787 0.828468 0.985087
0 0.812616 0.976767 0.808428 0.976871 0.804554 0.97284 0.804449 0.967709 0.80958 0.96373 0.816856 0.967971 0.819526 0.97127 0.817014 0.974725
0 0.806962 0.994565 0.802879 0.993833 0.797434 0.990482 0.795287 0.985875 0.797329 0.978599 0.804815 0.977185 0.810365 0.979018 0.811778 0.989331 0.809475 0.992786
0 0.800226 0.968864 0.796277 0.968345 0.792641 0.961903 0.793628 0.956241 0.799238 0.95406 0.805108 0.95728 0.807395 0.964241 0.805108 0.967825
0 0.788381 0.966994 0.78329 0.966268 0.779082 0.962423 0.776484 0.956449 0.778251 0.95115 0.78516 0.950215 0.790979 0.9538 0.792692 0.959306 0.791602 0.964656
0 0.794037 0.984195 0.789654 0.983879 0.785587 0.980445 0.78358 0.975745 0.786696 0.971521 0.791661 0.969091 0.79578 0.971784 0.797418 0.975322 0.797999 0.978861 0.797629 0.980815
0 0.680553 0.958488 0.673654 0.956448 0.668603 0.947122 0.670594 0.945567 0.673509 0.94377 0.68031 0.94547 0.683564 0.94887 0.684099 0.954942
0 0.700562 0.964428 0.697468 0.964428 0.692716 0.961071 0.692978 0.956537 0.695593 0.953312 0.700867 0.953312 0.703919 0.95693 0.703482 0.962466
0 0.683847 0.987197 0.679702 0.986879 0.67665 0.984874 0.676559 0.980593 0.680932 0.977814 0.684939 0.980001 0.686033 0.984055
0 0.707759 0.975219 0.704297 0.97531 0.701337 0.972577 0.700517 0.968614 0.702612 0.965699 0.706848 0.966245 0.709444 0.970481 0.709672 0.972304
0 0.713677 0.959194 0.709538 0.958445 0.706147 0.955134 0.706502 0.952217 0.708592 0.948865 0.713283 0.949181 0.715529 0.951034 0.7162 0.954503 0.716555 0.95742
0 0.667179 0.999043 0.664526 0.993972 0.666242 0.98781 0.672482 0.985313 0.678724 0.987029 0.685432 0.99249 0.687694 0.998887 0.687382 1
0 0.545757 0.989038 0.542362 0.988532 0.538968 0.98568 0.540015 0.981779 0.543156 0.979722 0.547165 0.980047 0.549512 0.983261 0.549439 0.986511
0 0.56388 0.989316 0.561334 0.989592 0.558376 0.986323 0.557791 0.983915 0.560956 0.98106 0.564878 0.981301 0.567148 0.983537 0.567114 0.986599
0 0.574992 0.979821 0.571965 0.980338 0.568696 0.977275 0.568903 0.973113 0.572688 0.970326 0.577331 0.971943 0.579258 0.97559 0.578191 0.978651
0 0.554299 0.971219 0.549889 0.971015 0.545806 0.968811 0.544826 0.965013 0.547112 0.962032 0.553686 0.960317 0.557688 0.96387 0.557728 0.968646 0.55736 0.969382
0 0.573392 0.962491 0.568632 0.961351 0.565508 0.95669 0.567441 0.954013 0.571606 0.956244 0.575722 0.958078 0.577061 0.96026
0 0.551121 0.946849 0.546173 0.947694 0.543085 0.944818 0.543339 0.938728 0.548161 0.939108 0.553363 0.940885 0.554886 0.94338 0.553828 0.945495
0 0.565816 0.924309 0.561738 0.923245 0.558725 0.918413 0.565107 0.917172 0.56759 0.918768 0.568786 0.92227
0 0.56954 0.940133 0.565994 0.939158 0.564486 0.936587 0.567545 0.934016 0.571269 0.935833 0.572465 0.938315
0 0.558507 0.868099 0.550726 0.866255 0.544328 0.856571 0.545596 0.851096 0.554473 0.847926 0.563118 0.850347 0.567613 0.856744 0.565942 0.865274
0 0.562945 0.841471 0.557182 0.840202 0.552052 0.833286 0.5543 0.826484 0.560467 0.82539 0.566979 0.825851 0.570669 0.831614 0.571015 0.836917 0.568075 0.839165
0 0.586053 0.843717 0.580149 0.843286 0.57566 0.836398 0.57566 0.829941 0.584639 0.829388 0.59128 0.831171 0.592141 0.838981 0.590604 0.841934
0 0.611513 0.84876 0.603641 0.849374 0.596814 0.844209 0.596507 0.836952 0.599951 0.831663 0.60979 0.830618 0.61551 0.835537 0.616493 0.842732 0.614095 0.8455
0 0.608007 0.876125 0.602042 0.874157 0.595893 0.867454 0.598598 0.859952 0.605239 0.856385 0.612435 0.858476 0.614095 0.866409 0.611819 0.872743
0 0.58593 0.867639 0.577997 0.867946 0.574122 0.863272 0.57443 0.855463 0.581748 0.85042 0.587344 0.853617 0.590357 0.860812 0.589681 0.865056
0 0.629457 0.843835 0.621036 0.844164 0.616761 0.838704 0.617155 0.831862 0.625707 0.828508 0.631759 0.832323 0.635114 0.837586
0 0.642087 0.83673 0.635377 0.836599 0.631957 0.831929 0.631693 0.823771 0.638469 0.81989 0.643601 0.822719 0.646824 0.827192 0.647679 0.831862
0 0.655902 0.824166 0.649455 0.826863 0.643206 0.82489 0.640838 0.815417 0.645245 0.808838 0.651691 0.808838 0.658599 0.81193 0.660901 0.818377
0 0.628985 0.872672 0.623428 0.870588 0.620897 0.867362 0.621691 0.862004 0.628786 0.859275 0.634592 0.862401 0.637172 0.86642 0.635534 0.870488
0 0.620451 0.889393 0.614745 0.890088 0.610974 0.885324 0.610974 0.87942 0.614993 0.872572 0.620054 0.871978 0.623974 0.87689 0.624668 0.883637 0.624123 0.886564
0 0.654471 0.874771 0.648839 0.873154 0.645509 0.870167 0.64879 0.865711 0.655303 0.86625 0.657457 0.870951
0 0.676832 0.877682 0.672496 0.876841 0.669841 0.868921 0.673602 0.867903 0.679708 0.867284 0.682229 0.872062 0.681079 0.875469
0 0.703545 0.87469 0.697577 0.874909 0.693417 0.871296 0.693417 0.86626 0.698673 0.862811 0.705297 0.863248 0.707979 0.868012 0.708526 0.870804
0 0.7299 0.872145 0.721798 0.872955 0.718309 0.865663 0.719991 0.858434 0.729215 0.856252 0.734263 0.860179 0.735261 0.866785
0 0.749346 0.865912 0.741805 0.865352 0.738064 0.862547 0.73713 0.855255 0.743176 0.850768 0.749595 0.850519 0.754955 0.85513 0.755827 0.858496 0.755391 0.861612
1 0.615745 0.894812 0.626454 0.891752 0.631918 0.891205 0.637381 0.88902 0.649619 0.882682 0.658033 0.88454 0.66754 0.884431 0.675626 0.889566 0.685352 0.892407 0.697153 0.890112 0.705239 0.889566 0.731849 0.887742 0.751471 0.883678 0.765766 0.889704 0.769971 0.898954 0.761701 0.911988 0.749508 0.917174 0.739697 0.919837 0.730167 0.92278 0.719936 0.92222 0.703679 0.921519 0.675647 0.915212 0.65925 0.915352 0.645877 0.914076 0.626036 0.914523 0.614251 0.907811 0.609626 0.898264
0 0.686086 0.804633 0.677411 0.802741 0.673236 0.796479 0.672976 0.791327 0.681324 0.790805 0.688891 0.792957 0.691108 0.797784 0.692935 0.801046
0 0.660452 0.802546 0.655625 0.803654 0.650146 0.800654 0.647994 0.795762 0.654646 0.791392 0.660713 0.793349 0.662278 0.797784
0 0.665344 0.787152 0.659017 0.787544 0.653668 0.784021 0.65393 0.778412 0.660387 0.774694 0.66717 0.777499 0.670171 0.781021
0 0.669779 0.772346 0.662996 0.771759 0.660126 0.766345 0.659343 0.761388 0.664888 0.758909 0.669519 0.759822 0.674476 0.766084
0 0.709132 0.727723 0.70168 0.726435 0.695607 0.720086 0.696804 0.71337 0.701864 0.708218 0.717688 0.715302 0.718885 0.720271
0 0.68834 0.741431 0.682083 0.741062 0.674539 0.736463 0.678771 0.730667 0.685396 0.728826 0.690088 0.733887
0 0.677943 0.754771 0.671595 0.754312 0.667087 0.749711 0.671963 0.743271 0.679968 0.742811 0.683831 0.747319 0.684291 0.751184
0 0.805574 0.717695 0.795109 0.716292 0.787835 0.709783 0.790388 0.694979 0.802895 0.693575 0.815401 0.69919 0.818465 0.710421 0.815529 0.714633
0 0.821272 0.73786 0.808765 0.737605 0.80098 0.733011 0.798428 0.724588 0.816423 0.710804 0.826122 0.714761 0.82944 0.72714 0.827143 0.730203
0 0.799193 0.753175 0.789366 0.752409 0.780943 0.744624 0.785665 0.73467 0.798172 0.731479 0.803022 0.738881 0.802384 0.748198
0 0.805065 0.764926 0.797594 0.764846 0.793381 0.755069 0.798229 0.748233 0.806894 0.748869 0.810629 0.755864 0.809675 0.762382
0 0.775205 0.746565 0.767669 0.74314 0.759791 0.735604 0.764472 0.728524 0.770182 0.725327 0.777604 0.727726 0.784568 0.72156 0.789935 0.731722 0.786396 0.738115
0 0.791206 0.700383 0.781271 0.700996 0.774895 0.697316 0.774895 0.685298 0.783725 0.67659 0.790838 0.672053 0.800281 0.675977 0.801262 0.683458 0.800281 0.692166
0 0.76933 0.688645 0.759366 0.689922 0.748253 0.688134 0.74506 0.669229 0.760516 0.669229 0.770607 0.675615 0.772268 0.682003
0 0.705019 0.681892 0.697978 0.682048 0.693075 0.676259 0.696518 0.670209 0.702358 0.668696 0.707574 0.671564 0.708617 0.677979
0 0.690676 0.66927 0.686973 0.670156 0.6828 0.668331 0.683739 0.659256 0.687442 0.659517 0.69224 0.662333 0.69271 0.666767
0 0.676484 0.69591 0.672646 0.697376 0.667256 0.695002 0.666202 0.689687 0.66874 0.687818 0.672811 0.687196 0.677073 0.689639
0 0.668117 0.680252 0.66285 0.680635 0.658156 0.679198 0.653846 0.674648 0.655762 0.668279 0.66079 0.664831 0.666872 0.666843 0.671709 0.672686 0.671948 0.677139
0 0.649183 0.686787 0.64462 0.686466 0.637424 0.682097 0.640444 0.677921 0.646548 0.6767 0.651303 0.678756 0.652396 0.682547
0 0.635817 0.694884 0.630099 0.69739 0.623609 0.696426 0.622003 0.690964 0.624638 0.685631 0.631384 0.684153 0.636074 0.688779 0.636781 0.690707
0 0.640701 0.709212 0.638195 0.712425 0.634661 0.712168 0.630999 0.709147 0.630163 0.704393 0.636332 0.701309 0.639416 0.704521
0 0.60872 0.704062 0.603619 0.70544 0.600265 0.703143 0.598473 0.700432 0.601598 0.697169 0.606514 0.697077 0.609639 0.701259
0 0.610053 0.725429 0.604033 0.725107 0.600127 0.717755 0.603206 0.7144 0.609593 0.714217 0.612947 0.717204 0.612947 0.721937
0 0.595624 0.723683 0.591488 0.72451 0.587675 0.721845 0.58864 0.718353 0.591901 0.715642 0.595899 0.719134
0 0.58526 0.716642 0.578853 0.717701 0.574657 0.714244 0.574888 0.708759 0.581434 0.707652 0.585029 0.709173 0.587058 0.7124
0 0.572444 0.706961 0.565207 0.707283 0.560966 0.703826 0.561288 0.697971 0.566451 0.696266 0.572444 0.696772 0.577101 0.702442
0 0.572214 0.722081 0.567512 0.724201 0.561519 0.723142 0.560044 0.716964 0.563777 0.713046 0.569494 0.714475 0.572767 0.717333
0 0.583186 0.732548 0.577826 0.733701 0.57189 0.735718 0.565436 0.731684 0.568547 0.722693 0.574656 0.721079 0.581976 0.725229 0.583819 0.728341
0 0.565781 0.743901 0.560651 0.744997 0.55535 0.741251 0.55535 0.736409 0.560536 0.731914 0.56653 0.735487 0.566934 0.738369
0 0.580188 0.75733 0.571198 0.757503 0.564628 0.753181 0.563764 0.74344 0.572235 0.740905 0.57967 0.744594 0.582609 0.750875
0 0.573514 0.774739 0.563579 0.771191 0.560662 0.76583 0.563895 0.761572 0.575563 0.76307 0.579032 0.767092 0.57785 0.770718
0 0.562712 0.767013 0.555458 0.764963 0.55191 0.761336 0.555773 0.757235 0.562554 0.754949 0.566732 0.758971 0.567758 0.762755
0 0.556302 0.781802 0.549625 0.782353 0.545521 0.77782 0.556117 0.77194 0.559303 0.776105 0.560344 0.779597
0 0.640296 0.625493 0.625141 0.622575 0.618293 0.612359 0.633897 0.59743 0.643775 0.602256 0.649838 0.612472 0.648603 0.61887
0 0.617493 0.620466 0.601329 0.61764 0.587313 0.605205 0.590816 0.58938 0.603024 0.587231 0.612859 0.593675 0.622128 0.605205 0.621563 0.611423
0 0.588167 0.64211 0.577623 0.639572 0.568739 0.629028 0.572839 0.619363 0.581431 0.619168 0.589437 0.626197 0.592658 0.633909
1 0.572352 0.638596 0.585922 0.638889 0.596661 0.634788 0.604764 0.631762 0.614917 0.629224 0.646224 0.631356 0.665262 0.636229 0.681013 0.636116 0.685092 0.638723 0.683166 0.647334 0.670134 0.649714 0.656196 0.650167 0.642938 0.651301 0.627073 0.65606 0.614268 0.659232 0.604522 0.660933 0.595457 0.664219 0.596285 0.675168 0.602415 0.68221 0.598503 0.691209 0.592504 0.698772 0.58155 0.700076 0.575029 0.698902 0.568117 0.695903 0.567466 0.684297 0.569161 0.663562
0 0.695807 0.652998 0.689111 0.649593 0.687207 0.644398 0.690612 0.640069 0.697423 0.640416 0.700944 0.644398 0.70129 0.649131
0 0.706889 0.646822 0.701637 0.646303 0.697942 0.642205 0.700367 0.63626 0.710179 0.638685 0.71191 0.643879
0 0.720337 0.655653 0.714565 0.655307 0.707004 0.651439 0.706946 0.646822 0.71191 0.643764 0.719183 0.645841 0.722819 0.652421
0 0.734174 0.656026 0.726664 0.655147 0.722673 0.650411 0.730047 0.647367 0.734851 0.649531 0.736339 0.651494
0 0.746893 0.663604 0.737219 0.661438 0.734715 0.656094 0.736677 0.653591 0.744525 0.652644 0.7496 0.655485 0.74987 0.658191
0 0.760356 0.665024 0.754132 0.663469 0.747908 0.658395 0.750952 0.654335 0.756838 0.653523 0.762386 0.658327 0.763604 0.660763
0 0.775875 0.6691 0.768964 0.668796 0.76099 0.661886 0.766687 0.658696 0.776026 0.660822 0.778761 0.666214 0.777166 0.66705
1 0.554064 0.785273 0.570367 0.785641 0.577721 0.789809 0.588385 0.795324 0.598558 0.795324 0.600765 0.806355 0.589733 0.814813 0.580295 0.81469 0.569141 0.815793 0.566322 0.82229 0.562277 0.824986 0.554923 0.824986 0.544627 0.818735 0.541317 0.80942 0.543523 0.798511 0.549284 0.787725
1 0 0.805821 0.0322266 0.798828 0.0613252 0.788167 0.078125 0.790039 0.0996094 0.783203 0.128965 0.775617 0.148746 0.776255 0.178538 0.769116 0.234845 0.759621 0.33975 0.742072 0.367546 0.739756 0.376579 0.743926 0.378664 0.751569 0.361292 0.761761 0.333496 0.761992 0.313345 0.766625 0.301994 0.768247 0.291992 0.764648 0.283203 0.768555 0.276367 0.783203 0.271484 0.779297 0.262695 0.779297 0.262695 0.786133 0.267578 0.791016 0.265828 0.797259 0.256555 0.804343 0.248955 0.802539 0.241099 0.789788 0.241211 0.774414 0.231567 0.778067 0.225771 0.778325 0.13774 0.799211 0.112547 0.804729 0 0.825844 0 0.816406
1 0.00877051 0.754389 0.019916 0.742975 0.0293154 0.732231 0.043415 0.720952 0.0541572 0.714775 0.0669141 0.713029 0.077791 0.716118 0.0816855 0.721086 0.0748369 0.729009 0.0624834 0.73438 0.0536201 0.740423 0.0459668 0.749957 0.040998 0.754522 0.0314639 0.765668 0.0213926 0.77453 0.0126641 0.778022 0.00487598 0.776545
1 0.114275 0.624293 0.131162 0.634391 0.139867 0.652497 0.149442 0.671299 0.165285 0.690449 0.175383 0.714823 0.177646 0.743375 0.180605 0.751035 0.179387 0.760088 0.172771 0.760088 0.160062 0.742853 0.145612 0.721091 0.134122 0.694454 0.123502 0.676348 0.117234 0.659983 0.106615 0.646926 0.10174 0.628298
1 0 0.661671 0.0193828 0.651579 0.0341729 0.634701 0.0388701 0.617127 0.0392187 0.598683 0.0489785 0.505814 0.054373 0.507837 0.0496523 0.606955 0.055626 0.653705 0.0565166 0.6733 0.0476104 0.689332 0.0331807 0.69717 0.0107363 0.700732 0 0.707502 0 0.709105
1 0.386723 0.762397 0.39615 0.78188 0.393217 0.806181 0.386304 0.823777 0.360956 0.826711 0.345663 0.817702 0.336027 0.801153 0.333932 0.780414 0.340426 0.766588 0.363051 0.760513 0.377506 0.761979
1 0.353833 0.735793 0.339326 0.566486 0.329425 0.565854 0.317206 0.573649 0.320366 0.602721 0.319103 0.620838 0.331764 0.737618
0 0.273967 0.932524 0.265353 0.93214 0.259046 0.927371 0.259431 0.920218 0.266507 0.914603 0.275429 0.916833 0.278659 0.925909
0 0.278396 0.961759 0.271912 0.960477 0.265881 0.955802 0.265277 0.949997 0.278095 0.94487 0.283599 0.948187 0.284578 0.95535 0.283372 0.958667
0 0.204956 0.977747 0.197572 0.974243 0.197823 0.956849 0.203829 0.962479 0.207584 0.96711
0 0.203939 0.81604 0.197588 0.816349 0.191607 0.807531 0.195738 0.80377 0.203015 0.803029 0.208317 0.805681 0.209243 0.810059 0.208687 0.812587
0 0.294578 0.776902 0.289365 0.776023 0.28222 0.771455 0.283216 0.76964 0.286378 0.765774 0.29323 0.765599 0.298561 0.770284 0.299146 0.772217
0 0.292646 0.784165 0.28796 0.785336 0.277827 0.779655 0.280521 0.776727 0.284855 0.774677 0.290596 0.775204 0.294695 0.779421
0 0.280639 0.801795 0.275016 0.801209 0.26828 0.795762 0.269568 0.788851 0.276012 0.787913 0.281575 0.790432 0.287257 0.797636
0 0.275367 0.810932 0.268808 0.810873 0.263419 0.807124 0.2609 0.80238 0.266113 0.796582 0.273083 0.797929 0.278237 0.802087 0.278296 0.806539
0 0.425693 0.794417 0.416824 0.796457 0.408133 0.793353 0.404762 0.787587 0.406714 0.78262 0.415405 0.778896 0.426403 0.781379 0.430129 0.785016 0.428976 0.788208
1 0.462862 0.765246 0.490691 0.781566 0.495923 0.791297 0.492993 0.800607 0.489437 0.812744 0.489541 0.818079 0.486193 0.830529 0.485252 0.841724 0.484833 0.850094 0.480962 0.857835 0.476358 0.861916 0.470604 0.863171 0.467885 0.858986 0.468513 0.851035 0.469245 0.836493 0.468094 0.825193 0.46506 0.812221 0.466315 0.802491 0.464955 0.795481 0.458546 0.773705 0.454912 0.765984 0.459091 0.765621
0 0.489269 0.866193 0.485165 0.869345 0.479156 0.868466 0.477617 0.863409 0.476444 0.855568 0.483772 0.850878 0.488536 0.853735 0.491395 0.858353
0 0.484066 0.880997 0.475492 0.880117 0.473147 0.875794 0.474686 0.870518 0.481062 0.868979 0.485604 0.873669 0.487144 0.875794
0 0.475775 0.887364 0.472103 0.887852 0.46843 0.885416 0.467006 0.880132 0.471615 0.878333 0.476337 0.878521 0.478961 0.883055 0.479298 0.884441
0 0.503463 0.727541 0.498299 0.729456 0.492265 0.72847 0.490002 0.724351 0.494527 0.720695 0.502883 0.720057 0.506538 0.722203 0.507524 0.724756
0 0.502999 0.74605 0.496152 0.745701 0.492091 0.740189 0.492903 0.736128 0.50091 0.734794 0.504972 0.739261 0.505842 0.741466
0 0.501954 0.759684 0.495572 0.758466 0.489712 0.750633 0.4936 0.74634 0.50091 0.745179 0.505087 0.751213 0.505262 0.756028
0 0.456216 0.930104 0.448228 0.929681 0.442714 0.922823 0.446673 0.917521 0.455579 0.916956 0.4577 0.918652 0.462225 0.922753 0.461376 0.927771
0 0.453601 0.916814 0.446955 0.917733 0.442785 0.914694 0.442785 0.908897 0.447662 0.906494 0.453601 0.90706 0.458407 0.910735 0.460387 0.914411
0 0.453883 0.944242 0.447168 0.943394 0.441653 0.938799 0.445471 0.932366 0.451903 0.930175 0.456146 0.933427 0.456499 0.937456
0 0.449642 0.955058 0.443774 0.954422 0.438896 0.949614 0.441653 0.943535 0.446814 0.941273 0.45261 0.946717 0.45254 0.950181
0 0.423649 0.934336 0.419484 0.934152 0.415135 0.930124 0.416966 0.927331 0.421086 0.924951 0.425023 0.927331 0.425893 0.93136
0 0.409931 0.945338 0.405477 0.946038 0.406277 0.93763 0.411081 0.938581 0.413233 0.941134 0.413534 0.942735
0 0.400516 0.951801 0.396218 0.951154 0.394012 0.947048 0.398728 0.944918 0.401428 0.94583 0.402949 0.948797 0.403025 0.949634
0 0.396655 0.940343 0.392522 0.939334 0.390342 0.937283 0.391969 0.934354 0.394963 0.934094 0.39799 0.936339 0.398641 0.937934
0 0.388227 0.941384 0.385037 0.941872 0.381099 0.940407 0.379504 0.936763 0.38201 0.934744 0.385428 0.93481 0.388259 0.936697 0.389821 0.939659
0 0.39496 0.92795 0.391109 0.929056 0.387761 0.927749 0.386891 0.925339 0.389401 0.922593 0.393889 0.92333 0.395094 0.925439
0 0.427646 0.957615 0.42296 0.957844 0.41953 0.954356 0.419987 0.950299 0.422902 0.949041 0.425246 0.949384 0.428275 0.952014
1 0.429417 0.96068 0.434842 0.963478 0.440138 0.961497 0.443668 0.958226 0.449179 0.957364 0.453054 0.959259 0.456886 0.961239 0.45867 0.968622 0.458034 0.972979 0.454087 0.977471 0.450955 0.980783 0.446101 0.980557 0.443378 0.980965 0.43521 0.981373 0.428812 0.980511 0.424422 0.975742 0.401976 0.963848 0.401976 0.953689 0.405164 0.950354 0.411021 0.951984 0.416582 0.952726
0 0.486507 0.761713 0.481429 0.762221 0.477536 0.759547 0.476622 0.754401 0.479397 0.752811 0.482377 0.752844 0.486473 0.754977 0.487251 0.758497
0 0.528752 0.533975 0.521443 0.533343 0.51648 0.527207 0.518736 0.521072 0.527037 0.521523 0.532722 0.527839
0 0.526341 0.547768 0.520515 0.548438 0.516184 0.545292 0.516028 0.539878 0.519947 0.535031 0.527527 0.535856 0.53026 0.538435 0.530725 0.544725
0 0.523299 0.56107 0.519277 0.562257 0.514739 0.560194 0.51015 0.55612 0.512522 0.550346 0.517988 0.547561 0.524743 0.548695 0.526393 0.555502 0.525723 0.556997
1 0.33322 0.556554 0.325426 0.555297 0.323583 0.548006 0.330705 0.545743 0.338834 0.54985 0.346292 0.553285 0.356935 0.554962 0.369421 0.557057 0.376627 0.559402 0.378806 0.564431 0.377298 0.567615 0.367996 0.568872 0.359616 0.569626 0.346879 0.57147 0.341935 0.571973 0.336739 0.566693 0.332717 0.562503
0 0.238137 0.542415 0.227134 0.535666 0.212464 0.527892 0.1975 0.527892 0.186938 0.520263 0.179896 0.506619 0.185765 0.493123 0.199701 0.487548 0.221413 0.487842 0.24107 0.499725 0.256475 0.507353 0.259702 0.518796 0.251633 0.530385 0.246792 0.53596
0 0.208886 0.482928 0.202311 0.483301 0.196856 0.481807 0.197902 0.473887 0.20373 0.473214 0.208139 0.47426 0.21165 0.477249
0 0.201411 0.60986 0.193271 0.610938 0.183935 0.603696 0.18579 0.597651 0.192673 0.593223 0.200273 0.594898 0.203206 0.601481 0.204463 0.605372
0 0.191146 0.684843 0.186856 0.686488 0.18157 0.683098 0.18132 0.674969 0.185161 0.672176 0.191095 0.671577 0.193688 0.677312 0.193539 0.680703
0 0.29462 0.622867 0.290307 0.624581 0.282803 0.621095 0.282094 0.613709 0.287057 0.607978 0.293438 0.610872 0.29787 0.616604
0 0.305729 0.610872 0.300942 0.610695 0.296334 0.606618 0.297811 0.602659 0.304133 0.601418 0.307442 0.605613
0 0.313292 0.594741 0.308151 0.596101 0.301829 0.592083 0.30177 0.586233 0.308151 0.584874 0.311756 0.588006 0.314296 0.590664
0 0.310073 0.576375 0.302953 0.576728 0.299217 0.572498 0.301543 0.567704 0.310003 0.568903 0.312752 0.57144
0 0.30824 0.55854 0.304927 0.558682 0.299429 0.555861 0.297736 0.550786 0.303446 0.548953 0.309086 0.551139 0.313527 0.554381
0 0.304906 0.540537 0.296481 0.535563 0.299422 0.531491 0.30598 0.532509 0.308808 0.536749
0 0.306206 0.522389 0.301175 0.522784 0.297387 0.518431 0.299139 0.514813 0.303889 0.513568 0.308977 0.517187
0 0.305571 0.505378 0.299524 0.504938 0.294863 0.503173 0.298643 0.494544 0.304501 0.497441 0.307713 0.500591
0 0.302106 0.488748 0.297823 0.489063 0.293099 0.484275 0.295178 0.479488 0.300847 0.480182 0.304941 0.48352 0.306265 0.485725
0 0.33109 0.483792 0.32511 0.485671 0.320384 0.481912 0.322092 0.477016 0.327104 0.474282 0.331488 0.478268
0 0.324769 0.477642 0.320782 0.478098 0.316397 0.473713 0.317423 0.468929 0.322491 0.467562 0.326591 0.471093 0.327787 0.472858
0 0.322946 0.466708 0.318505 0.467506 0.315771 0.464089 0.316568 0.457711 0.323003 0.455034 0.325794 0.457198 0.326477 0.462722
0 0.33536 0.475136 0.33052 0.474908 0.327046 0.472631 0.325452 0.467277 0.325794 0.45959 0.33052 0.455889 0.335133 0.460444 0.33815 0.466253 0.33815 0.470694
0 0.346595 0.462221 0.341056 0.463059 0.334614 0.459129 0.334679 0.452301 0.341313 0.449854 0.34608 0.457068 0.348398 0.459129
0 0.350782 0.455265 0.344405 0.455973 0.340153 0.452044 0.342344 0.445988 0.348334 0.444249 0.352521 0.449273 0.353358 0.451528
0 0.369579 0.427565 0.362265 0.429656 0.355592 0.425637 0.359049 0.418643 0.366444 0.417276 0.369097 0.423145
0 0.332368 0.448161 0.32298 0.448161 0.317615 0.443468 0.324908 0.437097 0.331446 0.440366
0 0.295996 0.42708 0.288899 0.428278 0.282632 0.426804 0.281065 0.419707 0.287701 0.414822 0.294061 0.416573 0.297286 0.420076
0 0.333914 0.409285 0.326274 0.407896 0.323694 0.403331 0.326076 0.39847 0.333319 0.397576 0.33699 0.403133
0 3.90625e-05 0.45573 0.00770605 0.456763 0.0104336 0.460965 0.0113916 0.467305 0.00623145 0.470326 0.000186523 0.470843 0 0.472096
0 0.0916982 0.466553 0.0866719 0.466877 0.0821318 0.464175 0.0836992 0.458176 0.0910498 0.456392 0.0959678 0.460013 0.0966699 0.461959
0 0.146339 0.45533 0.141671 0.455775 0.138647 0.452707 0.143627 0.446438 0.148384 0.448617 0.149718 0.452618
0 0.140871 0.490355 0.13775 0.491569 0.135063 0.487408 0.138487 0.484287 0.142258 0.486194 0.142908 0.487581
0 0.196265 0.4502 0.191111 0.450791 0.187193 0.448375 0.186979 0.44349 0.192292 0.440646 0.197499 0.443222 0.198036 0.445853
0 0.243421 0.442324 0.237213 0.442904 0.233615 0.440989 0.234775 0.435883 0.240752 0.434316 0.243827 0.437218 0.24551 0.43948
0 0.100146 0.251645 0.0891523 0.24837 0.0764043 0.243692 0.0761709 0.232231 0.0897363 0.223928 0.104589 0.226501 0.11301 0.236676 0.109852 0.245096
0 0.133358 0.195743 0.121897 0.191533 0.118623 0.188024 0.122015 0.178669 0.131839 0.183112 0.135932 0.188024
0 0.0905557 0.275269 0.0799131 0.274918 0.0658789 0.262638 0.0724287 0.254335 0.0896201 0.249773 0.0981572 0.262755 0.0940635 0.26872
0 0.0276602 0.249417 0.0223525 0.248886 0.0206719 0.234643 0.0289873 0.234997 0.0332344 0.240481 0.0325264 0.244374
0 0.109556 0.386199 0.100814 0.385763 0.0914189 0.381829 0.0887969 0.3744 0.0954609 0.369374 0.105294 0.371996 0.111085 0.378114
0 0.248311 0.383377 0.243237 0.384709 0.238881 0.381378 0.240315 0.375639 0.245696 0.374665 0.248516 0.377944
0 0.281063 0.249603 0.2759 0.249886 0.271305 0.246766 0.275503 0.237971 0.28095 0.238992 0.284411 0.243701
0 0.195852 0.197604 0.191411 0.197604 0.185182 0.19517 0.186398 0.189227 0.191411 0.186792 0.19714 0.190516
0 0.212106 0.183999 0.20516 0.185933 0.198644 0.182639 0.197212 0.175478 0.203084 0.171109 0.210029 0.173187 0.213538 0.177697
0 0.173437 0.206767 0.169649 0.207966 0.166245 0.206383 0.166629 0.201157 0.17128 0.200342 0.174492 0.202596
1 0.161337 0.315608 0.164057 0.322658 0.15892 0.330715 0.152877 0.337664 0.141194 0.338873 0.13495 0.33414 0.128304 0.32437 0.130721 0.310875 0.134347 0.296171 0.142403 0.290129 0.147942 0.295164 0.155093 0.307249
0 0.198627 0.314615 0.200774 0.317523 0.200327 0.320431 0.196032 0.32146 0.191156 0.320028 0.189814 0.314078 0.191961 0.30889 0.195809 0.307458 0.19809 0.31032
0 0.214468 0.319914 0.20974 0.320655 0.205577 0.317656 0.205153 0.31367 0.208646 0.311518 0.213127 0.31434 0.215385 0.31681
0 0.231883 0.314506 0.226631 0.316164 0.220066 0.313884 0.219029 0.309393 0.225663 0.307182 0.231744 0.311949
0 0.228489 0.273443 0.221968 0.273108 0.216031 0.268845 0.21879 0.263159 0.224894 0.262406 0.228322 0.266336 0.231165 0.267841
1 0.169528 0.15319 0.17775 0.155311 0.1852 0.165522 0.179162 0.176762 0.171327 0.175799 0.160537 0.166871 0.157261 0.163531 0.156876 0.156852 0.164969 0.156209
0 0.830617 0.829669 0.822339 0.82869 0.816554 0.822815 0.816198 0.815428 0.824208 0.811957 0.829994 0.813381 0.837292 0.819611
0 0.850191 0.774651 0.843303 0.775468 0.835831 0.766128 0.839567 0.759357 0.849958 0.75994 0.852409 0.767296
0 0.868563 0.772119 0.862997 0.775089 0.853348 0.771841 0.851956 0.763677 0.858729 0.757089 0.870048 0.759687 0.871904 0.765996
0 0.858314 0.742709 0.856203 0.747486 0.849538 0.748486 0.842428 0.743598 0.844872 0.731155 0.851204 0.72449 0.855648 0.726268 0.857537 0.731045
0 0.903022 0.914185 0.895686 0.915525 0.893357 0.907977 0.899354 0.906213 0.90274 0.90847 0.905563 0.908752
0 0.881163 0.956322 0.876938 0.957515 0.873741 0.956756 0.870652 0.951338 0.874987 0.946787 0.880134 0.948033 0.882464 0.951446
0 0.874283 0.969271 0.869895 0.969108 0.865234 0.96537 0.865397 0.961198 0.872549 0.958978 0.875366 0.961578 0.877154 0.964396
0 0.854887 0.960873 0.850335 0.961687 0.846651 0.958923 0.846055 0.953722 0.84871 0.951608 0.853207 0.95318 0.854345 0.956214
0 0.894945 0.967197 0.885927 0.967897 0.882662 0.962766 0.885538 0.957635 0.892458 0.958724 0.894635 0.960978
1 0.107422 0 0.125 0.015625 0.140625 0.0253906 0.170898 0.0488281 0.174805 0.0527344 0.185547 0.0625 0.208984 0.0761719 0.217773 0.0830078 0.234375 0.09375 0.236328 0.0996094 0.250977 0.116211 0.258789 0.119141 0.268555 0.128906 0.28125 0.137695 0.299805 0.150391 0.314453 0.163086 0.337891 0.170898 0.344727 0.170898 0.360352 0.173828 0.369141 0.178711 0.370117 0.18457 0.371094 0.19043 0.371094 0.198242 0.369141 0.202148 0.363281 0.204102 0.362305 0.212891 0.384766 0.220703 0.416992 0.212891 0.44043 0.196289 0.480469 0.181641 0.516602 0.169922 0.523438 0.168945 0.547852 0.163086 0.556641 0.15918 0.574219 0.150391 0.59082 0.144531 0.597656 0.142578 0.608398 0.137695 0.621094 0.135742 0.626953 0.133789 0.651367 0.125977 0.663086 0.123047 0.675781 0.121094 0.701172 0.118164 0.711914 0.117188 0.719727 0.114258 0.732422 0.112305 0.738281 0.109375 0.757812 0.106445 0.779297 0.0976562 0.805664 0.0908203 0.829102 0.0859375 0.852539 0.0830078 0.878906 0.0810547 0.893555 0.078125 0.933594 0.0791016 0.966797 0.0791016 0.97168 0.078125 0.977539 0.0761719 0.999023 0.0751953 1 0
1 1 0.0761719 1 0.671875 0.978516 0.667969 0.964844 0.655273 0.954102 0.649414 0.946289 0.647461 0.939453 0.642578 0.93457 0.636719 0.930664 0.624023 0.928711 0.618164 0.922852 0.600586 0.917969 0.59668 0.912109 0.583008 0.912109 0.577148 0.902344 0.569336 0.885742 0.56543 0.868164 0.563477 0.839844 0.5625 0.81543 0.560547 0.810547 0.557617 0.802734 0.557617 0.792969 0.556641 0.785156 0.560547 0.785156 0.572266 0.779297 0.580078 0.770508 0.581055 0.756836 0.579102 0.737305 0.575195 0.72168 0.567383 0.704102 0.560547 0.691406 0.554688 0.673828 0.548828 0.666016 0.548828 0.65625 0.546875 0.647461 0.541992 0.639648 0.53418 0.630859 0.523438 0.624023 0.506836 0.613281 0.504883 0.611328 0.499023 0.607422 0.491211 0.607422 0.486328 0.599609 0.470703 0.594727 0.467773 0.584961 0.460938 0.578125 0.453125 0.570312 0.447266 0.567383 0.438477 0.566406 0.431641 0.566406 0.425781 0.567383 0.410156 0.563477 0.405273 0.556641 0.402344 0.549805 0.397461 0.547852 0.391602 0.547852 0.382812 0.542969 0.370117 0.542969 0.363281 0.539062 0.353516 0.532227 0.347656 0.522461 0.341797 0.513672 0.334961 0.506836 0.326172 0.487305 0.302734 0.473633 0.294922 0.470703 0.286133 0.458984 0.266602 0.442383 0.254883 0.436523 0.25 0.425781 0.235352 0.429688 0.216797 0.435547 0.214844 0.446289 0.212891 0.452148 0.21582 0.46875 0.222656 0.484375 0.231445 0.492188 0.233398 0.506836 0.233398 0.512695 0.235352 0.520508 0.236328 0.529297 0.243164 0.533203 0.249023 0.549805 0.261719 0.547852 0.267578 0.554688 0.275391 0.567383 0.288086 0.575195 0.294922 0.583984 0.299805 0.589844 0.304688 0.595703 0.30957 0.602539 0.320312 0.609375 0.330078 0.617188 0.336914 0.617188 0.345703 0.632812 0.357422 0.649414 0.370117 0.65332 0.374023 0.660156 0.378906 0.666992 0.374023 0.674805 0.365234 0.680664 0.344727 0.681641 0.334961 0.685547 0.301758 0.686523 0.295898 0.683594 0.286133 0.678711 0.28418 0.65625 0.290039 0.651367 0.292969 0.634766 0.298828 0.625 0.294922 0.611328 0.294922 0.607422 0.291992 0.601562 0.286133 0.586914 0.279297 0.583984 0.271484 0.579102 0.267578 0.5625 0.251953 0.553711 0.242188 0.546875 0.232422 0.545898 0.21875 0.546875 0.193359 0.546875 0.176758 0.555664 0.167969 0.564453 0.163086 0.574219 0.157227 0.580078 0.152344 0.599609 0.148438 0.616211 0.145508 0.632812 0.133789 0.640625 0.129883 0.648438 0.128906 0.65625 0.128906 0.668945 0.125977 0.69043 0.120117 0.706055 0.117188 0.709961 0.114258 0.722656 0.111328 0.742188 0.108398 0.746094 0.105469 0.761719 0.101562 0.769531 0.100586 0.793945 0.0957031 0.801758 0.0908203 0.811523 0.0869141 0.828125 0.0869141 0.84375 0.0839844 0.854492 0.0839844 0.885742 0.0830078 0.904297 0.0830078 0.915039 0.0830078 0.942383 0.0810547 0.953125 0.0800781 0.973633 0.0791016
1 0 0.275391 0.0126953 0.285156 0.0283203 0.303711 0.0361328 0.31543 0.0380859 0.333008 0.0253906 0.334961 0.0126953 0.314453 0 0.304688
0 0.109375 0.233398 0.119141 0.240234 0.118164 0.24707 0.110352 0.248047 0.105469 0.241211
0 0.0673828 0.349609 0.0693359 0.357422 0.0664062 0.362305 0.0576172 0.358398 0.0595703 0.351562
0 0.0556641 0.359375 0.0615234 0.362305 0.0615234 0.368164 0.0546875 0.375 0.046875 0.37207 0.046875 0.364258
0 0.0419922 0.367188 0.0439453 0.375 0.0410156 0.382812 0.0341797 0.382812 0.0341797 0.382812 0.0322266 0.370117
0 0.0683594 0.577148 0.0703125 0.584961 0.0634766 0.588867 0.0556641 0.585938 0.0566406 0.576172
0 0.0683594 0.586914 0.0712891 0.591797 0.0644531 0.594727 0.0625 0.588867
0 0.0712891 0.592773 0.0751953 0.597656 0.0732422 0.603516 0.0673828 0.599609 0.0673828 0.592773
0 0.0761719 0.602539 0.0800781 0.607422 0.0761719 0.611328 0.0712891 0.607422
0 0.078125 0.609375 0.0830078 0.613281 0.0849609 0.619141 0.0800781 0.62207 0.0761719 0.615234
0 0.0869141 0.625 0.0908203 0.628906 0.0869141 0.631836 0.0830078 0.628906 0.0830078 0.628906
0 0.0927734 0.630859 0.0966797 0.638672 0.0947266 0.643555 0.0878906 0.642578 0.0849609 0.635742
0 0.0966797 0.648438 0.101562 0.652344 0.100586 0.658203 0.0898438 0.65918 0.0908203 0.650391
0 0.0722656 0.519531 0.0771484 0.529297 0.0742188 0.537109 0.0644531 0.53418 0.0625 0.523438
0 0.0722656 0.535156 0.0751953 0.542969 0.0712891 0.547852 0.0654297 0.550781 0.0605469 0.546875 0.0605469 0.53418
0 0.0722656 0.545898 0.078125 0.551758 0.0722656 0.55957 0.0673828 0.55957 0.0644531 0.551758
0 0.078125 0.554688 0.0820312 0.561523 0.0820312 0.568359 0.0722656 0.571289 0.0683594 0.56543 0.0712891 0.55957
0 0.0830078 0.567383 0.0869141 0.573242 0.0820312 0.580078 0.0742188 0.577148 0.0751953 0.570312 0.0751953 0.570312
0 0.0859375 0.577148 0.0908203 0.581055 0.0917969 0.583984 0.0859375 0.588867 0.078125 0.582031
0 0.0898438 0.585938 0.0947266 0.588867 0.0947266 0.592773 0.0849609 0.595703 0.0830078 0.589844
0 0.0947266 0.592773 0.0976562 0.597656 0.0976562 0.605469 0.0898438 0.606445 0.0869141 0.597656
0 0.0996094 0.604492 0.105469 0.609375 0.107422 0.615234 0.103516 0.620117 0.0976562 0.619141 0.09375 0.611328
0 0.03125 0.493164 0.0361328 0.499023 0.0283203 0.504883 0.0205078 0.498047 0.0244141 0.492188
0 0.112305 0.677734 0.111328 0.683594 0.104492 0.686523 0.0986328 0.681641 0.102539 0.675781
0 0.59668 0.613281 0.601562 0.620117 0.601562 0.620117 0.595703 0.623047 0.589844 0.617188 0.589844 0.612305
0 0.584961 0.600586 0.585938 0.608398 0.580078 0.609375 0.577148 0.602539
0 0.816406 0.666992 0.819336 0.672852 0.8125 0.676758 0.807617 0.672852 0.807617 0.667969
0 0.822266 0.678711 0.824219 0.685547 0.819336 0.688477 0.8125 0.68457 0.814453 0.677734
0 0.825195 0.685547 0.829102 0.691406 0.828125 0.697266 0.820312 0.695312 0.818359 0.686523
0 0.822266 0.700195 0.828125 0.703125 0.827148 0.709961 0.821289 0.711914 0.816406 0.705078
0 0.826172 0.709961 0.831055 0.710938 0.831055 0.71875 0.824219 0.719727 0.820312 0.712891
1 0.816406 0.772461 0.811523 0.791016 0.804688 0.806641 0.801758 0.820312 0.796875 0.828125 0.785156 0.826172 0.783203 0.8125 0.779297 0.806641 0.77832 0.793945 0.78418 0.790039 0.78418 0.776367 0.791016 0.771484 0.799805 0.774414 0.802734 0.767578 0.8125 0.765625
1 0.865234 1 0.878906 0.989258 0.882812 0.977539 0.90332 0.961914 0.916992 0.942383 0.930664 0.926758 0.944336 0.919922 0.952148 0.927734 0.953125 0.944336 0.9375 0.962891 0.936523 0.977539 0.917969 0.992188 0.916992 1
