0 0.789553 0.973218 0.780216 0.967156 0.773581 0.958317 0.769813 0.945438 0.772803 0.93601 0.780298 0.931801 0.793238 0.932474 0.80102 0.936346 0.808596 0.943659 0.808596 0.95857 0.801552 0.968335
0 0.786268 0.9362 0.779168 0.934853 0.772554 0.92864 0.769332 0.920024 0.769731 0.910823 0.773809 0.906018 0.781421 0.900918 0.790402 0.900918 0.799326 0.904024 0.804345 0.912926 0.806996 0.917973 0.804345 0.923307 0.800495 0.927819
0 0.78661 0.906311 0.779738 0.905431 0.773096 0.898867 0.770045 0.886501 0.773352 0.878589 0.779368 0.875014 0.787637 0.877769 0.799354 0.883036 0.800609 0.895108 0.800609 0.905489
0 0.959374 0.885889 0.947869 0.886677 0.93924 0.881553 0.936057 0.854435 0.941618 0.847339 0.946642 0.841979 0.961905 0.834174 0.970074 0.832203 0.976134 0.833229 0.982116 0.837722 0.986565 0.844896 0.986527 0.850798 0.986527 0.864762
0 0.791748 0.733525 0.77965 0.727 0.777434 0.718875 0.778722 0.710565 0.784082 0.705395 0.792107 0.70324 0.799145 0.705395 0.805702 0.707487 0.808996 0.715551 0.805522 0.723923
0 0.629777 0.719761 0.619785 0.715622 0.609606 0.703359 0.606363 0.667186 0.615423 0.659752 0.626235 0.657223 0.642864 0.665883 0.651888 0.673154 0.649874 0.683807 0.647675 0.694996 0.647675 0.708571 0.641522 0.716235
0 0.448914 0.168259 0.433548 0.16056 0.421879 0.150294 0.418758 0.13618 0.421687 0.122952 0.435276 0.111009 0.452228 0.108146 0.468794 0.109232 0.479022 0.111293 0.475949 0.128073 0.475949 0.145557 0.466537 0.157401
0 0.438494 0.215145 0.428313 0.213072 0.414437 0.20557 0.410931 0.192245 0.41362 0.177044 0.421399 0.165002 0.43643 0.157007 0.453524 0.161547 0.465193 0.17259 0.465193 0.190073 0.45847 0.203201
0 0.606124 0 0.606124 0.0167295 0.618168 0.0369365 0.62877 0.0469863 0.648225 0.0513242 0.665929 0.0410625 0.673752 0.0261455 0.678127 0.0104873 0.675193 0
0 0.930876 0.0722988 0.913793 0.0703516 0.899438 0.064668 0.886482 0.0542344 0.879968 0.0382734 0.887051 0.00705078 0.917164 0 0.932543 0.00300195 0.940156 0.013124 0.95046 0.0334355 0.946937 0.0469834 0.946937 0.0607754
0 0.209854 0.0938057 0.19975 0.0887979 0.190471 0.0779717 0.190255 0.0653779 0.195057 0.0566885 0.205303 0.0539629 0.215657 0.0547734 0.228232 0.0572031 0.231457 0.0619082 0.227695 0.0729551 0.227695 0.085999
0 0.201334 0.145885 0.188017 0.143542 0.181341 0.136782 0.179062 0.126742 0.180755 0.117438 0.187561 0.11215 0.203972 0.110009 0.211396 0.116493 0.209931 0.126064 0.209931 0.13792
0 0.188724 0.194815 0.176403 0.189598 0.169995 0.18158 0.168075 0.169935 0.170985 0.1581 0.187609 0.145309 0.19637 0.145182 0.206709 0.155673 0.204821 0.168272 0.204821 0.179543 0.200395 0.189024
0 0.0834834 0.214777 0.0746787 0.212975 0.0682598 0.20288 0.0655586 0.183844 0.0701182 0.170576 0.075626 0.15702 0.0823613 0.145555 0.0907803 0.138921 0.0982871 0.136541 0.109968 0.138552 0.110424 0.142166 0.109968 0.151323 0.104671 0.169053 0.10183 0.180301 0.10183 0.193073 0.0959365 0.205691
0 0.054417 0.167885 0.0467783 0.163881 0.0432148 0.152341 0.0454189 0.141223 0.0524434 0.133161 0.0623125 0.130157 0.0717197 0.12863 0.0793584 0.132687 0.0800254 0.137581 0.0800254 0.146914 0.0738213 0.155503 0.0683877 0.160508
0 0.0176279 0.185969 0.00982617 0.183695 0.00421582 0.178528 0.00218457 0.169436 0.00471875 0.162946 0.0126406 0.159061 0.0237813 0.160714 0.0291699 0.166661 0.026918 0.173646 0.026918 0.180967 0.0226953 0.184853
0 0.0215107 0.217639 0.0128379 0.216352 0.00794531 0.211919 0.00551074 0.202767 0.00982324 0.194567 0.0154121 0.188181 0.0242012 0.187513 0.0319922 0.19147 0.0387871 0.198805 0.0387871 0.207247 0.0346133 0.214874
0 0.05104 0.247852 0.0492744 0.235477 0.0420771 0.225102 0.033001 0.223892 0.0241279 0.226398 0.0250107 0.234121 0.0250107 0.242362 0.0291533 0.252086 0.0354453 0.259855 0.0421904 0.263577 0.0486631 0.26153 0.0512891 0.257529
0 0 0.250957 0.0128174 0.254087 0.0264814 0.262425 0.0247471 0.275207 0.0247471 0.290609 0.0188672 0.299479 0.0102373 0.298001 0.00376465 0.289131 0 0.27887
0 0.591066 0.203104 0.582171 0.201734 0.573067 0.196253 0.569568 0.189273 0.572318 0.181352 0.5799 0.176855 0.590524 0.177883 0.597712 0.180024 0.601587 0.187341 0.601587 0.194926 0.596857 0.201819
0 0.581422 0.23081 0.572797 0.225286 0.567089 0.217663 0.567318 0.209699 0.571109 0.204518 0.57865 0.200706 0.585838 0.200449 0.59517 0.202462 0.600295 0.210293 0.597441 0.217401 0.597441 0.224986 0.591046 0.228669
0 0.663787 0.587472 0.6536 0.584367 0.647157 0.577621 0.64452 0.569676 0.64758 0.561854 0.65213 0.558543 0.658976 0.559329 0.664149 0.561481 0.670713 0.563923 0.676713 0.567477 0.676713 0.574808 0.673593 0.582753
0 0.193404 0.822824 0.172764 0.824441 0.156103 0.822824 0.145921 0.814928 0.142172 0.797899 0.148604 0.782964 0.168043 0.777826 0.183038 0.775163 0.202105 0.767552 0.216175 0.770025 0.225245 0.782952 0.225245 0.799802 0.216499 0.814167
0 0.105226 0.40798 0.0848086 0.405831 0.0712568 0.399101 0.0736221 0.383958 0.0888555 0.374518 0.106362 0.37433 0.119777 0.377135 0.120687 0.386845 0.126917 0.394428 0.120687 0.4034
0 0.0434727 0.449604 0.0324521 0.449876 0.0236162 0.446066 0.0292754 0.424366 0.0413545 0.420557 0.0512832 0.421373 0.0582988 0.425931 0.0589609 0.433745 0.0589609 0.445795
1 0.333984 0.606445 0.337891 0.591797 0.348633 0.588867 0.358398 0.582031 0.371094 0.574219 0.386719 0.583984 0.401367 0.589844 0.408203 0.586914 0.423828 0.592773 0.44043 0.603516 0.446289 0.610352 0.455078 0.613281 0.445312 0.626953 0.456055 0.638672 0.458984 0.655273 0.455078 0.664062 0.463867 0.672852 0.464844 0.683594 0.458008 0.692383 0.460938 0.705078 0.453125 0.726562 0.44043 0.730469 0.438477 0.741211 0.44043 0.755859 0.4375 0.775391 0.394531 0.775391 0.362305 0.773438 0.356445 0.768555 0.352539 0.766602 0.353516 0.758789 0.341797 0.756836 0.335938 0.733398 0.334961 0.722656 0.339844 0.717773 0.34668 0.710938 0.339844 0.702148 0.334961 0.693359 0.319336 0.695312 0.313477 0.682617 0.311523 0.676758 0.317383 0.667969 0.314453 0.654297 0.316406 0.644531 0.319336 0.637695 0.308594 0.638672 0.301758 0.626953 0.301758 0.614258 0.306641 0.608398 0.313477 0.604492 0.320312 0.605469
0 0.486328 0.765625 0.496094 0.766602 0.50293 0.764648 0.510742 0.75 0.511719 0.741211 0.506836 0.736328 0.495117 0.733398 0.485352 0.732422 0.470703 0.735352 0.466797 0.745117 0.467773 0.755859 0.476562 0.763672
1 1 0.511719 0.989258 0.509766 0.977539 0.507812 0.967773 0.503906 0.958008 0.500977 0.950195 0.493164 0.947266 0.482422 0.943359 0.473633 0.9375 0.461914 0.931641 0.453125 0.925781 0.452148 0.915039 0.459961 0.897461 0.458984 0.887695 0.456055 0.876953 0.453125 0.874023 0.439453 0.876953 0.417969 0.87207 0.407227 0.865234 0.394531 0.860352 0.385742 0.848633 0.375977 0.842773 0.365234 0.836914 0.345703 0.833984 0.327148 0.823242 0.320312 0.827148 0.314453 0.836914 0.305664 0.845703 0.305664 0.852539 0.314453 0.874023 0.327148 0.876953 0.318359 0.881836 0.301758 0.878906 0.288086 0.885742 0.274414 0.890625 0.263672 0.905273 0.243164 0.914062 0.240234 0.920898 0.237305 0.916016 0.230469 0.916992 0.225586 0.923828 0.222656 0.927734 0.21582 0.935547 0.214844 1 0.214844
1 0.833008 0.53418 0.851562 0.525391 0.858398 0.510742 0.867188 0.510742 0.867188 0.525391 0.873047 0.530273 0.887695 0.529297 0.888672 0.526367 0.896484 0.525391 0.901367 0.521484 0.901367 0.512695 0.889648 0.504883 0.893555 0.492188 0.890625 0.480469 0.882812 0.46875 0.850586 0.484375 0.833984 0.492188 0.819336 0.5 0.811523 0.507812 0.818359 0.520508 0.825195 0.529297
1 0.898438 0.239258 0.899414 0.250977 0.889648 0.256836 0.887695 0.267578 0.878906 0.285156 0.881836 0.301758 0.874023 0.321289 0.870117 0.322266 0.855469 0.314453 0.853516 0.305664 0.848633 0.291016 0.84668 0.28125 0.831055 0.274414 0.829102 0.266602 0.833008 0.254883 0.842773 0.25 0.842773 0.237305 0.845703 0.227539 0.858398 0.225586 0.859375 0.220703 0.867188 0.21875 0.870117 0.223633 0.875977 0.21875 0.887695 0.223633 0.888672 0.234375 0.898438 0.234375
1 0.103516 0.779297 0.125977 0.783203 0.145508 0.78125 0.169922 0.777344 0.180664 0.766602 0.208984 0.746094 0.219727 0.737305 0.214844 0.701172 0.201172 0.694336 0.195312 0.689453 0.205078 0.678711 0.192383 0.676758 0.196289 0.644531 0.192383 0.641602 0.181641 0.644531 0.181641 0.629883 0.189453 0.625 0.177734 0.623047 0.130859 0.631836 0.119141 0.632812 0.111328 0.629883 0.0996094 0.637695 0.0888672 0.637695 0.0615234 0.631836 0.0498047 0.633789 0.0380859 0.639648 0.0283203 0.647461 0.0214844 0.644531 0 0.630859 0 0.678711 0.0214844 0.672852 0.03125 0.666992 0.0400391 0.680664 0.0595703 0.68457 0.0761719 0.682617 0.0742188 0.671875 0.0742188 0.666992 0.0761719 0.661133 0.09375 0.676758 0.101562 0.683594 0.0976562 0.698242 0.0957031 0.726562 0.078125 0.733398 0.0732422 0.75293 0.0927734 0.761719
0 0.824219 0.118164 0.837891 0.117188 0.838867 0.114258 0.844727 0.119141 0.851562 0.118164 0.847656 0.107422 0.855469 0.104492 0.851562 0.0908203 0.838867 0.0830078 0.832031 0.0859375 0.824219 0.0947266 0.816406 0.0888672 0.80957 0.0927734 0.807617 0.0996094 0.816406 0.111328
