0 0.000988281 0 0.000363281 0.00656836 0.00300391 0.0114336 0.00870313 0.0141436 0.0156533 0.0140049 0.0244102 0.0103906 0.0280938 0.00503906 0.0270518 0
0 0.0377959 0.000395508 0.0381924 0.00599902 0.040626 0.00928125 0.0433428 0.0111494 0.047418 0.00780957 0.0507002 0
0 0.0319951 0 0.0304687 0.00364844 0.0324443 0.00620703 0.0351387 0.00692578 0.0377422 0.00724023 0.0376074 0.000191406
0 0.0490332 0.0120635 0.0471982 0.0100244 0.0475244 0.0067627 0.0501348 0.00301074 0.0519287 0.00211426 0.0549463 0.00407129 0.0553945 0.00688477 0.0546201 0.00937207 0.0522549 0.0118594
0 0.0678145 0.0299834 0.0600713 0.0293057 0.0546504 0.0224336 0.0559092 0.0150771 0.0606514 0.0108184 0.0662656 0.00762402 0.0715889 0.0121729 0.0736221 0.0190459 0.0729443 0.0247559 0.0701377 0.0294023
0 0.0540107 0.170066 0.0458496 0.167436 0.0424102 0.160826 0.0458496 0.154217 0.0514473 0.149833 0.0577871 0.150845 0.0616982 0.152936 0.0634521 0.158264 0.0625752 0.163187 0.0603496 0.168717 0.0557637 0.170201
0 0.0587314 0.149969 0.052459 0.150777 0.0476035 0.145989 0.0492217 0.137356 0.0537402 0.134592 0.0593379 0.134592 0.0628447 0.138301 0.0635869 0.145585 0.061834 0.149024 0.0592031 0.151856
0 0.0040918 0.448547 0 0.443729 0 0.436501 0.00243066 0.431516 0.00733203 0.430602 0.0117354 0.430769 0.0136465 0.433427 0.0126494 0.437913 0.0107383 0.444726 0.00633496 0.448464 0.00517188 0.449794
0 0.00539062 0.430601 0 0.429014 0 0.423026 0.00106348 0.417833 0.00560742 0.414804 0.0107295 0.415381 0.0140469 0.420142 0.0144795 0.426489 0.0128926 0.429519 0.0108008 0.430601
0 0.0476416 0.429221 0.0385303 0.42915 0.0350967 0.426066 0.0350264 0.420179 0.0376895 0.416114 0.0485527 0.411839 0.0540898 0.412399 0.0554912 0.413591 0.0571035 0.416604 0.0554912 0.421721 0.0499551 0.425926 0.0471514 0.428029
0 0 0.475809 0.00287793 0.480224 0.00850488 0.488882 0.010583 0.496154 0.00893848 0.500656 0.00287793 0.503946 0 0.50715 0 0.509487
0 0.00564844 0.520656 0 0.517886 0 0.509574 0.00434961 0.503081 0.0104961 0.499012 0.016124 0.503341 0.0187217 0.509142 0.0176826 0.515895 0.01396 0.519185
0 0.00919824 0.546717 0.00408984 0.546544 0 0.540569 0 0.531825 0 0.5236 0.00504199 0.519271 0.0123145 0.519098 0.0147393 0.522647 0.01725 0.531738 0.0154316 0.539617 0.0110156 0.546024 0.00945703 0.54637
0 0.0306797 0.544445 0.0179014 0.541045 0.0157324 0.534188 0.0166113 0.528149 0.0208906 0.521233 0.0281006 0.515723 0.036541 0.513612 0.0463301 0.514492 0.0498477 0.517423 0.0524268 0.522054 0.0528955 0.528795 0.0518984 0.533895 0.0473857 0.540225 0.043751 0.543507 0.0408203 0.546086
0 0.124894 0.521988 0.116296 0.519955 0.111706 0.516353 0.111125 0.509439 0.115018 0.50212 0.119897 0.497879 0.128554 0.49939 0.132969 0.503398 0.134479 0.505141 0.134943 0.510834 0.131748 0.516992 0.128146 0.521116
0 0.106589 0.529163 0.0992227 0.528146 0.0963779 0.523474 0.097293 0.517429 0.0999346 0.513975 0.102982 0.511739 0.107706 0.512755 0.111617 0.517378 0.113294 0.522355 0.111059 0.526979 0.108926 0.528604
0 0.106055 0.506988 0.0959385 0.50643 0.0878701 0.498424 0.0856357 0.491101 0.0861328 0.48235 0.0890498 0.472172 0.0926494 0.467269 0.105807 0.467393 0.117102 0.472172 0.121384 0.475213 0.122314 0.48055 0.122873 0.485329 0.12126 0.492031 0.116791 0.499789 0.11313 0.501775 0.111578 0.503885
1 0.0531504 0.518016 0.040624 0.510301 0.0388086 0.499045 0.0441641 0.493236 0.053332 0.493508 0.0638613 0.491965 0.0646777 0.485066 0.0637705 0.47835 0.059873 0.471915 0.0551533 0.462696 0.0618486 0.454904 0.0649209 0.448539 0.0675547 0.443052 0.0833584 0.435809 0.0914795 0.43954 0.098833 0.440638 0.101796 0.446783 0.100809 0.455563 0.097626 0.459514 0.0918086 0.460392 0.0858828 0.459843 0.085334 0.463685 0.0843467 0.469172 0.0777617 0.46577 0.0741396 0.46566 0.0728232 0.470817 0.0782002 0.47027 0.0847852 0.472135 0.0854434 0.474988 0.0846758 0.486731 0.0824805 0.491121 0.0792979 0.493535 0.0846035 0.501536 0.093168 0.506097 0.0916113 0.515996 0.0884961 0.521447 0.0876064 0.528455 0.0916113 0.532126 0.100695 0.529794 0.107168 0.545631 0.11006 0.551828 0.112964 0.549667 0.114014 0.559406 0.114363 0.564714 0.110456 0.567921 0.10684 0.564714 0.103107 0.559406 0.0972168 0.556549 0.0948252 0.554683 0.0919678 0.558706 0.0870684 0.559523 0.0845029 0.554332 0.0850273 0.549608 0.0810127 0.552091 0.0720127 0.552745 0.0685762 0.556755 0.0650576 0.561418 0.0558936 0.562481 0.0496758 0.557572 0.0477939 0.552254 0.0449297 0.542845 0.0537666 0.533845
0 0.139852 0.552986 0.131392 0.551002 0.131976 0.543709 0.134834 0.538982 0.141193 0.539274 0.144812 0.543768 0.144461 0.549252 0.140494 0.553161
0 0.117972 0.566405 0.114238 0.558646 0.114472 0.553395 0.117039 0.550127 0.121939 0.550886 0.124974 0.553978 0.125499 0.560221 0.123281 0.565764 0.119781 0.565063
0 0.133959 0.57154 0.128241 0.568855 0.126782 0.562029 0.132267 0.556778 0.137518 0.556545 0.139852 0.560746 0.138218 0.56658 0.135651 0.570548
0 0.144082 0.576727 0.138419 0.574157 0.136636 0.569542 0.137999 0.564193 0.144449 0.560155 0.149694 0.561466 0.152474 0.565347 0.15305 0.569595 0.152631 0.573423 0.150952 0.576622 0.146705 0.577618
0 0.209302 0.722151 0.19587 0.720535 0.191224 0.714375 0.190921 0.703468 0.197283 0.694984 0.205969 0.694177 0.212938 0.697711 0.217381 0.70983 0.213745 0.719323 0.210816 0.721545
0 0.295376 0.905174 0.285681 0.900851 0.283715 0.893972 0.285746 0.888011 0.290004 0.884276 0.294131 0.882377 0.302517 0.888862 0.304154 0.894431 0.304481 0.90131 0.300158 0.90465
0 0.357599 0.89586 0.346644 0.893562 0.343736 0.887746 0.343939 0.881593 0.346171 0.875439 0.350634 0.870773 0.35584 0.870029 0.361521 0.874831 0.364563 0.880308 0.364969 0.886259 0.362873 0.891465 0.35956 0.894711
0 0.353256 0.851011 0.342931 0.846146 0.343626 0.837607 0.348094 0.833537 0.355341 0.832048 0.361496 0.837012 0.362489 0.843564 0.359411 0.848926 0.354249 0.851805
0 0.253537 0.987458 0.248289 0.981373 0.24974 0.975177 0.254542 0.971604 0.260124 0.971157 0.264758 0.97406 0.266823 0.978749 0.263027 0.985002 0.259566 0.98662
0 0.297687 0.984872 0.291483 0.978814 0.293235 0.976405 0.296666 0.973632 0.301848 0.973852 0.304402 0.975238 0.304329 0.980566 0.303526 0.983996 0.300753 0.985383
0 0.317759 0.982975 0.312796 0.98188 0.310606 0.977136 0.312431 0.972392 0.317248 0.970713 0.321555 0.972173 0.323452 0.976917 0.3217 0.981661 0.319511 0.983704
0 0.317832 0.970786 0.311993 0.969545 0.308271 0.962757 0.310314 0.955678 0.317467 0.951663 0.320824 0.952612 0.325568 0.953853 0.326736 0.960349 0.323306 0.968523 0.320168 0.970202
0 0.350818 0.983701 0.345155 0.977132 0.347949 0.971469 0.35331 0.968449 0.359804 0.971922 0.361238 0.978341 0.356935 0.982418
0 0.394606 0.981961 0.387009 0.977433 0.388568 0.971999 0.39204 0.968679 0.397172 0.968326 0.401046 0.97069 0.402354 0.97542 0.399889 0.978942 0.39687 0.980502
0 0.447739 0.980437 0.441354 0.979345 0.440029 0.975893 0.439685 0.971117 0.44492 0.966687 0.449178 0.965594 0.453839 0.96801 0.455507 0.974281 0.453148 0.977504 0.450674 0.980553
0 0.502353 0.979083 0.496832 0.974219 0.498344 0.968106 0.503339 0.965938 0.508991 0.967252 0.511687 0.973431 0.508399 0.977571 0.505376 0.979411
0 0.639478 0.96943 0.633283 0.958663 0.636454 0.950625 0.642501 0.946201 0.653489 0.946496 0.657545 0.948191 0.657323 0.951511 0.653637 0.956377 0.651203 0.963604 0.650761 0.968103 0.646704 0.96943 0.641247 0.968028
0 0.661969 0.97791 0.654005 0.976288 0.649433 0.969209 0.650097 0.960949 0.65312 0.954902 0.663075 0.950035 0.66927 0.953133 0.671925 0.960654 0.671188 0.963383 0.669639 0.967365 0.667795 0.97238 0.667647 0.975993 0.666246 0.978353 0.663739 0.97791
0 0.622664 0.978942 0.616175 0.976214 0.616691 0.963678 0.622443 0.962498 0.627458 0.96331 0.630702 0.967733 0.631734 0.973338 0.629228 0.977763
0 0.535758 0.871455 0.531676 0.866087 0.532298 0.862227 0.535581 0.859742 0.541481 0.859964 0.546495 0.860896 0.551643 0.860407 0.555059 0.86409 0.55284 0.867329 0.549778 0.869991 0.547915 0.873186 0.54339 0.874871 0.540728 0.874561
0 0.555857 0.880373 0.548803 0.880729 0.547339 0.871898 0.552086 0.867506 0.556789 0.867107 0.559407 0.868926 0.560782 0.874117 0.559318 0.876957 0.557677 0.879574
0 0.69969 0.979611 0.691842 0.970849 0.693557 0.9654 0.698242 0.961285 0.70472 0.960257 0.710435 0.964143 0.712721 0.970277 0.711311 0.974011 0.707653 0.978316 0.704262 0.979992
0 0.465088 0.829001 0.455019 0.82681 0.453169 0.818384 0.455978 0.812767 0.462554 0.811465 0.470911 0.808999 0.473377 0.808177 0.475843 0.812492 0.4755 0.821604 0.472555 0.826604 0.468239 0.828864
0 0.463238 0.809615 0.463308 0.804409 0.471321 0.79982 0.477966 0.798655 0.480843 0.801602 0.482213 0.81078 0.478856 0.81585 0.476802 0.81441 0.475706 0.808588 0.474404 0.807081 0.473239 0.807218
0 0.452484 0.812767 0.446113 0.809479 0.445977 0.804547 0.448374 0.800643 0.45173 0.79893 0.455361 0.799684 0.458375 0.802423 0.458923 0.80619 0.457073 0.810712 0.454882 0.81215
0 0.465598 0.801082 0.460271 0.796476 0.462046 0.791389 0.465837 0.789229 0.470013 0.789709 0.472172 0.793597 0.471116 0.796859 0.469389 0.799595
0 0.485914 0.793233 0.479745 0.792741 0.479254 0.786026 0.482421 0.782424 0.488862 0.781496 0.491865 0.783734 0.493229 0.786519 0.492247 0.791541 0.489463 0.794271
0 0.528592 0.686972 0.524571 0.681538 0.523811 0.676105 0.525604 0.672683 0.53484 0.668118 0.539296 0.668391 0.542936 0.672302 0.543425 0.679365 0.540979 0.683603 0.535655 0.68833 0.532612 0.687569
0 0.36765 0.678313 0.355018 0.669351 0.358364 0.660173 0.366571 0.655205 0.375965 0.656285 0.380608 0.665355 0.379637 0.671942 0.375965 0.677449
0 0.408289 0.67608 0.398717 0.67302 0.398089 0.664938 0.400992 0.659368 0.40719 0.656779 0.41378 0.659682 0.415664 0.6669 0.414644 0.670509 0.412133 0.673961
1 0.504261 0.765849 0.506051 0.758958 0.513076 0.75775 0.517417 0.764552 0.515896 0.768758 0.514643 0.77453 0.516209 0.779587 0.516388 0.78254 0.516119 0.786523 0.515815 0.796408 0.517715 0.7999 0.519186 0.804496 0.516979 0.808724 0.517225 0.81479 0.512017 0.82055 0.506625 0.821469 0.494554 0.81142 0.494063 0.804435 0.497679 0.800881 0.496515 0.792793 0.499763 0.786237 0.502888 0.783786 0.501889 0.774152 0.505189 0.770111
0 0.652405 0.837735 0.642394 0.833393 0.635694 0.822938 0.637977 0.817123 0.64173 0.811528 0.653215 0.807406 0.659178 0.809909 0.66249 0.813001 0.662638 0.818154 0.659987 0.82397 0.653362 0.827062 0.652994 0.83435
0 0.666907 0.835601 0.657411 0.832804 0.659178 0.824779 0.663227 0.817564 0.66676 0.813516 0.671398 0.813516 0.675226 0.820436 0.675079 0.825736 0.670146 0.83192
0 0.674932 0.844803 0.665582 0.842227 0.667938 0.834644 0.676257 0.832361 0.678833 0.834864 0.680085 0.838987 0.677876 0.842152
0 0.679413 0.832655 0.673044 0.831941 0.674088 0.825902 0.674801 0.819095 0.674966 0.813549 0.677931 0.811243 0.682817 0.815636 0.683641 0.81849 0.684189 0.824091 0.683146 0.829196 0.683531 0.831996 0.681005 0.832546
0 0.701045 0.83606 0.686989 0.831832 0.683586 0.827274 0.683201 0.820083 0.691107 0.81064 0.696708 0.809871 0.703955 0.812561 0.708621 0.818216 0.70939 0.822828 0.709171 0.825408 0.704888 0.832326 0.700057 0.835565
0 0.721034 0.818502 0.711304 0.819074 0.7046 0.81286 0.703945 0.805665 0.711713 0.800023 0.721524 0.802803 0.727738 0.807627 0.729619 0.814822 0.726349 0.81842 0.723159 0.818502
0 0.709505 0.801168 0.698794 0.793073 0.701737 0.781054 0.704926 0.778273 0.713593 0.776312 0.719889 0.781626 0.722179 0.787022 0.721115 0.79152 0.716046 0.7943 0.713839 0.795935
0 0.765758 0.828435 0.757027 0.826034 0.753317 0.818468 0.754408 0.812211 0.758701 0.808063 0.765176 0.803626 0.774125 0.807264 0.775871 0.811119 0.775943 0.817886 0.772379 0.82567 0.767286 0.829817
0 0.237086 0.305669 0.229079 0.297338 0.232001 0.292956 0.235139 0.289927 0.242658 0.292036 0.245417 0.29301 0.246824 0.297879 0.24439 0.303397 0.240765 0.306427
0 0.240974 0.17023 0.236298 0.166619 0.236021 0.16111 0.238705 0.156295 0.242548 0.153842 0.248011 0.154351 0.251437 0.159258 0.252038 0.16523 0.250418 0.169443 0.245604 0.172638
0 0.242409 0.152962 0.235372 0.149119 0.234168 0.145972 0.235835 0.14111 0.238149 0.13824 0.244029 0.137313 0.249029 0.140972 0.249816 0.143703 0.247038 0.14898
0 0.254122 0.159073 0.247085 0.156203 0.245557 0.149906 0.249261 0.146573 0.253705 0.146018 0.256529 0.148749 0.256622 0.153795 0.255048 0.15736
0 0.269184 0.153435 0.262477 0.150048 0.263273 0.143142 0.268652 0.140485 0.274496 0.142079 0.278081 0.145997 0.277284 0.148985 0.273566 0.152903
0 0.282729 0.163262 0.275757 0.160539 0.27516 0.153169 0.281401 0.147724 0.289304 0.147591 0.292757 0.147259 0.297271 0.153169 0.296276 0.159742 0.292558 0.163062 0.289503 0.163926
0 0.289569 0.17309 0.283526 0.171297 0.281003 0.166449 0.287245 0.164324 0.295347 0.163859 0.299197 0.161934 0.300459 0.165918 0.297006 0.1705 0.293421 0.17216
0 0.36023 0.567819 0.345347 0.566509 0.340386 0.551999 0.345534 0.543855 0.361635 0.537584 0.372681 0.540767 0.377455 0.544229 0.378766 0.555089 0.3768 0.558459 0.372493 0.563139 0.364256 0.56885
0 0.39077 0.559883 0.380805 0.556036 0.376784 0.546509 0.386574 0.537331 0.396363 0.536195 0.403094 0.538555 0.407377 0.545373 0.407901 0.554551 0.402569 0.560145 0.395314 0.560407
0 0.42311 0.544411 0.410174 0.545897 0.400646 0.531475 0.402744 0.523695 0.414457 0.517053 0.425208 0.521248 0.431064 0.528939 0.432026 0.537069 0.426782 0.543537
0 0.30052 0.63336 0.290363 0.625036 0.292278 0.614963 0.298604 0.608054 0.308678 0.607138 0.314422 0.611301 0.316086 0.620624 0.312007 0.631362 0.305931 0.633776
0 0.519775 0.607733 0.511981 0.603915 0.510657 0.596277 0.513385 0.591913 0.519854 0.588483 0.526556 0.591523 0.528504 0.596745 0.527725 0.602044 0.524841 0.607187
0 0.550072 0.606496 0.540813 0.603525 0.53798 0.596754 0.540883 0.590674 0.547585 0.587357 0.554079 0.588187 0.558432 0.592608 0.55857 0.598273 0.553803 0.604562 0.54869 0.606081
0 0.562509 0.595441 0.55629 0.592539 0.556566 0.585769 0.560574 0.583695 0.564857 0.582729 0.568658 0.586874 0.568312 0.59019 0.566516 0.595441
1 0.473743 0.608618 0.466519 0.604699 0.468979 0.595937 0.467979 0.590249 0.467211 0.582333 0.466979 0.576723 0.469823 0.571803 0.476434 0.571111 0.480354 0.575185 0.485118 0.573264 0.491268 0.566577 0.497263 0.564732 0.500337 0.571649 0.499338 0.576646 0.499184 0.583102 0.497954 0.587867 0.491268 0.590711 0.488654 0.588328 0.483966 0.58925 0.480507 0.593093 0.479969 0.59586 0.479738 0.596475 0.478739 0.604084 0.475896 0.606774
1 0.485503 0.62376 0.478816 0.620225 0.477894 0.612154 0.482582 0.603238 0.48873 0.59709 0.493649 0.590634 0.498646 0.583562 0.504257 0.578874 0.511097 0.584562 0.51102 0.585945 0.506332 0.592171 0.505794 0.598935 0.502488 0.601624 0.497724 0.595706 0.501644 0.600855 0.505025 0.609849 0.502412 0.61446 0.497416 0.617381 0.492344 0.616074 0.491498 0.618687 0.488885 0.620225
0 0.477208 0.54774 0.464325 0.544408 0.456551 0.534968 0.458994 0.524194 0.466102 0.520085 0.473654 0.519752 0.47943 0.525416 0.483428 0.533635 0.48265 0.539521 0.479985 0.545519
0 0.561584 0.635776 0.556368 0.63061 0.559026 0.624593 0.565896 0.623389 0.568705 0.626799 0.569057 0.63021 0.56715 0.634573 0.564393 0.636278
0 0.603456 0.634133 0.597803 0.633777 0.596378 0.628791 0.597535 0.624873 0.600963 0.622024 0.605104 0.621579 0.607552 0.623938 0.608888 0.628925 0.607106 0.633243 0.603545 0.631951
0 0.630794 0.637782 0.62501 0.631783 0.625189 0.628047 0.626771 0.623844 0.633058 0.622155 0.635465 0.623771 0.637584 0.62898 0.637297 0.632573 0.635321 0.636633
0 0.692314 0.632198 0.687251 0.629174 0.686265 0.62365 0.689881 0.620954 0.693695 0.619771 0.696654 0.622927 0.696786 0.627398 0.694747 0.631081
0 0.741127 0.629928 0.734961 0.62819 0.735185 0.623146 0.737707 0.621071 0.741238 0.620175 0.744658 0.622248 0.745892 0.626677 0.743985 0.62976
0 0.749284 0.615818 0.745208 0.607723 0.74894 0.60158 0.753705 0.599513 0.758528 0.600948 0.761629 0.605254 0.761744 0.610823 0.75939 0.614498 0.755198 0.615589
0 0.754279 0.599742 0.74739 0.599226 0.747045 0.593312 0.74848 0.589924 0.752155 0.587857 0.755657 0.588202 0.758299 0.59245 0.757667 0.596011
0 0.763811 0.603589 0.757035 0.600719 0.755888 0.59647 0.759964 0.593886 0.764729 0.594805 0.767141 0.597158 0.767083 0.599685 0.764385 0.601924
0 0.767772 0.610881 0.761227 0.610364 0.760939 0.605714 0.763523 0.601867 0.76806 0.599226 0.770873 0.599341 0.772193 0.604278 0.770528 0.608125
0 0.773514 0.621962 0.768748 0.618288 0.767026 0.610881 0.772193 0.606173 0.779083 0.605656 0.785571 0.609848 0.785169 0.614671 0.782012 0.621044 0.778452 0.623455 0.775982 0.623857
0 0.767657 0.633216 0.761629 0.630805 0.759964 0.625178 0.762835 0.621445 0.768347 0.619092 0.773974 0.621216 0.774949 0.624891 0.773456 0.629599 0.770815 0.632412
0 0.765648 0.620929 0.762088 0.620813 0.759218 0.617483 0.760423 0.613407 0.763868 0.609732 0.768231 0.611397 0.770126 0.614384 0.769495 0.617599 0.768174 0.619953
0 0.820639 0.632162 0.816645 0.626222 0.819308 0.622022 0.824326 0.619155 0.827604 0.623354 0.827706 0.62786 0.825862 0.631138
0 0.854274 0.629158 0.84763 0.621158 0.851521 0.61578 0.857554 0.614469 0.859958 0.615868 0.862274 0.619978 0.861794 0.624611 0.859302 0.628108
0 0.743345 0.670655 0.734253 0.661194 0.738799 0.65112 0.748137 0.648908 0.753543 0.653086 0.755509 0.658799 0.754157 0.664327 0.751516 0.670286
0 0.778115 0.672437 0.765338 0.665126 0.766075 0.654314 0.773999 0.647372 0.782784 0.651182 0.785058 0.655604 0.786102 0.658737 0.786163 0.665064 0.78303 0.669795 0.777992 0.671331
0 0.927497 0.666764 0.921144 0.658341 0.92395 0.64918 0.9306 0.644747 0.936806 0.644156 0.943308 0.649919 0.943973 0.658193 0.941756 0.665286 0.935846 0.668685
0 0.986043 0.660937 0.979327 0.655813 0.980863 0.648528 0.985303 0.643861 0.991336 0.642894 0.997085 0.646138 0.998508 0.654391 0.996516 0.658659 0.994296 0.661505
0 0.905987 0.821957 0.899638 0.815808 0.902237 0.809309 0.906637 0.805809 0.912187 0.805709 0.914836 0.809459 0.915936 0.815058 0.913836 0.820207 0.909236 0.822857
0 0.919235 0.823856 0.914386 0.819907 0.914886 0.813059 0.917235 0.809209 0.920985 0.807858 0.924185 0.811259 0.925185 0.816107 0.924984 0.819758 0.922235 0.823357
0 0.874726 0.824752 0.869786 0.81727 0.872691 0.80681 0.878794 0.803468 0.88199 0.803468 0.885549 0.811604 0.885694 0.818577 0.882354 0.823662 0.876905 0.82773
0 0.839684 0.782443 0.832499 0.777079 0.833361 0.770613 0.840498 0.765824 0.844952 0.767404 0.847251 0.769896 0.848544 0.774685 0.846006 0.779427 0.843611 0.782636
1 0.95842 0.792177 0.952987 0.784933 0.952117 0.77921 0.950597 0.776384 0.947119 0.776892 0.942555 0.778848 0.938354 0.775949 0.937557 0.770371 0.939657 0.766967 0.94625 0.765155 0.949003 0.764793 0.945308 0.758563 0.947988 0.752768 0.953276 0.748928 0.959507 0.747841 0.965157 0.751102 0.970881 0.758056 0.971315 0.765373 0.970446 0.77153 0.968345 0.773993 0.964216 0.775732 0.961753 0.776674 0.963563 0.780007 0.966606 0.78189 0.966316 0.785367 0.96523 0.788482 0.961897 0.792032 0.959652 0.793047
1 0.929109 0.782837 0.921608 0.781234 0.920006 0.776489 0.917057 0.773604 0.918596 0.769373 0.923917 0.767642 0.920326 0.763475 0.917826 0.760397 0.918403 0.75264 0.924045 0.749113 0.930071 0.749818 0.934495 0.753473 0.938086 0.758218 0.937509 0.760397 0.936419 0.767321 0.93706 0.772065 0.93706 0.777579 0.935137 0.781747 0.930905 0.783606
0 0.944229 0.752543 0.93766 0.748981 0.937415 0.743947 0.939625 0.73928 0.946194 0.737868 0.9508 0.739158 0.953562 0.744622 0.952396 0.747569 0.950002 0.751131
0 0.963202 0.74628 0.956448 0.747754 0.952027 0.742351 0.953071 0.735903 0.959212 0.731053 0.961115 0.729641 0.969404 0.734798 0.969649 0.738176 0.968729 0.740692 0.965904 0.745359
1 0.97102 0.617348 0.959912 0.618517 0.956551 0.611721 0.95845 0.606313 0.964662 0.603756 0.969558 0.602221 0.973504 0.596594 0.982712 0.598641 0.990238 0.600613 0.996011 0.60507 0.996011 0.609747 0.994403 0.614497 0.987681 0.618151 0.983516 0.617932 0.984903 0.623559 0.981469 0.625897 0.973212 0.627432
0 0.962286 0.583535 0.956325 0.581043 0.954811 0.574349 0.957791 0.567264 0.96302 0.566237 0.966635 0.566481 0.968736 0.570195 0.968932 0.574642 0.967954 0.580456 0.964729 0.584219 0.96214 0.584365
0 0.971997 0.572108 0.968015 0.569697 0.968302 0.564764 0.971111 0.563613 0.973899 0.563768 0.975646 0.565516 0.976333 0.568568 0.974828 0.571245 0.973015 0.572506
0 0.966731 0.565781 0.963502 0.565914 0.962439 0.562153 0.963104 0.56087 0.966887 0.559277 0.968767 0.560185 0.970027 0.562485 0.969696 0.563834 0.967971 0.565825
0 0.879307 0.423633 0.863929 0.413546 0.865087 0.402303 0.87633 0.392629 0.882531 0.390728 0.891377 0.392051 0.897247 0.399987 0.899066 0.406602 0.896751 0.415695
0 0.871766 0.395253 0.866719 0.391311 0.866403 0.385424 0.869189 0.380167 0.875865 0.377854 0.88191 0.382848 0.882488 0.387158 0.87986 0.391469 0.876812 0.391731
0 0.905652 0.39359 0.898352 0.387998 0.899361 0.381008 0.906196 0.376813 0.912565 0.378057 0.914662 0.381629 0.914817 0.392425 0.908216 0.395144
0 0.934111 0.391318 0.925371 0.384942 0.923314 0.374763 0.932055 0.364275 0.93843 0.364583 0.946244 0.364789 0.950975 0.373632 0.947684 0.383503 0.942028 0.390495 0.936373 0.393169
0 0.806693 0.325456 0.796621 0.314042 0.800247 0.298464 0.809647 0.290675 0.824688 0.290675 0.830866 0.300344 0.831135 0.307998 0.829255 0.319548 0.820794 0.327739
0 0.891692 0.294773 0.883494 0.287577 0.881673 0.279105 0.886409 0.27373 0.892786 0.27036 0.899618 0.273002 0.903443 0.279378 0.903626 0.285846 0.901896 0.290765 0.891966 0.292587
0 0.880215 0.291676 0.872473 0.286574 0.876116 0.276281 0.880579 0.276372 0.884314 0.282202 0.883494 0.28867 0.880853 0.291949
0 0.869739 0.308893 0.86063 0.303882 0.861633 0.296321 0.864183 0.292587 0.872563 0.292496 0.877482 0.294864 0.879486 0.29951 0.876845 0.305249
0 0.753955 0.422576 0.746959 0.415871 0.748927 0.411206 0.753445 0.408364 0.759275 0.408583 0.762556 0.412227 0.762556 0.419077
1 0.760974 0.484751 0.747891 0.484014 0.74212 0.477572 0.737491 0.47509 0.733936 0.472474 0.736888 0.460866 0.746481 0.457377 0.753124 0.460061 0.757485 0.463818 0.76292 0.467374 0.767951 0.466166 0.781794 0.469078 0.787074 0.46737 0.798515 0.462181 0.810356 0.467039 0.809952 0.474529 0.801247 0.485663 0.79396 0.491735 0.782826 0.490116 0.776349 0.48455 0.774021 0.481412 0.76977 0.480399 0.765417 0.478071 0.764405 0.479792 0.763292 0.483739 0.761773 0.48546
0 0.852329 0.464738 0.843861 0.466789 0.837378 0.456933 0.836849 0.448067 0.840355 0.440063 0.849484 0.435433 0.856761 0.437483 0.861325 0.446679 0.862517 0.450912 0.860466 0.459578 0.855306 0.464738
0 0.835396 0.438208 0.828189 0.431707 0.832262 0.42317 0.838137 0.422229 0.84268 0.423953 0.841505 0.434684
0 0.82489 0.424134 0.818027 0.419979 0.816131 0.409686 0.820556 0.401198 0.826786 0.399031 0.83112 0.400386 0.834462 0.40779 0.835455 0.41709 0.831211 0.423141
0 0.781066 0.430527 0.772594 0.430366 0.769483 0.424413 0.769912 0.418622 0.772755 0.412079 0.779243 0.408593 0.784392 0.409344 0.787288 0.413741 0.787395 0.420338 0.784392 0.42613
0 0.775454 0.313857 0.765964 0.310513 0.766275 0.300321 0.770165 0.295731 0.776544 0.293709 0.780122 0.296354 0.781211 0.303044 0.77911 0.310123 0.775532 0.313002
0 0.726754 0.262339 0.718051 0.257476 0.717966 0.248857 0.722402 0.241775 0.730679 0.238448 0.736822 0.239472 0.74126 0.245956 0.741516 0.254403 0.736908 0.260206 0.73085 0.262424
0 0.670789 0.278174 0.662778 0.274915 0.664 0.266565 0.669092 0.262832 0.674794 0.263035 0.677374 0.268941 0.676763 0.2722 0.674184 0.276409
0 0.684163 0.279192 0.677985 0.277359 0.677917 0.271114 0.683009 0.266565 0.687896 0.264461 0.693124 0.270979 0.693056 0.274915 0.688439 0.279396
0 0.593772 0.182636 0.584251 0.177291 0.584496 0.168691 0.589779 0.162671 0.596045 0.160828 0.602803 0.166909 0.604154 0.174158 0.600775 0.18196 0.595615 0.185031
0 0.578415 0.17809 0.570552 0.175817 0.570921 0.166479 0.574975 0.162917 0.581609 0.162979 0.584496 0.165988 0.584619 0.171578 0.582776 0.176186
0 0.615228 0.170428 0.607471 0.163239 0.61116 0.155577 0.62043 0.150563 0.629605 0.151604 0.631497 0.156617 0.628659 0.164374 0.622038 0.170901
0 0.632614 0.172258 0.626156 0.169573 0.626592 0.163551 0.630873 0.159487 0.635299 0.158472 0.638637 0.163696 0.639435 0.168268 0.636532 0.172621
0 0.641176 0.164784 0.634863 0.161084 0.635517 0.154481 0.639942 0.149112 0.646618 0.150708 0.647344 0.154771 0.647126 0.161156 0.64357 0.16464
0 0.653874 0.164566 0.646836 0.1621 0.646836 0.154844 0.650391 0.14962 0.656559 0.149547 0.661274 0.15615 0.660549 0.159996 0.656413 0.167034
0 0.680339 0.173774 0.671911 0.171979 0.673706 0.162382 0.679793 0.158479 0.685957 0.161211 0.687128 0.165893 0.684787 0.172682
0 0.685255 0.194375 0.680104 0.193283 0.678388 0.184387 0.682134 0.180642 0.687674 0.179081 0.692513 0.183997 0.692513 0.188289 0.690016 0.193205 0.687128 0.195312
1 0.683631 0.0936328 0.667638 0.0940898 0.659596 0.0744414 0.663982 0.0652109 0.673486 0.0611895 0.681255 0.0622861 0.681163 0.0554326 0.685275 0.0502227 0.693866 0.049583 0.698162 0.0474814 0.700355 0.0379766 0.709677 0.0376113 0.722837 0.0428203 0.725579 0.0488525 0.721832 0.0578086 0.712235 0.0610068 0.704468 0.0578086 0.702822 0.0618291 0.702822 0.068958 0.699898 0.0749893 0.687561 0.0784619 0.687378 0.0805645 0.687561 0.0870527 0.685459 0.0905254
1 0.763739 0.140807 0.753835 0.136532 0.751333 0.12767 0.747997 0.120997 0.751646 0.114013 0.758526 0.114221 0.76447 0.117036 0.767806 0.120268 0.77281 0.113596 0.779899 0.104108 0.785737 0.102336 0.795538 0.107549 0.796997 0.111614 0.798874 0.117974 0.798145 0.124334 0.796685 0.13111 0.79387 0.134446 0.787719 0.137366 0.77625 0.135594 0.776667 0.136011 0.772706 0.135385 0.769161 0.139973 0.767493 0.141224
1 0.799682 0.10449 0.791579 0.103779 0.782625 0.0990889 0.782127 0.0908447 0.787528 0.0877891 0.794636 0.0881436 0.800108 0.0865801 0.804515 0.0905605 0.804301 0.0954639 0.802809 0.101434 0.800534 0.103851
0 0.844253 0.123604 0.836947 0.11883 0.838684 0.111886 0.843096 0.108414 0.85069 0.10769 0.854741 0.111669 0.854886 0.117239 0.852644 0.121579 0.847436 0.123749
0 0.834416 0.130982 0.826676 0.130187 0.826604 0.12317 0.828484 0.119265 0.832896 0.11666 0.838828 0.118975 0.840202 0.124327 0.837525 0.128017
0 0.837743 0.137927 0.833837 0.134382 0.836151 0.128161 0.841722 0.125558 0.845482 0.126932 0.846206 0.131055 0.84324 0.135322 0.839624 0.138216
0 0.857128 0.147402 0.84975 0.146606 0.843964 0.140892 0.844397 0.134093 0.848376 0.126715 0.853223 0.120855 0.859516 0.121217 0.866677 0.12845 0.867689 0.134889 0.865809 0.141326 0.862119 0.145232
0 0.844977 0.158976 0.833765 0.15912 0.830727 0.153116 0.831667 0.14422 0.837236 0.140097 0.844181 0.139879 0.848159 0.145594 0.848593 0.15015 0.845771 0.157022 0.843964 0.158759
0 0.8634 0.160813 0.85577 0.159732 0.854688 0.15433 0.85766 0.148252 0.863738 0.147239 0.867115 0.149332 0.867723 0.152304 0.867048 0.154735
0 0.937868 0.169949 0.929699 0.167947 0.93034 0.16106 0.932582 0.156896 0.938989 0.153371 0.944274 0.157376 0.944595 0.164183 0.940511 0.167707
0 0.942433 0.183403 0.933143 0.183243 0.929699 0.175396 0.936506 0.169629 0.942272 0.167707 0.946517 0.169629 0.946917 0.175476 0.944274 0.178198
0 0.944034 0.202304 0.934664 0.199021 0.93058 0.192934 0.936746 0.184765 0.944194 0.181321 0.9486 0.184604 0.9494 0.190051 0.947077 0.197739 0.942913 0.200862
0 0.94586 0.227417 0.936583 0.222272 0.933716 0.211394 0.93633 0.20473 0.94198 0.200852 0.948644 0.199249 0.954968 0.207514 0.957076 0.214598 0.954378 0.222441 0.948475 0.225983
0 0.931186 0.220333 0.922921 0.218393 0.919632 0.211814 0.920392 0.204225 0.927896 0.197984 0.93456 0.197057 0.936077 0.201948 0.936415 0.207514 0.9338 0.215778 0.9338 0.22067
0 0.90878 0.193509 0.90214 0.191405 0.902666 0.184764 0.906939 0.181279 0.911871 0.182792 0.91358 0.18746 0.912988 0.192128 0.91003 0.193114
0 0.868979 0.245978 0.861417 0.243061 0.862714 0.234742 0.866873 0.230421 0.87114 0.228746 0.876487 0.233716 0.87746 0.23955 0.874975 0.243708 0.871681 0.244356
0 0.998749 0.216429 0.990782 0.21256 0.98771 0.203228 0.991352 0.194578 0.997042 0.188546 1 0.187408 1 0.190367
0 0.994538 0.187749 0.985092 0.182514 0.984979 0.172612 0.992604 0.163963 1 0.162369 1 0.166012 0.999091 0.186725
0 0.838521 0.240872 0.832613 0.236985 0.832977 0.230301 0.835204 0.225947 0.840801 0.225066 0.84448 0.228539 0.845932 0.234343 0.842771 0.240354
0 0.829607 0.243723 0.824893 0.243463 0.822456 0.238903 0.824685 0.232581 0.829142 0.231233 0.831577 0.233565 0.832303 0.237763 0.831939 0.240872 0.8308 0.242686
0 0.798124 0.257796 0.793557 0.252767 0.796095 0.24806 0.799924 0.247414 0.803708 0.248706 0.805046 0.253043 0.803107 0.256734 0.79997 0.258719
0 0.808497 0.243931 0.803416 0.238797 0.80384 0.233134 0.80765 0.229641 0.812625 0.229429 0.815324 0.233875 0.815271 0.24012 0.812837 0.243771 0.81035 0.246048
1 0.978711 0.11041 0.969186 0.0997656 0.961342 0.0975244 0.963695 0.0891201 0.972436 0.082957 0.983417 0.0820605 0.994175 0.0794824 0.999217 0.0823965 0.998545 0.0893437 0.992605 0.0916973 0.989132 0.0971875 0.985658 0.100998 0.986106 0.107609 0.983865 0.108674 0.981624 0.109738
0 0.913885 0.10809 0.909186 0.102272 0.910248 0.0968457 0.914668 0.0934893 0.918248 0.0940488 0.921549 0.0976855 0.922388 0.101545 0.922164 0.10423 0.919479 0.107251 0.915898 0.109041 0.914276 0.109656
0 0.898757 0.107694 0.893619 0.104339 0.894323 0.0998223 0.89797 0.097502 0.900994 0.097377 0.903397 0.0996563 0.903812 0.104339 0.901284 0.106534
0 0.188477 0.00878906 0.188477 0.0185547 0.178711 0.0195312 0.178711 0.00976562
0 0.175781 0.0175781 0.183594 0.0244141 0.181641 0.03125 0.172852 0.0322266 0.166992 0.0253906 0.168945 0.0195312
1 0.179688 0.03125 0.188477 0.0371094 0.196289 0.0449219 0.195312 0.0488281 0.202148 0.0527344 0.208984 0.0498047 0.21582 0.0546875 0.220703 0.0517578 0.226562 0.0537109 0.235352 0.0517578 0.244141 0.0576172 0.240234 0.0634766 0.240234 0.0634766 0.241211 0.0693359 0.241211 0.0693359 0.234375 0.0791016 0.223633 0.0761719 0.217773 0.0673828 0.212891 0.0693359 0.208008 0.0634766 0.206055 0.0693359 0.201172 0.0664062 0.199219 0.0585938 0.1875 0.0634766 0.19043 0.0703125 0.188477 0.0771484 0.188477 0.0771484 0.175781 0.0742188 0.174805 0.0595703 0.171875 0.0556641 0.165039 0.0517578 0.158203 0.046875 0.157227 0.0351562 0.166992 0.0322266 0.170898 0.0332031
0 0.244141 0.0429688 0.248047 0.0488281 0.245117 0.0546875 0.237305 0.0537109 0.236328 0.046875
1 0.275391 0.0117188 0.28418 0.015625 0.291016 0.0175781 0.296875 0.0205078 0.297852 0.0253906 0.289062 0.0273438 0.282227 0.03125 0.276367 0.03125 0.273438 0.0361328 0.268555 0.03125 0.271484 0.0205078 0.271484 0.0107422
0 0.271484 0.0380859 0.272461 0.0439453 0.268555 0.046875 0.265625 0.0458984 0.265625 0.0410156
0 0.269531 0.046875 0.268555 0.0546875 0.268555 0.0546875 0.263672 0.0546875 0.261719 0.0478516
0 0.263672 0.0566406 0.266602 0.0605469 0.263672 0.0654297 0.258789 0.0634766 0.258789 0.0576172
0 0.243164 0.101562 0.242188 0.107422 0.240234 0.115234 0.233398 0.113281 0.231445 0.106445 0.238281 0.100586
0 0.202148 0.0839844 0.208008 0.0917969 0.208008 0.0986328 0.199219 0.103516 0.199219 0.103516 0.193359 0.101562 0.194336 0.0878906
0 0.125977 0.148438 0.128906 0.152344 0.126953 0.15918 0.12207 0.161133 0.119141 0.158203 0.121094 0.149414
1 0.136719 0.157227 0.140625 0.157227 0.142578 0.165039 0.133789 0.172852 0.133789 0.176758 0.138672 0.18457 0.141602 0.193359 0.137695 0.196289 0.138672 0.203125 0.133789 0.211914 0.130859 0.209961 0.130859 0.206055 0.126953 0.199219 0.131836 0.193359 0.128906 0.182617 0.123047 0.180664 0.124023 0.173828 0.123047 0.162109 0.128906 0.15918 0.133789 0.152344
0 0.173828 0.110352 0.175781 0.115234 0.174805 0.121094 0.169922 0.12207 0.167969 0.115234 0.167969 0.111328
0 0.195312 0.111328 0.195312 0.116211 0.191406 0.119141 0.1875 0.118164 0.1875 0.112305 0.191406 0.112305
0 0.24707 0.245117 0.248047 0.25293 0.244141 0.259766 0.238281 0.258789 0.237305 0.248047 0.240234 0.245117
0 0.269531 0.304688 0.276367 0.30957 0.277344 0.316406 0.273438 0.318359 0.272461 0.324219 0.272461 0.324219 0.266602 0.324219 0.261719 0.319336 0.256836 0.318359 0.250977 0.310547 0.253906 0.303711 0.259766 0.303711
0 0.0146484 0.363281 0.0185547 0.370117 0.0175781 0.379883 0.0107422 0.380859 0.00585938 0.375 0.00292969 0.369141 0.00683594 0.363281
0 0.0556641 0.397461 0.0576172 0.40332 0.0576172 0.40332 0.0556641 0.40918 0.0488281 0.40918 0.0488281 0.40918 0.046875 0.400391
0 0.0576172 0.383789 0.0585938 0.392578 0.0527344 0.395508 0.0458984 0.396484 0.0449219 0.389648 0.0488281 0.385742 0.0527344 0.387695
0 0.0683594 0.382812 0.0703125 0.389648 0.0703125 0.395508 0.0654297 0.397461 0.0634766 0.388672 0.0634766 0.382812
0 0.135742 0.416016 0.139648 0.417969 0.140625 0.425781 0.131836 0.428711 0.125 0.427734 0.121094 0.417969 0.125 0.411133 0.131836 0.411133
0 0.224609 0.456055 0.228516 0.459961 0.227539 0.467773 0.220703 0.470703 0.214844 0.464844 0.213867 0.456055 0.21875 0.453125
0 0.141602 0.454102 0.142578 0.458984 0.138672 0.460938 0.133789 0.459961 0.132812 0.455078 0.136719 0.454102
0 0.146484 0.454102 0.15332 0.452148 0.163086 0.455078 0.170898 0.458008 0.174805 0.461914 0.173828 0.466797 0.166016 0.467773 0.155273 0.463867 0.147461 0.463867 0.147461 0.458984
0 0.150391 0.517578 0.155273 0.521484 0.151367 0.526367 0.143555 0.52832 0.138672 0.523438 0.141602 0.517578 0.141602 0.517578
0 0.134766 0.523438 0.136719 0.526367 0.134766 0.530273 0.130859 0.52832 0.130859 0.524414
0 0.12793 0.522461 0.129883 0.526367 0.128906 0.52832 0.123047 0.527344 0.124023 0.523438
0 0.121094 0.521484 0.123047 0.525391 0.121094 0.52832 0.118164 0.52832 0.116211 0.523438
0 0.176758 0.53418 0.175781 0.541992 0.171875 0.543945 0.166016 0.540039 0.168945 0.533203 0.172852 0.532227
0 0.183594 0.505859 0.183594 0.510742 0.183594 0.510742 0.176758 0.512695 0.174805 0.506836 0.177734 0.50293
0 0.193359 0.509766 0.196289 0.513672 0.193359 0.516602 0.1875 0.514648 0.1875 0.514648 0.186523 0.508789
0 0.000976562 0.643555 0.0205078 0.655273 0.0302734 0.661133 0.0302734 0.661133 0.0341797 0.670898 0.0341797 0.670898 0.0273438 0.679688 0.0117188 0.675781 0 0.666016
1 0.0947266 0.667969 0.106445 0.667969 0.112305 0.670898 0.109375 0.678711 0.117188 0.683594 0.125977 0.69043 0.124023 0.696289 0.116211 0.694336 0.111328 0.700195 0.105469 0.692383 0.0966797 0.6875 0.0917969 0.693359 0.0791016 0.69043 0.0771484 0.682617 0.0771484 0.682617 0.0800781 0.675781 0.0800781 0.675781 0.0849609 0.666992
0 0.146484 0.65625 0.154297 0.662109 0.155273 0.668945 0.150391 0.669922 0.140625 0.666992 0.138672 0.660156
0 0.242188 0.62207 0.242188 0.617188 0.237305 0.616211 0.236328 0.621094
0 0.239258 0.623047 0.240234 0.62793 0.239258 0.632812 0.232422 0.633789 0.231445 0.62793 0.233398 0.623047
0 0.236328 0.633789 0.237305 0.638672 0.233398 0.641602 0.228516 0.644531 0.223633 0.642578 0.223633 0.638672 0.228516 0.638672 0.227539 0.635742 0.232422 0.632812
1 0.189453 0.74707 0.194336 0.745117 0.198242 0.751953 0.196289 0.754883 0.195312 0.761719 0.188477 0.762695 0.180664 0.764648 0.175781 0.759766 0.176758 0.75293 0.181641 0.751953 0.182617 0.74707
0 0.101562 0.735352 0.104492 0.742188 0.100586 0.746094 0.0957031 0.75 0.0859375 0.746094 0.0839844 0.737305 0.0898438 0.730469 0.0966797 0.729492
0 0.0634766 0.751953 0.0712891 0.753906 0.0751953 0.764648 0.0722656 0.769531 0.0654297 0.769531 0.0537109 0.767578 0.0517578 0.757812 0.0537109 0.75
0 0.0517578 0.779297 0.0576172 0.783203 0.0566406 0.794922 0.0566406 0.794922 0.0507812 0.797852 0.0429688 0.791992 0.0429688 0.783203
0 0.15625 0.972656 0.158203 0.987305 0.147461 0.992188 0.141602 0.984375 0.141602 0.97168 0.148438 0.970703
0 0.212891 0.958984 0.214844 0.96582 0.211914 0.972656 0.206055 0.970703 0.204102 0.961914
0 0.177734 0.889648 0.180664 0.902344 0.175781 0.90918 0.166992 0.90625 0.165039 0.896484 0.170898 0.892578 0.174805 0.887695
0 0.199219 0.885742 0.202148 0.894531 0.198242 0.901367 0.189453 0.901367 0.185547 0.894531 0.191406 0.884766 0.194336 0.880859
0 0.183594 0.878906 0.185547 0.884766 0.183594 0.890625 0.177734 0.889648 0.174805 0.882812 0.177734 0.87793
0 0.188477 0.871094 0.191406 0.875977 0.191406 0.882812 0.1875 0.884766 0.182617 0.881836 0.181641 0.875
0 0.194336 0.863281 0.198242 0.869141 0.197266 0.875977 0.192383 0.876953 0.1875 0.870117 0.189453 0.865234
0 0.203125 0.856445 0.204102 0.864258 0.203125 0.869141 0.197266 0.870117 0.194336 0.863281 0.194336 0.856445 0.198242 0.855469
0 0.234375 0.894531 0.235352 0.899414 0.233398 0.905273 0.228516 0.900391 0.222656 0.90332 0.22168 0.897461 0.225586 0.894531
0 0.244141 0.892578 0.248047 0.896484 0.246094 0.902344 0.239258 0.902344 0.238281 0.896484
0 0.28125 0.889648 0.287109 0.895508 0.282227 0.90332 0.277344 0.905273 0.271484 0.902344 0.265625 0.897461 0.266602 0.891602 0.273438 0.889648
0 0.274414 0.919922 0.275391 0.925781 0.272461 0.931641 0.266602 0.930664 0.264648 0.924805 0.266602 0.918945
0 0.31543 0.829102 0.316406 0.836914 0.311523 0.84082 0.305664 0.836914 0.307617 0.830078
0 0.211914 0.823242 0.21582 0.828125 0.21582 0.833984 0.209961 0.833984 0.207031 0.828125
0 0.259766 0.792969 0.259766 0.797852 0.257812 0.801758 0.250977 0.801758 0.250977 0.794922 0.25293 0.791992
0 0.318359 0.757812 0.319336 0.766602 0.316406 0.772461 0.308594 0.770508 0.307617 0.762695 0.311523 0.755859
0 0.368164 0.758789 0.367188 0.763672 0.360352 0.764648 0.355469 0.762695 0.353516 0.757812 0.360352 0.754883 0.365234 0.757812
0 0.376953 0.758789 0.376953 0.766602 0.370117 0.766602 0.367188 0.761719 0.370117 0.757812
0 0.265625 0.701172 0.265625 0.707031 0.265625 0.707031 0.262695 0.709961 0.257812 0.707031 0.258789 0.702148 0.257812 0.697266 0.261719 0.694336
0 0.322266 0.587891 0.326172 0.59668 0.320312 0.605469 0.310547 0.606445 0.310547 0.606445 0.302734 0.600586 0.302734 0.59082 0.308594 0.585938 0.313477 0.583008
0 0.324219 0.62793 0.325195 0.633789 0.321289 0.637695 0.316406 0.634766 0.316406 0.62793
0 0.360352 0.607422 0.361328 0.618164 0.357422 0.624023 0.348633 0.62207 0.345703 0.611328 0.353516 0.605469
0 0.370117 0.620117 0.374023 0.624023 0.37207 0.628906 0.365234 0.629883 0.365234 0.629883 0.362305 0.625 0.367188 0.62207
0 0.435547 0.626953 0.44043 0.634766 0.435547 0.639648 0.435547 0.639648 0.428711 0.637695 0.428711 0.629883
0 0.422852 0.621094 0.422852 0.628906 0.415039 0.629883 0.410156 0.625977 0.411133 0.620117
0 0.408203 0.619141 0.411133 0.625 0.408203 0.628906 0.400391 0.628906 0.396484 0.625 0.396484 0.619141
0 0.393555 0.621094 0.395508 0.62793 0.389648 0.630859 0.380859 0.628906 0.378906 0.62207 0.387695 0.620117
0 0.331055 0.525391 0.335938 0.532227 0.336914 0.540039 0.327148 0.543945 0.319336 0.539062 0.319336 0.539062 0.320312 0.529297 0.320312 0.529297 0.327148 0.523438
0 0.314453 0.564453 0.318359 0.569336 0.31543 0.574219 0.30957 0.573242 0.307617 0.566406
0 0.341797 0.508789 0.34668 0.512695 0.34668 0.517578 0.339844 0.520508 0.336914 0.514648 0.336914 0.509766
0 0.28125 0.522461 0.282227 0.529297 0.277344 0.533203 0.274414 0.526367 0.276367 0.521484
1 0.381836 0.500977 0.389648 0.500977 0.396484 0.50293 0.40332 0.500977 0.412109 0.50293 0.412109 0.50293 0.415039 0.509766 0.40918 0.512695 0.400391 0.511719 0.395508 0.508789 0.390625 0.511719 0.385742 0.507812 0.380859 0.504883
0 0.31543 0.173828 0.323242 0.179688 0.323242 0.189453 0.31543 0.194336 0.31543 0.194336 0.304688 0.191406 0.295898 0.19043 0.294922 0.178711 0.294922 0.178711 0.303711 0.179688 0.305664 0.173828
0 0.324219 0.161133 0.326172 0.166992 0.316406 0.169922 0.3125 0.164062 0.316406 0.157227
0 0.422852 0.0712891 0.426758 0.0771484 0.423828 0.0849609 0.416992 0.0839844 0.415039 0.0742188
1 0.591797 0.00488281 0.59668 0.0117188 0.597656 0.0214844 0.609375 0.0244141 0.608398 0.03125 0.607422 0.0371094 0.605469 0.0458984 0.605469 0.0458984 0.609375 0.0498047 0.616211 0.0429688 0.62207 0.0371094 0.62207 0.0244141 0.629883 0.0214844 0.633789 0.0146484 0.630859 0.00585938 0.637695 0 0.592773 0
0 0.665039 0.0205078 0.666992 0.0292969 0.658203 0.03125 0.654297 0.0263672 0.65332 0.0175781 0.660156 0.0166016
0 0.770508 0.0107422 0.770508 0.0195312 0.764648 0.0214844 0.760742 0.0175781 0.761719 0.00976562
0 0.78125 0.0146484 0.77832 0.015625 0.777344 0.0224609 0.777344 0.0224609 0.772461 0.0214844 0.770508 0.0126953 0.770508 0.0126953 0.774414 0.0107422 0.780273 0.0107422
1 0.725586 0.0478516 0.730469 0.0488281 0.737305 0.0458984 0.741211 0.0517578 0.748047 0.0546875 0.754883 0.0585938 0.756836 0.0693359 0.757812 0.0771484 0.756836 0.0849609 0.749023 0.0859375 0.746094 0.0791016 0.74707 0.0742188 0.745117 0.0673828 0.738281 0.0634766 0.733398 0.0595703 0.726562 0.0585938 0.72168 0.0537109
0 0.797852 0.155273 0.803711 0.15918 0.805664 0.167969 0.794922 0.172852 0.789062 0.166016 0.789062 0.166016 0.789062 0.157227
1 0.706055 0.134766 0.712891 0.132812 0.71875 0.12793 0.72168 0.130859 0.720703 0.137695 0.71875 0.140625 0.716797 0.146484 0.709961 0.148438 0.702148 0.149414 0.699219 0.144531 0.696289 0.139648 0.69043 0.139648 0.69043 0.132812 0.697266 0.133789
0 0.760742 0.154297 0.761719 0.161133 0.757812 0.164062 0.750977 0.161133 0.750977 0.15332 0.755859 0.152344
0 0.875 0.214844 0.879883 0.22168 0.884766 0.227539 0.884766 0.227539 0.881836 0.233398 0.874023 0.232422 0.863281 0.235352 0.859375 0.231445 0.864258 0.224609 0.868164 0.216797
1 0.896484 0.219727 0.905273 0.220703 0.90918 0.216797 0.90918 0.208984 0.90918 0.202148 0.90918 0.202148 0.912109 0.199219 0.917969 0.203125 0.917969 0.208984 0.916992 0.217773 0.916992 0.224609 0.912109 0.230469 0.910156 0.237305 0.902344 0.238281 0.898438 0.230469 0.891602 0.229492 0.890625 0.223633 0.890625 0.223633
0 0.769531 0.324219 0.772461 0.317383 0.779297 0.317383 0.783203 0.324219 0.782227 0.331055 0.782227 0.331055 0.777344 0.333984 0.772461 0.327148
0 0.775391 0.359375 0.77832 0.368164 0.774414 0.374023 0.766602 0.37207 0.766602 0.364258
0 0.740234 0.441406 0.743164 0.446289 0.735352 0.454102 0.735352 0.454102 0.731445 0.448242 0.731445 0.448242 0.733398 0.442383
0 0.663086 0.316406 0.668945 0.320312 0.666992 0.332031 0.65918 0.334961 0.65332 0.328125 0.65332 0.328125 0.654297 0.318359
0 0.648438 0.333984 0.650391 0.345703 0.647461 0.354492 0.647461 0.354492 0.641602 0.350586 0.636719 0.344727 0.636719 0.344727 0.638672 0.332031
0 0.644531 0.324219 0.646484 0.327148 0.642578 0.330078 0.635742 0.328125 0.635742 0.328125 0.638672 0.322266
0 0.487305 0.421875 0.487305 0.427734 0.487305 0.427734 0.482422 0.429688 0.479492 0.424805 0.483398 0.422852
0 0.483398 0.449219 0.489258 0.458008 0.483398 0.462891 0.476562 0.458984 0.476562 0.458984 0.478516 0.451172
0 0.517578 0.459961 0.520508 0.46875 0.520508 0.46875 0.515625 0.475586 0.507812 0.473633 0.507812 0.461914 0.511719 0.460938
1 0.460938 0.463867 0.463867 0.460938 0.46875 0.470703 0.46875 0.475586 0.470703 0.482422 0.469727 0.491211 0.47168 0.498047 0.470703 0.504883 0.474609 0.507812 0.483398 0.506836 0.488281 0.507812 0.492188 0.511719 0.490234 0.517578 0.486328 0.516602 0.482422 0.521484 0.475586 0.522461 0.46582 0.521484 0.456055 0.520508 0.454102 0.508789 0.441406 0.511719 0.43457 0.501953 0.445312 0.5 0.445312 0.5 0.456055 0.500977 0.458008 0.489258 0.462891 0.486328 0.463867 0.470703 0.463867 0.470703 0.459961 0.46875
1 0.517578 0.505859 0.516602 0.516602 0.52832 0.519531 0.539062 0.519531 0.548828 0.527344 0.547852 0.53418 0.541992 0.539062 0.53418 0.532227 0.527344 0.532227 0.523438 0.540039 0.523438 0.540039 0.512695 0.537109 0.512695 0.53125 0.509766 0.529297 0.508789 0.522461 0.508789 0.522461 0.50293 0.522461 0.498047 0.514648 0.5 0.50293 0.507812 0.500977 0.513672 0.5
0 0.0244141 0.183594 0.0302734 0.188477 0.0253906 0.196289 0.0166016 0.192383 0.0146484 0.183594
0 0.158203 0.167969 0.15918 0.174805 0.154297 0.178711 0.148438 0.172852 0.152344 0.166992
0 0.193359 0.162109 0.195312 0.169922 0.19043 0.172852 0.182617 0.172852 0.179688 0.166992 0.18457 0.163086
0 0.313477 0.158203 0.3125 0.166016 0.307617 0.165039 0.299805 0.164062 0.297852 0.15625 0.294922 0.151367 0.302734 0.154297
0 0.279297 0.169922 0.277344 0.174805 0.272461 0.172852 0.269531 0.167969 0.273438 0.166016
0 0.18457 0.533203 0.185547 0.539062 0.182617 0.541992 0.177734 0.540039 0.177734 0.540039 0.173828 0.532227
0 0.131836 0.967773 0.12793 0.973633 0.120117 0.972656 0.118164 0.960938 0.123047 0.954102 0.126953 0.956055
0 0.142578 0.943359 0.150391 0.951172 0.149414 0.958008 0.138672 0.962891 0.131836 0.96582 0.126953 0.960938 0.126953 0.953125 0.132812 0.949219 0.137695 0.941406
0 0.558594 0.966797 0.55957 0.976562 0.55957 0.976562 0.554688 0.976562 0.554688 0.976562 0.550781 0.970703 0.552734 0.96582
0 0.498047 0.867188 0.498047 0.873047 0.494141 0.876953 0.489258 0.871094 0.490234 0.866211
0 0.518555 0.905273 0.518555 0.911133 0.514648 0.915039 0.510742 0.90918 0.511719 0.905273
0 0.474609 0.865234 0.473633 0.87207 0.473633 0.87207 0.46875 0.873047 0.46582 0.867188 0.46875 0.862305
0 0.474609 0.848633 0.472656 0.857422 0.46582 0.853516 0.466797 0.845703
0 0.420898 0.916016 0.422852 0.923828 0.418945 0.929688 0.416016 0.920898 0.416992 0.916992
0 0.40332 0.946289 0.405273 0.955078 0.400391 0.959961 0.396484 0.955078 0.395508 0.945312 0.395508 0.945312
1 0.388672 0.808594 0.394531 0.801758 0.398438 0.806641 0.40332 0.813477 0.399414 0.819336 0.392578 0.818359 0.386719 0.820312 0.381836 0.814453 0.375977 0.80957 0.37793 0.803711 0.385742 0.802734
0 0.529297 0.87207 0.524414 0.873047 0.524414 0.87793 0.518555 0.879883 0.511719 0.875977 0.513672 0.868164 0.520508 0.864258 0.526367 0.865234
0 0.55957 0.81543 0.558594 0.819336 0.554688 0.823242 0.548828 0.818359 0.549805 0.813477 0.553711 0.811523
0 0.509766 0.748047 0.511719 0.75293 0.508789 0.754883 0.503906 0.754883 0.503906 0.749023
0 0.561523 0.750977 0.56543 0.756836 0.55957 0.760742 0.547852 0.757812 0.548828 0.749023 0.557617 0.748047
0 0.484375 0.664062 0.488281 0.670898 0.481445 0.674805 0.476562 0.670898 0.476562 0.663086
0 0.467773 0.679688 0.466797 0.686523 0.466797 0.686523 0.461914 0.688477 0.459961 0.682617
0 0.492188 0.628906 0.493164 0.634766 0.487305 0.636719 0.486328 0.629883
0 0.652344 0.514648 0.654297 0.520508 0.648438 0.523438 0.644531 0.516602
0 0.650391 0.547852 0.65918 0.553711 0.65918 0.553711 0.655273 0.563477 0.655273 0.563477 0.644531 0.56543 0.638672 0.558594 0.640625 0.550781
0 0.566406 0.537109 0.567383 0.547852 0.567383 0.547852 0.558594 0.548828 0.551758 0.541016 0.558594 0.536133
0 0.568359 0.514648 0.568359 0.523438 0.561523 0.524414 0.557617 0.514648 0.561523 0.512695
0 0.56543 0.496094 0.5625 0.503906 0.556641 0.50293 0.556641 0.494141 0.561523 0.495117
0 0.570312 0.498047 0.575195 0.50293 0.574219 0.508789 0.564453 0.509766 0.561523 0.500977
0 0.583984 0.500977 0.585938 0.505859 0.580078 0.507812 0.576172 0.503906 0.578125 0.5
0 0.625977 0.50293 0.625977 0.506836 0.623047 0.507812 0.621094 0.50293
0 0.59375 0.546875 0.594727 0.552734 0.589844 0.555664 0.585938 0.549805 0.585938 0.549805 0.588867 0.544922
0 0.605469 0.558594 0.607422 0.563477 0.602539 0.564453 0.601562 0.558594
0 0.59375 0.492188 0.59375 0.499023 0.588867 0.5 0.585938 0.49707 0.587891 0.492188 0.587891 0.492188
0 0.603516 0.492188 0.606445 0.498047 0.600586 0.5 0.597656 0.49707 0.599609 0.492188
0 0.617188 0.492188 0.619141 0.496094 0.616211 0.5 0.611328 0.499023 0.610352 0.492188
1 0.657227 0.498047 0.664062 0.496094 0.668945 0.49707 0.680664 0.49707 0.686523 0.494141 0.686523 0.494141 0.698242 0.494141 0.706055 0.49707 0.711914 0.499023 0.709961 0.504883 0.703125 0.508789 0.692383 0.507812 0.686523 0.512695 0.677734 0.511719 0.668945 0.508789 0.660156 0.510742 0.65332 0.505859 0.652344 0.5
0 0.432617 0.458008 0.43457 0.46875 0.43457 0.46875 0.427734 0.472656 0.421875 0.462891 0.421875 0.462891
0 0.612305 0.469727 0.612305 0.475586 0.608398 0.478516 0.604492 0.473633 0.604492 0.46875
0 0.610352 0.438477 0.611328 0.446289 0.605469 0.447266 0.604492 0.439453
0 0.604492 0.442383 0.606445 0.449219 0.603516 0.453125 0.603516 0.453125 0.598633 0.448242 0.600586 0.443359
0 0.576172 0.445312 0.574219 0.452148 0.567383 0.453125 0.561523 0.447266 0.570312 0.446289
0 0.587891 0.442383 0.589844 0.450195 0.585938 0.450195 0.580078 0.447266 0.580078 0.442383
0 0.666016 0.395508 0.666016 0.401367 0.660156 0.402344 0.65918 0.395508 0.65918 0.395508
0 0.650391 0.388672 0.650391 0.397461 0.645508 0.399414 0.644531 0.393555 0.644531 0.389648
0 0.648438 0.373047 0.651367 0.380859 0.651367 0.380859 0.650391 0.386719 0.645508 0.389648 0.645508 0.389648 0.640625 0.383789 0.644531 0.374023
0 0.417969 0.474609 0.419922 0.479492 0.417969 0.482422 0.413086 0.479492 0.414062 0.473633
0 0.416992 0.486328 0.421875 0.488281 0.420898 0.495117 0.418945 0.5 0.414062 0.5 0.412109 0.491211 0.412109 0.491211
0 0.423828 0.296875 0.425781 0.303711 0.420898 0.30957 0.412109 0.308594 0.412109 0.298828 0.418945 0.294922
0 0.435547 0.303711 0.446289 0.306641 0.447266 0.311523 0.4375 0.31543 0.425781 0.318359 0.423828 0.30957 0.423828 0.30957 0.426758 0.302734
0 0.451172 0.301758 0.458008 0.304688 0.459961 0.310547 0.454102 0.313477 0.447266 0.310547 0.446289 0.302734
0 0.449219 0.244141 0.462891 0.246094 0.461914 0.253906 0.461914 0.253906 0.459961 0.258789 0.452148 0.260742 0.446289 0.263672 0.439453 0.256836 0.44043 0.248047 0.44043 0.248047
0 0.478516 0.210938 0.484375 0.21582 0.484375 0.21582 0.482422 0.222656 0.47168 0.223633 0.469727 0.217773 0.47168 0.209961
0 0.445312 0.200195 0.458984 0.208008 0.458008 0.210938 0.450195 0.209961 0.448242 0.212891 0.442383 0.211914 0.438477 0.206055 0.438477 0.199219 0.438477 0.199219
0 0.519531 0.196289 0.526367 0.202148 0.526367 0.208008 0.516602 0.208984 0.509766 0.201172 0.511719 0.194336
0 0.448242 0.167969 0.456055 0.172852 0.453125 0.180664 0.445312 0.185547 0.445312 0.185547 0.44043 0.178711 0.443359 0.170898
1 0.827148 0.164062 0.836914 0.164062 0.838867 0.15918 0.845703 0.15918 0.847656 0.169922 0.84082 0.174805 0.84082 0.185547 0.841797 0.201172 0.845703 0.217773 0.838867 0.220703 0.838867 0.220703 0.833008 0.212891 0.833008 0.212891 0.831055 0.197266 0.825195 0.200195 0.825195 0.200195 0.818359 0.195312 0.819336 0.1875 0.814453 0.1875 0.816406 0.179688 0.822266 0.175781 0.828125 0.175781
0 0.716797 0.399414 0.71875 0.40918 0.711914 0.40625 0.710938 0.400391
0 0.818359 0.510742 0.821289 0.519531 0.81543 0.526367 0.806641 0.524414 0.803711 0.516602 0.80957 0.510742 0.80957 0.510742
0 0.801758 0.542969 0.802734 0.546875 0.799805 0.553711 0.794922 0.553711 0.794922 0.544922 0.794922 0.544922
0 0.811523 0.544922 0.811523 0.552734 0.807617 0.558594 0.807617 0.558594 0.800781 0.553711 0.800781 0.553711 0.803711 0.543945
1 0.749023 0.668945 0.759766 0.674805 0.759766 0.681641 0.755859 0.685547 0.763672 0.691406 0.765625 0.696289 0.762695 0.701172 0.757812 0.701172 0.756836 0.705078 0.75 0.703125 0.75 0.703125 0.746094 0.69043 0.741211 0.689453 0.733398 0.689453 0.726562 0.68457 0.728516 0.674805 0.736328 0.672852
0 0.755859 0.764648 0.766602 0.762695 0.766602 0.762695 0.769531 0.769531 0.773438 0.773438 0.766602 0.776367 0.765625 0.783203 0.757812 0.78418 0.753906 0.773438
1 0.803711 0.810547 0.808594 0.805664 0.81543 0.807617 0.819336 0.813477 0.825195 0.8125 0.827148 0.797852 0.832031 0.793945 0.838867 0.800781 0.84082 0.803711 0.859375 0.803711 0.864258 0.804688 0.870117 0.804688 0.871094 0.8125 0.869141 0.818359 0.864258 0.814453 0.858398 0.814453 0.847656 0.813477 0.847656 0.821289 0.84375 0.823242 0.838867 0.826172 0.838867 0.826172 0.84375 0.833984 0.841797 0.838867 0.836914 0.838867 0.832031 0.841797 0.827148 0.838867 0.828125 0.831055 0.825195 0.824219 0.817383 0.824219 0.817383 0.824219 0.807617 0.824219 0.798828 0.829102 0.790039 0.827148 0.788086 0.820312 0.788086 0.820312 0.793945 0.816406 0.797852 0.810547
0 0.861328 0.835938 0.864258 0.839844 0.864258 0.839844 0.862305 0.84375 0.856445 0.842773 0.857422 0.836914
0 0.863281 0.84668 0.866211 0.854492 0.865234 0.860352 0.860352 0.863281 0.855469 0.857422 0.855469 0.849609
1 0.888672 0.819336 0.888672 0.829102 0.886719 0.834961 0.886719 0.841797 0.885742 0.847656 0.885742 0.855469 0.880859 0.858398 0.87793 0.851562 0.87793 0.851562 0.878906 0.84375 0.87793 0.838867 0.880859 0.833008 0.879883 0.828125 0.876953 0.823242 0.882812 0.819336
0 0.859375 1 0.862305 0.991211 0.869141 0.990234 0.875 0.993164 0.879883 0.996094 0.878906 1
0 0.96582 0.916016 0.967773 0.921875 0.96582 0.928711 0.960938 0.926758 0.959961 0.919922
0 0.969727 0.898438 0.97168 0.902344 0.970703 0.908203 0.964844 0.90918 0.964844 0.90918 0.961914 0.902344 0.964844 0.897461
0 0.959961 0.797852 0.963867 0.803711 0.962891 0.808594 0.956055 0.808594 0.950195 0.804688 0.950195 0.804688 0.956055 0.798828
0 0.989258 0.794922 0.991211 0.798828 0.990234 0.804688 0.981445 0.803711 0.981445 0.803711 0.980469 0.796875 0.980469 0.796875 0.984375 0.793945
0 0.876953 0.750977 0.878906 0.758789 0.878906 0.758789 0.876953 0.760742 0.87207 0.758789 0.87207 0.751953
0 0.875977 0.738281 0.876953 0.746094 0.876953 0.746094 0.87207 0.748047 0.869141 0.744141 0.869141 0.744141 0.87207 0.738281
0 0.796875 0.748047 0.798828 0.751953 0.795898 0.759766 0.789062 0.759766 0.790039 0.751953
0 0.800781 0.737305 0.804688 0.742188 0.801758 0.748047 0.794922 0.748047 0.794922 0.739258
0 0.961914 0.714844 0.967773 0.71875 0.966797 0.727539 0.960938 0.730469 0.957031 0.726562 0.957031 0.726562 0.956055 0.717773
1 0.941406 0.695312 0.94043 0.686523 0.94043 0.686523 0.943359 0.681641 0.945312 0.677734 0.949219 0.671875 0.949219 0.666016 0.949219 0.666016 0.960938 0.661133 0.960938 0.661133 0.96582 0.665039 0.970703 0.668945 0.970703 0.668945 0.963867 0.671875 0.961914 0.675781 0.960938 0.695312 0.964844 0.701172 0.966797 0.708008 0.966797 0.708008 0.961914 0.711914 0.958008 0.708984 0.955078 0.703125 0.956055 0.698242
0 0.996094 0.578125 0.99707 0.581055 0.994141 0.583984 0.993164 0.591797 0.989258 0.594727 0.985352 0.591797 0.984375 0.584961 0.981445 0.577148 0.989258 0.573242 0.994141 0.576172
1 0.933594 0.484375 0.936523 0.492188 0.933594 0.49707 0.926758 0.499023 0.926758 0.499023 0.920898 0.494141 0.917969 0.487305 0.916016 0.482422 0.916992 0.472656 0.923828 0.47168 0.923828 0.47168 0.928711 0.475586 0.928711 0.475586 0.927734 0.483398
0 0.953125 0.488281 0.953125 0.494141 0.947266 0.496094 0.943359 0.489258 0.943359 0.489258 0.946289 0.484375
0 0.955078 0.475586 0.957031 0.481445 0.954102 0.485352 0.948242 0.484375 0.947266 0.478516 0.947266 0.478516
1 0.873047 0.420898 0.875977 0.427734 0.876953 0.4375 0.873047 0.439453 0.874023 0.442383 0.875977 0.450195 0.875 0.462891 0.869141 0.46582 0.863281 0.459961 0.864258 0.446289 0.864258 0.431641 0.864258 0.431641 0.865234 0.420898 0.868164 0.414062 0.868164 0.414062 0.871094 0.414062
0 0.948242 0.412109 0.949219 0.415039 0.951172 0.418945 0.948242 0.424805 0.944336 0.429688 0.936523 0.425781 0.9375 0.415039 0.941406 0.411133
0 1 0.416992 0.994141 0.415039 0.987305 0.416992 0.985352 0.424805 0.990234 0.427734 0.995117 0.432617 1 0.435547
0 0.786133 0.376953 0.790039 0.376953 0.790039 0.383789 0.787109 0.388672 0.780273 0.388672 0.779297 0.379883 0.783203 0.37207
