1 0.374454 0.126706 0.362527 0.11757 0.349077 0.11554 0.339434 0.111733 0.336135 0.100567 0.339687 0.087625 0.342226 0.0759512 0.352122 0.0657998 0.375216 0.0663076 0.39095 0.0657998 0.394757 0.0746826 0.393995 0.0894014 0.391203 0.101328 0.393741 0.108435 0.388666 0.118077 0.38763 0.123735 0.384453 0.131359 0.37937 0.133138 0.37505 0.128817
1 0.648215 0.182236 0.639351 0.173678 0.628347 0.154726 0.617648 0.133329 0.626207 0.129661 0.637822 0.135469 0.641796 0.155643 0.655856 0.158088 0.651883 0.174289
1 0.788771 0.315195 0.773274 0.306932 0.757091 0.309342 0.739873 0.300044 0.744006 0.280761 0.739529 0.270431 0.748826 0.254936 0.763978 0.259067 0.772242 0.270775 0.776029 0.286959 0.787737 0.298667 0.791525 0.311408
1 0.734079 0.371214 0.72371 0.366894 0.715646 0.380143 0.701533 0.376398 0.710174 0.348461 0.71651 0.346156 0.739264 0.353356 0.737535 0.370638
1 0.759137 0.376398 0.757121 0.387919 0.741567 0.389071 0.746176 0.357677 0.77757 0.364014 0.789379 0.358541 0.800323 0.366317 0.800035 0.378702 0.791971 0.378702 0.770657 0.374958
1 0.872633 0.174338 0.858485 0.173934 0.84555 0.154127 0.856868 0.134319 0.876271 0.131085 0.881526 0.151701
1 0.981941 0.290742 0.970053 0.298515 0.959506 0.297176 0.950755 0.282496 0.930993 0.285884 0.92196 0.28052 0.916879 0.261323 1 0.272586 1 0.286934
1 0.821831 0.641634 0.795806 0.653937 0.774513 0.656303 0.764576 0.638321 0.792967 0.622707 0.823974 0.59666 0.794468 0.597916 0.769984 0.589127 0.751778 0.564644 0.790073 0.560249 0.840924 0.575315 0.865408 0.59666 0.869175 0.619261
1 0 0.0614844 0.0273154 0.0702549 0.03354 0.0750635 0.0406123 0.067709 0.0493818 0.0767617 0.0592832 0.085248 0.0592832 0.0909062 0.0468359 0.0928867 0.028165 0.0858145 0.0216582 0.0917549 0 0.0971299
0 0.103493 0.052084 0.0979072 0.0500889 0.0945146 0.0452998 0.0931182 0.0378184 0.0979072 0.0335283 0.104891 0.0342266 0.109279 0.0394141 0.110976 0.0465967 0.107384 0.0501885
0 0.0108857 0.155942 0.00474219 0.151554 0.000178711 0.1419 0.00912988 0.136811 0.0186084 0.138916 0.0210654 0.148044 0.0149229 0.154362
0 0.0396719 0.145411 0.0353418 0.146515 0.0300186 0.146134 0.0283076 0.142237 0.0293535 0.135773 0.035627 0.132541 0.0397148 0.134822 0.0425664 0.140716 0.0408555 0.144233
0 0.0657822 0.144109 0.060252 0.142878 0.0553486 0.141397 0.0542383 0.135754 0.0571064 0.131683 0.0633975 0.130295 0.0685791 0.132237 0.0707998 0.135938 0.069875 0.141027
0 0.0738613 0.209708 0.066332 0.20192 0.058543 0.191534 0.0588027 0.175178 0.069707 0.168687 0.0834678 0.173879 0.0858047 0.185303 0.0886602 0.192832 0.0826895 0.203218
1 0.0253105 0.285261 0.0284258 0.268904 0.0221953 0.253846 0.0307627 0.232815 0.0463408 0.226585 0.0567256 0.234633 0.055168 0.25073 0.0619189 0.255144 0.055168 0.270722 0.0611396 0.278511 0.0453018 0.287338 0.0279072 0.289675
0 0.156826 0.196209 0.152433 0.19632 0.149806 0.194424 0.147981 0.189535 0.149587 0.184209 0.154621 0.181291 0.159071 0.182021 0.16396 0.18472 0.165856 0.18866 0.164616 0.192162 0.164616 0.192162
0 0.105889 0.301608 0.0962939 0.300409 0.0926963 0.292314 0.0922471 0.28452 0.0986934 0.279572 0.111285 0.280172 0.11923 0.288417 0.115183 0.299061 0.111285 0.302208
0 0.0165352 0.35352 0.00539551 0.352469 0.000771484 0.347425 0.00140234 0.336285 0.00791797 0.329771 0.0163242 0.331662 0.0255723 0.335234 0.0297754 0.343222 0.0249414 0.349736
0 0.0173828 0.291396 0.0123398 0.290703 0.00957031 0.285759 0.0119443 0.281507 0.0163945 0.279825 0.0221299 0.281803 0.0247998 0.287638 0.0217344 0.291198
0 0.0111533 0.281407 0.00680176 0.279825 0.0058125 0.274287 0.00808691 0.271519 0.0123398 0.271914 0.0158008 0.275474 0.0137246 0.279825
0 0.00126367 0.273694 0.00571387 0.271519 0.00769141 0.265387 0.00601074 0.261135 0.00334082 0.258959 0.000374023 0.256882 0 0.272705
0 0.0638193 0.31118 0.0562041 0.308433 0.0502119 0.306186 0.0443438 0.301815 0.0438447 0.293701 0.0552051 0.28671 0.0643193 0.284338 0.0749307 0.284962 0.0824219 0.287958 0.0811738 0.297446 0.0754307 0.304312 0.0714355 0.307809
0 0.0718145 0.337598 0.0685059 0.336261 0.0676621 0.332601 0.0708994 0.330701 0.0738555 0.33246 0.0741367 0.33619
0 0.0915205 0.335064 0.0882832 0.334713 0.086875 0.330701 0.0895498 0.328237 0.0926465 0.328801 0.0941943 0.331193 0.0928574 0.334009
0 0.106217 0.331655 0.103234 0.330878 0.102521 0.327312 0.10466 0.324458 0.107125 0.324782 0.109848 0.326209 0.109783 0.329191
0 0.0747656 0.463653 0.0671465 0.458573 0.065877 0.447145 0.0758242 0.441854 0.0861943 0.444182 0.0916973 0.454764 0.0825967 0.462171
0 0.0227236 0.454662 0.0162041 0.454503 0.0103213 0.446871 0.0104795 0.435581 0.0173174 0.432083 0.0257441 0.433196 0.0309912 0.438921 0.0295605 0.447824
0 0.0176348 0.484236 0.010957 0.482806 0.0042793 0.474855 0.00936719 0.464361 0.0158857 0.465474 0.0225645 0.468813 0.0270166 0.47581 0.0228818 0.481852
0 0.132126 0.471308 0.122678 0.469103 0.118269 0.460127 0.12441 0.454931 0.132756 0.455089 0.138109 0.460915 0.134173 0.467528
0 0.0802021 0.505253 0.0746807 0.500979 0.0732559 0.491538 0.0793115 0.485305 0.0896416 0.485127 0.091957 0.495457 0.0901758 0.50169
0 0.0935371 0.590814 0.0864063 0.588839 0.0846748 0.583186 0.0868672 0.578801 0.0900986 0.576146 0.0949443 0.576839 0.101521 0.579724 0.101753 0.585378 0.100368 0.589763
0 0.0907295 0.61495 0.086291 0.612126 0.0838701 0.606208 0.0891152 0.602712 0.0950322 0.605536 0.0992012 0.607822 0.0961084 0.614143
0 0.133693 0.597686 0.131071 0.595993 0.129465 0.591849 0.133017 0.590665 0.136823 0.591426 0.138261 0.594894 0.136654 0.596755
0 0.132422 0.625812 0.12765 0.626817 0.12426 0.623176 0.121874 0.615516 0.125014 0.612376 0.130915 0.612125 0.135813 0.614009 0.136817 0.619157 0.135813 0.623804
0 0.15945 0.651555 0.155432 0.64854 0.147728 0.646028 0.153422 0.637654 0.153589 0.629114 0.16146 0.629951 0.162968 0.636984 0.163303 0.644855 0.16347 0.650717
0 0.0687383 0.625116 0.0660156 0.624739 0.0625195 0.623535 0.0618896 0.618837 0.0638955 0.615914 0.0665313 0.616258 0.0693389 0.616773 0.0711152 0.619295 0.071918 0.621301 0.0706572 0.623822
0 0.0020293 0.644833 0.000798828 0.639501 0.00397754 0.634066 0.00889844 0.63581 0.0111543 0.638988 0.00982129 0.643397 0.00736035 0.646371
0 0.0425029 0.694236 0.0342305 0.691872 0.0336396 0.679858 0.0277314 0.673358 0.023792 0.665677 0.0271406 0.656025 0.0375791 0.65248 0.0492002 0.655041 0.054124 0.659768 0.0501846 0.672768 0.0484121 0.680843 0.0428975 0.690297
0 0.00252051 0.707433 0.0137471 0.708221 0.0235947 0.696009 0.0192617 0.685964 0.0103984 0.682615 0.00685352 0.680055 0.00350488 0.692069
0 0.000632813 0.7542 0.00747363 0.758426 0.00928516 0.765468 0.00646777 0.77412 0 0.782571 0 0.7542
0 0.049126 0.775528 0.0402725 0.771504 0.0352412 0.762248 0.0384609 0.751182 0.0471133 0.749572 0.05154 0.75581 0.0509365 0.763657 0.0517412 0.771102
0 0.072668 0.799675 0.0670342 0.793235 0.072668 0.781968 0.07971 0.773919 0.0835332 0.778346 0.0815215 0.787602 0.0793076 0.795248 0.0752832 0.798669
0 0.127317 0.824278 0.12475 0.823267 0.123773 0.820337 0.124967 0.817895 0.127626 0.816972 0.130177 0.818383 0.131371 0.820987 0.131208 0.823538 0.129634 0.823701
0 0.138859 0.820771 0.136092 0.819686 0.133976 0.817026 0.13403 0.813987 0.136798 0.813228 0.139348 0.814801 0.141193 0.818111 0.140325 0.820607
0 0.128891 0.799507 0.124757 0.796808 0.12442 0.792 0.128132 0.789469 0.132687 0.79124 0.133361 0.795205 0.130915 0.798832
0 0.213515 0.674263 0.208753 0.673205 0.205148 0.67117 0.204744 0.666724 0.206765 0.664138 0.212585 0.663571 0.218566 0.664461 0.22382 0.667047 0.225922 0.671089 0.22382 0.674322 0.218001 0.674646
0 0.209733 0.16856 0.199241 0.167667 0.190981 0.15963 0.189643 0.147353 0.192011 0.139558 0.199072 0.136636 0.211004 0.13761 0.210273 0.149785 0.210517 0.159768
1 0.344699 0.146131 0.324354 0.127882 0.312296 0.121476 0.297976 0.124867 0.288179 0.116953 0.297788 0.109417 0.306831 0.108852 0.316629 0.111866 0.323224 0.116577 0.331325 0.121099 0.3415 0.121476 0.348095 0.125621 0.354124 0.135041 0.353182 0.140882
0 0.28453 0.219194 0.272483 0.217233 0.26716 0.209949 0.264358 0.195101 0.275565 0.189777 0.288173 0.195101 0.302741 0.195381 0.305823 0.21219 0.288732 0.216953
0 0.201651 0.253964 0.19495 0.250614 0.193018 0.244815 0.195853 0.238373 0.201909 0.238115 0.205903 0.243398 0.205001 0.249196
0 0.209511 0.268396 0.204357 0.266979 0.202038 0.260793 0.204357 0.255896 0.208996 0.255382 0.212861 0.258731 0.213377 0.264788 0.211573 0.266979
0 0.232114 0.191253 0.229265 0.190065 0.23053 0.186424 0.233776 0.18674 0.235518 0.189273
0 0.267801 0.0898604 0.265083 0.0861143 0.265965 0.0827354 0.269784 0.0817803 0.273016 0.083543 0.273897 0.086334 0.270298 0.0895664
0 0.465616 0.0210576 0.459239 0.0177363 0.455652 0.0101641 0.460169 0.00471777 0.469469 0.00485059 0.473321 0.0101641 0.471993 0.0164082
0 0.48302 0.0401885 0.475846 0.0420488 0.471062 0.0354063 0.470664 0.0286309 0.476377 0.0242461 0.483285 0.0259736 0.485544 0.0324834 0.484348 0.0379297
0 0.513556 0.0765068 0.5078 0.0765068 0.504603 0.0699834 0.50716 0.0630771 0.515347 0.0623096 0.518672 0.0690889 0.516753 0.0754844
0 0.541567 0.110274 0.535812 0.108484 0.535172 0.100554 0.540416 0.0990186 0.543742 0.102089 0.543998 0.106054
0 0.566753 0.147809 0.562912 0.141717 0.56768 0.136419 0.574302 0.139067 0.577745 0.143968 0.573109 0.148471
0 0.595924 0.194377 0.589221 0.192366 0.585199 0.183318 0.588997 0.176728 0.59827 0.17494 0.60553 0.180749 0.607206 0.187898
0 0.615192 0.233453 0.608965 0.230963 0.606587 0.223489 0.611908 0.219187 0.619835 0.220771 0.622778 0.225867 0.620287 0.231415
0 0.638496 0.301251 0.631749 0.297877 0.631173 0.286618 0.636841 0.282053 0.644556 0.285358 0.6455 0.292444 0.642666 0.297797
0 0.64563 0.347417 0.6393 0.343065 0.638904 0.332188 0.64919 0.330407 0.658289 0.336143 0.652157 0.346033
0 0.658479 0.391988 0.653354 0.388262 0.651259 0.380459 0.656965 0.376383 0.663021 0.378014 0.664767 0.385815
0 0.657496 0.476672 0.65353 0.473257 0.655059 0.468384 0.659741 0.468002 0.664423 0.469626 0.664519 0.475359 0.661461 0.477365
0 0.647689 0.578438 0.642643 0.576422 0.640372 0.572189 0.640986 0.567956 0.644912 0.564889 0.648716 0.564767 0.651415 0.565503 0.653316 0.569122 0.653623 0.573048 0.653133 0.575379
0 0.651554 0.528599 0.64808 0.527048 0.64684 0.522085 0.646901 0.517495 0.650934 0.515199 0.654779 0.516688 0.65757 0.519728 0.657819 0.525125 0.655462 0.528784 0.653043 0.528784
0 0.634632 0.621143 0.626542 0.620676 0.623275 0.613676 0.62981 0.607142 0.637898 0.607297 0.640854 0.614765 0.638054 0.620831
0 0.614876 0.665788 0.60772 0.664388 0.606942 0.655832 0.610986 0.650231 0.617364 0.649299 0.622187 0.654276 0.62032 0.661898
0 0.552596 0.787548 0.545705 0.782657 0.54815 0.771099 0.557264 0.770654 0.562377 0.777101 0.56082 0.785103
0 0.530666 0.825755 0.527629 0.826023 0.521821 0.825755 0.52057 0.819411 0.522982 0.816105 0.527271 0.814229 0.530309 0.814854 0.532453 0.818696 0.531917 0.823968
0 0.505204 0.867357 0.499094 0.866058 0.496754 0.858907 0.499354 0.854356 0.505204 0.852667 0.508064 0.856307 0.510145 0.861637 0.509104 0.865797
0 0.479982 0.909479 0.474002 0.90467 0.472442 0.898819 0.477253 0.894659 0.482323 0.894529 0.485183 0.901029 0.483493 0.90714
0 0.46436 0.870035 0.460753 0.868482 0.459023 0.861925 0.462914 0.859547 0.468103 0.860195 0.472138 0.863582 0.473146 0.866969 0.471921 0.869923 0.468895 0.869635
0 0.438334 0.857824 0.43244 0.855323 0.430638 0.849067 0.432759 0.843236 0.437848 0.841539 0.443892 0.843023 0.445376 0.849279 0.445588 0.85246 0.441877 0.856277
0 0.395764 0.838331 0.389461 0.834175 0.386377 0.824922 0.39469 0.823045 0.399921 0.824653 0.402334 0.829347 0.401262 0.837527
0 0.347539 0.687743 0.341965 0.68539 0.33924 0.675729 0.346424 0.670031 0.353484 0.673004 0.355466 0.680187 0.352617 0.685514
0 0.363269 0.692697 0.35819 0.69084 0.355095 0.682417 0.360792 0.677215 0.36587 0.680063 0.369091 0.685514 0.366118 0.691087
0 0.380361 0.701739 0.372683 0.700501 0.368967 0.691707 0.375159 0.684275 0.381972 0.684646 0.388041 0.693193 0.385192 0.700005
0 0.401192 0.696853 0.394892 0.698224 0.391762 0.693633 0.391136 0.687372 0.396144 0.685182 0.400631 0.687164 0.403135 0.69165
0 0.408664 0.700728 0.40303 0.69791 0.402091 0.691859 0.405117 0.687477 0.411168 0.688416 0.414716 0.691859 0.412733 0.699371
0 0.432817 0.71697 0.425998 0.712304 0.425101 0.700458 0.432997 0.695792 0.4391 0.700997 0.4391 0.709253 0.437484 0.712662
0 0.449509 0.716611 0.441971 0.716252 0.439638 0.702073 0.444125 0.700458 0.451483 0.702433 0.453457 0.710509 0.450944 0.713919
0 0.464558 0.722921 0.460883 0.721543 0.460699 0.716856 0.464649 0.714928 0.467865 0.7175 0.466579 0.720991
0 0.652864 0.232803 0.644383 0.226139 0.642768 0.214629 0.651047 0.211195 0.658922 0.212811 0.662759 0.219677 0.661951 0.227351
0 0.664778 0.26895 0.658114 0.264306 0.657509 0.252189 0.666192 0.249968 0.67326 0.2534 0.673058 0.26168 0.667403 0.268143
0 0.681539 0.311963 0.676212 0.310666 0.673815 0.30827 0.672726 0.303113 0.676284 0.299046 0.680933 0.2989 0.684564 0.301152 0.685436 0.307325 0.683838 0.310885
0 0.686974 0.380389 0.680857 0.375699 0.680245 0.363262 0.692071 0.360815 0.698596 0.369787 0.697372 0.376107
0 0.686362 0.35735 0.67841 0.353067 0.67841 0.342873 0.687789 0.338184 0.69778 0.342873 0.696761 0.354087
0 0.697227 0.417893 0.693347 0.416341 0.689689 0.411686 0.693568 0.407252 0.698445 0.406698 0.702769 0.409137 0.701993 0.414789
0 0.695936 0.482832 0.690152 0.481413 0.687533 0.474757 0.689825 0.469409 0.695718 0.470173 0.700955 0.472901 0.699537 0.479886
0 0.692335 0.529428 0.686224 0.529101 0.682404 0.523645 0.683823 0.517424 0.689061 0.51426 0.693426 0.515242 0.696809 0.518188 0.695499 0.525391
0 0.677651 0.575935 0.672134 0.57089 0.674971 0.561589 0.683011 0.561116 0.687425 0.565688 0.684272 0.574043
0 0.67166 0.618184 0.664724 0.616607 0.663936 0.607148 0.671345 0.60636 0.674813 0.610459 0.674498 0.615504
0 0.655497 0.66308 0.64904 0.660449 0.649758 0.647774 0.661476 0.650405 0.662672 0.660688
0 0.898831 0.629797 0.8857 0.623365 0.879805 0.608358 0.88972 0.602462 0.905531 0.602194 0.915179 0.607286 0.918662 0.617737 0.914375 0.627653
0 0.935277 0.647484 0.924559 0.64132 0.924022 0.624705 0.932062 0.61479 0.947069 0.61479 0.959665 0.622293 0.959933 0.634353 0.945461 0.644
0 0.951625 0.671335 0.942514 0.663295 0.948945 0.646948 0.960469 0.651504 0.959129 0.66276 0.956984 0.667583
0 0.940369 0.689022 0.932866 0.680715 0.93501 0.667583 0.947069 0.670799 0.955645 0.674818 0.948677 0.686878
0 0.948326 0.738612 0.941308 0.736019 0.940239 0.725948 0.946495 0.721371 0.953818 0.720913 0.955497 0.728237 0.954124 0.733729 0.95031 0.736476
0 0.926508 0.740596 0.918269 0.737849 0.917659 0.72961 0.924524 0.722592 0.935815 0.726711 0.934595 0.734492 0.929254 0.738765
0 0.924677 0.765312 0.918879 0.76043 0.91598 0.751275 0.921626 0.7438 0.929712 0.741511 0.929712 0.741511 0.933679 0.754327 0.928339 0.763481
0 0.966195 0.801028 0.955421 0.790254 0.952253 0.770608 0.97285 0.7573 0.983307 0.763003 0.97982 0.781065 0.980454 0.795324
1 0.950695 0.943704 0.930612 0.940357 0.92344 0.908321 0.924396 0.873894 0.927744 0.843292 0.941132 0.822253 0.966952 0.813646 0.985122 0.831338 0.99086 0.858114 0.981297 0.889194 0.99086 0.915493 0.971256 0.935575
0 0.937384 0.811487 0.931489 0.809305 0.927561 0.799917 0.935419 0.797517 0.947207 0.801009 0.944588 0.807776
0 0.723323 0.805409 0.716057 0.798393 0.724075 0.787867 0.732095 0.792378 0.732095 0.801399
0 0.718812 0.835982 0.711044 0.827964 0.711796 0.812426 0.723574 0.811424 0.731594 0.819693 0.731343 0.828214 0.72608 0.831723
0 0.71731 0.852271 0.70929 0.845506 0.714803 0.83498 0.726581 0.838238 0.724827 0.848263
0 0.640174 0.793023 0.630556 0.788433 0.628807 0.772694 0.642142 0.768322 0.653508 0.77488 0.652634 0.789963
1 0.70014 0.702007 0.70701 0.718419 0.718078 0.742082 0.713498 0.762312 0.692124 0.756586 0.666552 0.75735 0.641743 0.748952 0.631438 0.735212 0.653575 0.684449 0.69785 0.671091 0.728765 0.662694 0.759299 0.662312 0.764261 0.671473 0.715406 0.688267
0 0.974624 0.250647 0.969479 0.246954 0.96816 0.239962 0.973437 0.233629 0.980957 0.233762 0.985706 0.239698 0.984782 0.24537 0.978846 0.249856
0 0.871951 0.11259 0.865691 0.104899 0.866407 0.0963135 0.875887 0.0943467 0.882504 0.09846 0.87678 0.10955 0.871772 0.111875
0 0.880716 0.0891592 0.87213 0.0857607 0.872488 0.0768184 0.880716 0.0762812 0.886976 0.0778906 0.886618 0.0866553
0 0.886976 0.070915 0.877675 0.0685898 0.876602 0.0603623 0.881789 0.0551758 0.889122 0.0582168 0.890731 0.0662646
0 0.83877 0.122032 0.833467 0.118658 0.832984 0.110624 0.840697 0.106769 0.846964 0.115123 0.841661 0.121872
0 0.831675 0.110434 0.827358 0.107275 0.828622 0.100749 0.834937 0.0991699 0.837254 0.103696 0.83599 0.107486
0 0.825147 0.10117 0.820516 0.0993799 0.819885 0.0922217 0.8262 0.0874844 0.830411 0.0923271 0.831569 0.0975908
0 0.818306 0.0916953 0.8122 0.0899062 0.810516 0.0828525 0.817042 0.0781162 0.822411 0.0805371 0.823779 0.0881162
0 0.810937 0.0808525 0.806305 0.0777998 0.80662 0.0720098 0.8122 0.0693789 0.816832 0.0725361 0.813989 0.0785371
0 0.803079 0.0943945 0.798999 0.0921602 0.796861 0.086623 0.800165 0.0827373 0.805411 0.0821543 0.809491 0.0849717 0.80988 0.0896348 0.8058 0.0947832
0 0.809588 0.105372 0.805896 0.101973 0.804439 0.0963379 0.807742 0.0923545 0.812405 0.0919658 0.816389 0.0941035 0.817748 0.099835 0.814932 0.105275
0 0.819108 0.11499 0.815223 0.112562 0.813668 0.107121 0.817166 0.101973 0.82144 0.10139 0.82484 0.105664 0.824937 0.111104 0.821246 0.113436
0 0.824452 0.125288 0.819206 0.120722 0.818817 0.116156 0.822023 0.11159 0.826881 0.109938 0.830086 0.113047 0.831155 0.119848 0.827463 0.124413
0 0.79425 0.103271 0.788007 0.0997598 0.791259 0.0905234 0.795551 0.0894824 0.801535 0.0923447 0.800104 0.099499
0 0.800755 0.113809 0.794771 0.109256 0.798543 0.10119 0.804396 0.103401 0.807259 0.108605
0 0.80843 0.125646 0.802836 0.122004 0.802186 0.113548 0.80908 0.111207 0.814674 0.11628 0.814543 0.123305
0 0.594972 0.0426318 0.58737 0.0406699 0.582826 0.0358174 0.589495 0.0298574 0.596591 0.0302832 0.606098 0.029999 0.610354 0.0355332 0.605813 0.0403584 0.598861 0.0417773 0.595029 0.0413516
0 0.607028 0.067667 0.602779 0.0647842 0.605662 0.0567422 0.611429 0.0571973 0.614008 0.0623564 0.610518 0.0663018
0 0.59944 0.0787441 0.592916 0.0766201 0.592612 0.0678193 0.598985 0.0637217 0.603538 0.0663018 0.605207 0.0732813 0.600655 0.0795029
1 0.641504 0.0507197 0.632993 0.0466768 0.642355 0.0300791 0.653846 0.0196523 0.669806 0.0181631 0.673849 0.0264619 0.663635 0.0345479 0.649591 0.0436973
1 0.690233 0.0358242 0.682147 0.030292 0.681722 0.016248 0.699596 0.0109277 0.716193 0.0122051 0.719173 0.0207168 0.710661 0.0292275 0.696191 0.032207
0 0.659363 0.0130107 0.652806 0.0120742 0.652939 0.00458008 0.659631 0.003375 0.663779 0.00698828 0.662039 0.0120742
0 0.780932 0.208793 0.765344 0.20309 0.768766 0.181418 0.791197 0.175715 0.805265 0.181418 0.81553 0.197387 0.798802 0.209173
1 0.74499 0.187286 0.75809 0.190562 0.761729 0.203661 0.744626 0.216396 0.715151 0.209847 0.688952 0.197475 0.679855 0.170184 0.678764 0.146531 0.696229 0.139981 0.706419 0.144349 0.722065 0.152718 0.732981 0.166181 0.743171 0.184739
0 0.558754 0.998253 0.547925 0.991957 0.543141 0.981381 0.549185 0.967026 0.561271 0.966522 0.569582 0.973826 0.573107 0.985662
0 0.575122 1 0.570086 0.988684 0.577137 0.978358 0.591743 0.977855 0.598542 0.987425 0.597031 1
1 0.544719 0.85383 0.55599 0.857145 0.56262 0.864437 0.543394 0.900239 0.540205 0.909863 0.535761 0.919988 0.523165 0.923692 0.504149 0.924187 0.527945 0.889653
0 0.541446 0.934461 0.534436 0.93303 0.530859 0.926162 0.536726 0.920583 0.545166 0.92187 0.549459 0.92788 0.546168 0.932458
0 0.558269 0.910523 0.549988 0.910135 0.545979 0.904055 0.547789 0.893576 0.554904 0.886331 0.563055 0.883355 0.571335 0.884391 0.575475 0.888271 0.575604 0.896552 0.569136 0.905478
0 0.602222 0.888012 0.597125 0.888216 0.594271 0.88424 0.595086 0.878531 0.59947 0.875982 0.60263 0.876798 0.60263 0.876798 0.60263 0.876798 0.60528 0.882812
0 0.578525 0.852919 0.573148 0.850059 0.573263 0.843767 0.579783 0.842051 0.585504 0.844567 0.588936 0.8488 0.582758 0.853376
0 0.593769 0.82522 0.588073 0.822372 0.584941 0.815537 0.589497 0.812689 0.595619 0.813829 0.599037 0.818385 0.596616 0.823511
0 0.610569 0.836325 0.60459 0.837321 0.603166 0.828209 0.607152 0.824935 0.612278 0.826644 0.612563 0.83305
0 0.624052 0.84884 0.619033 0.847129 0.617437 0.841312 0.620857 0.836179 0.626104 0.837092 0.628271 0.842566
0 0.640704 0.861957 0.634431 0.860246 0.632948 0.854429 0.635686 0.848611 0.641959 0.848041 0.645381 0.851121 0.643442 0.857965
0 0.655418 0.872336 0.649487 0.869257 0.648232 0.863098 0.653251 0.858535 0.658384 0.85922 0.661691 0.865265
0 0.672266 0.882601 0.667062 0.881347 0.665394 0.876343 0.670304 0.872358 0.675493 0.873285 0.676604 0.877918 0.674752 0.881068
0 0.688384 0.893995 0.68506 0.892508 0.68366 0.888396 0.686459 0.884897 0.691183 0.885422 0.692058 0.890059 0.689608 0.89312
0 0.700021 0.876505 0.696496 0.873864 0.697351 0.869936 0.702048 0.869509 0.70478 0.871388 0.704268 0.876171
0 0.686162 0.867801 0.68155 0.866775 0.678476 0.86242 0.679073 0.857039 0.682746 0.854733 0.688126 0.855417 0.691201 0.860028 0.690518 0.865067 0.689493 0.866349
0 0.667956 0.855661 0.663338 0.852582 0.663814 0.846135 0.666929 0.844092 0.671404 0.844286 0.674908 0.847887 0.674519 0.852946 0.672378 0.855282
0 0.657782 0.832999 0.65749 0.837572 0.653987 0.842535 0.648343 0.842146 0.644062 0.837962 0.647078 0.831345 0.651359 0.829106 0.655058 0.828718
0 0.641137 0.819753 0.641907 0.822934 0.641522 0.826499 0.637379 0.829775 0.632368 0.82939 0.62967 0.823029 0.632561 0.818212 0.637282 0.817729
0 0.639654 0.799733 0.641271 0.803723 0.640518 0.807388 0.635989 0.810299 0.630383 0.80728 0.631893 0.800272
0 0.621111 0.817846 0.617445 0.816552 0.616151 0.810083 0.621542 0.807388 0.6251 0.811484 0.6251 0.816229
0 0.606464 0.808796 0.600904 0.807406 0.598703 0.80092 0.602757 0.795129 0.607274 0.795708 0.609938 0.800456 0.609938 0.8059
0 0.719707 0.970366 0.714027 0.968217 0.7128 0.957625 0.719247 0.955322 0.723853 0.956704 0.728304 0.960695 0.726769 0.967143 0.722931 0.968984
0 0.713917 0.981003 0.710357 0.977965 0.711572 0.973017 0.716087 0.972495 0.719299 0.974405 0.719212 0.97892
0 0.739464 0.930478 0.733756 0.928052 0.733613 0.91421 0.741747 0.909929 0.747598 0.911784 0.749168 0.919062 0.748454 0.926197 0.742461 0.932903
1 0.852481 0.866084 0.840791 0.869506 0.831953 0.856105 0.835089 0.839568 0.848489 0.835292 0.861319 0.84185 0.871584 0.850688 0.862745 0.861237
0 0.824248 0.796145 0.82163 0.794944 0.820558 0.791116 0.822914 0.788476 0.826246 0.788598 0.829578 0.791441 0.829091 0.79453 0.826734 0.796439
0 0.819884 0.810071 0.817337 0.808252 0.817024 0.805601 0.818637 0.802378 0.822275 0.801494 0.826018 0.802897 0.826537 0.806849 0.82529 0.810175 0.821859 0.811059
0 0.807414 0.794211 0.803983 0.793753 0.803525 0.789979 0.804669 0.786433 0.806843 0.785689 0.809816 0.786547 0.811989 0.787977 0.811989 0.791236 0.810788 0.794439
0 0.804557 0.805052 0.801231 0.802858 0.802505 0.798896 0.806254 0.797623 0.810216 0.799321 0.809013 0.803 0.806042 0.805264
0 0.792388 0.790974 0.789062 0.788851 0.788284 0.784253 0.792954 0.78022 0.796774 0.781848 0.797977 0.786305 0.798472 0.788992 0.793803 0.791469
0 0.791186 0.803425 0.78786 0.801373 0.787012 0.796279 0.790478 0.793521 0.794369 0.794228 0.796138 0.797128 0.796421 0.801161 0.794086 0.803
0 0.77711 0.786111 0.77341 0.782696 0.776352 0.777288 0.78062 0.776814 0.783656 0.77966 0.781379 0.786017
0 0.776541 0.799108 0.772651 0.797211 0.772082 0.790949 0.776352 0.787724 0.78081 0.79057 0.783276 0.795029 0.780051 0.799298
0 0.764777 0.784973 0.7588 0.78355 0.757282 0.777763 0.762025 0.774537 0.767339 0.775012 0.769521 0.780324 0.769521 0.780324
0 0.762595 0.798634 0.757472 0.797116 0.756429 0.791045 0.761077 0.786965 0.767148 0.786775 0.768098 0.793891 0.765915 0.797306
0 0.211918 0.971747 0.198199 0.964332 0.187447 0.94876 0.193009 0.926143 0.215626 0.923547 0.231569 0.936524 0.235276 0.950613 0.224153 0.966186
0 0.274881 0.927517 0.269387 0.925876 0.266188 0.919972 0.266762 0.91136 0.272585 0.909885 0.279966 0.911606 0.281032 0.918167 0.281934 0.924154
0 0.257438 0.916464 0.252553 0.913851 0.25278 0.907488 0.256757 0.907374 0.260279 0.910102 0.260848 0.915555
0 0.236418 0.913282 0.231987 0.91101 0.233919 0.902488 0.23835 0.905897 0.23835 0.905897 0.23994 0.910783
0 0 0.222813 0.00606934 0.225555 0.00914746 0.231601 0.00925781 0.240726 0.0052998 0.246441 0 0.24886 0 0.250289
0 0.0299248 0.230501 0.0221191 0.229731 0.0186016 0.223466 0.0211299 0.21544 0.0277266 0.210164 0.0365205 0.210273 0.0406982 0.213352 0.0431172 0.220388 0.0431172 0.220388 0.0355313 0.227423
0 0.0537822 0.209412 0.0476357 0.207675 0.0428252 0.201261 0.046166 0.194045 0.0517783 0.196851 0.0561885 0.199925 0.0603311 0.204602 0.0595293 0.209412
0 0.082209 0.261135 0.0758389 0.25994 0.0746445 0.252109 0.0795547 0.247597 0.0859258 0.250517 0.0868545 0.254101 0.0838018 0.259276
0 0.394702 0.212136 0.38842 0.212136 0.38575 0.204911 0.390305 0.200042 0.398157 0.199728 0.398157 0.199728 0.400042 0.208366
0 0.366503 0.196524 0.361196 0.194439 0.357216 0.183447 0.364229 0.176814 0.371619 0.176814 0.3756 0.183258 0.376168 0.191218
0 0.380517 0.207732 0.376622 0.207333 0.375924 0.20274 0.380117 0.199944 0.383411 0.202141 0.38411 0.206135
0 0.374226 0.203838 0.370232 0.201143 0.368436 0.19645 0.370532 0.193354 0.375324 0.193155 0.37812 0.195851 0.376423 0.200644
0 0.359842 0.355361 0.354849 0.354469 0.349586 0.355822 0.346429 0.349507 0.353345 0.343493 0.361313 0.343794 0.367629 0.345598 0.367178 0.352665 0.365223 0.35507
0 0.334696 0.354206 0.329343 0.353423 0.32164 0.353161 0.315765 0.349767 0.314067 0.342325 0.319551 0.338017 0.326993 0.3388 0.334565 0.339322 0.340571 0.342063 0.342007 0.348983
0 0.300874 0.0686475 0.292852 0.0689805 0.285686 0.0694287 0.280013 0.0665918 0.279863 0.0595752 0.284192 0.0559922 0.291955 0.0577842 0.300614 0.0592773 0.300764 0.0656963
0 0.267622 0.0689805 0.262695 0.0688311 0.256873 0.0650986 0.258366 0.058083 0.262546 0.0542012 0.273593 0.0550967 0.276729 0.0607695 0.273146 0.0673379
0 0.283102 0.0549873 0.278345 0.0513721 0.280247 0.0428086 0.291094 0.0431885 0.296613 0.0502295 0.295281 0.0547969
0 0.266182 0.0519072 0.26042 0.0453506 0.264592 0.0348213 0.275519 0.0350195 0.278102 0.0445566 0.276909 0.0529004
0 0.179688 0.0878906 0.179688 0.0957031 0.171875 0.0966797 0.168945 0.0898438
0 0.185547 0.09375 0.189453 0.0996094 0.18457 0.0996094 0.180664 0.0957031
0 0.204102 0.0947266 0.205078 0.100586 0.203125 0.106445 0.194336 0.102539 0.192383 0.0957031 0.192383 0.0957031
0 0.214844 0.0966797 0.220703 0.102539 0.219727 0.110352 0.211914 0.112305 0.205078 0.105469 0.208008 0.0947266
0 0.227539 0.101562 0.242188 0.101562 0.242188 0.101562 0.24707 0.106445 0.24707 0.106445 0.244141 0.115234 0.239258 0.119141 0.229492 0.112305 0.22168 0.109375
0 0.249023 0.110352 0.251953 0.112305 0.256836 0.119141 0.255859 0.129883 0.248047 0.129883 0.241211 0.120117 0.242188 0.112305
0 0.175781 0.103516 0.176758 0.118164 0.168945 0.118164 0.166992 0.110352 0.170898 0.103516
0 0.189453 0.106445 0.19043 0.116211 0.1875 0.12207 0.178711 0.119141 0.178711 0.119141 0.175781 0.109375 0.180664 0.104492 0.180664 0.104492
0 0.19043 0.107422 0.199219 0.113281 0.201172 0.121094 0.192383 0.123047 0.192383 0.123047 0.186523 0.118164
0 0.210938 0.116211 0.214844 0.120117 0.214844 0.125 0.205078 0.124023 0.200195 0.119141 0.201172 0.112305
1 0.118164 0 0.12207 0.00585938 0.126953 0.0117188 0.128906 0.0166016 0.129883 0.0224609 0.130859 0.0273438 0.132812 0.0322266 0.140625 0.0380859 0.144531 0.0341797 0.149414 0.0341797 0.15332 0.0371094 0.158203 0.0400391 0.164062 0.0429688 0.169922 0.0439453 0.174805 0.046875 0.179688 0.0478516 0.18457 0.0488281 0.189453 0.0498047 0.195312 0.0498047 0.200195 0.0507812 0.210938 0.0537109 0.21582 0.0546875 0.220703 0.0556641 0.225586 0.0537109 0.231445 0.0527344 0.236328 0.0527344 0.242188 0.0537109 0.250977 0.0585938 0.250977 0.0634766 0.246094 0.0654297 0.240234 0.0664062 0.234375 0.0654297 0.229492 0.0644531 0.21875 0.0634766 0.210938 0.0625 0.197266 0.0634766 0.18457 0.0634766 0.182617 0.0683594 0.179688 0.0732422 0.173828 0.0722656 0.163086 0.0722656 0.151367 0.0742188 0.154297 0.078125 0.154297 0.0830078 0.149414 0.0839844 0.145508 0.0791016 0.141602 0.0703125 0.137695 0.0605469 0.134766 0.0537109 0.130859 0.0439453 0.12793 0.0390625 0.125 0.0322266 0.121094 0.0283203 0.119141 0.0234375 0.119141 0.0185547 0.114258 0.0146484 0.110352 0.00585938 0.108398 0
0 0.161133 0.0888672 0.163086 0.0927734 0.163086 0.100586 0.158203 0.102539 0.154297 0.09375
1 0.303711 0.0478516 0.311523 0.046875 0.326172 0.0488281 0.34668 0.0537109 0.34375 0.0615234 0.339844 0.0703125 0.333008 0.0683594 0.322266 0.0683594 0.322266 0.0683594 0.3125 0.0683594 0.301758 0.0693359 0.300781 0.0576172 0.295898 0.0537109
0 0.380859 0.046875 0.386719 0.0458984 0.392578 0.0488281 0.392578 0.0488281 0.394531 0.0625 0.387695 0.0644531 0.387695 0.0644531 0.375977 0.0605469
0 0.334961 0.0732422 0.333008 0.0820312 0.326172 0.0810547 0.326172 0.0810547 0.325195 0.0722656 0.330078 0.0683594
1 0.356445 0.0185547 0.363281 0.0175781 0.368164 0.015625 0.37207 0.015625 0.375 0.0195312 0.375 0.0195312 0.37207 0.0244141 0.363281 0.03125 0.356445 0.0283203 0.357422 0.0205078
0 0.0556641 0.0820312 0.0634766 0.0791016 0.0722656 0.0830078 0.0664062 0.0917969 0.0595703 0.0947266 0.0537109 0.0927734
0 0.0693359 0.0849609 0.0761719 0.0839844 0.0830078 0.0878906 0.0839844 0.0947266 0.0839844 0.0947266 0.0791016 0.100586 0.0732422 0.103516 0.0664062 0.0976562 0.0654297 0.0898438
0 0.295898 0.140625 0.293945 0.149414 0.289062 0.150391 0.286133 0.144531 0.280273 0.142578 0.283203 0.135742 0.285156 0.128906 0.290039 0.129883 0.290039 0.129883 0.290039 0.135742
1 0.15625 0.113281 0.162109 0.112305 0.162109 0.112305 0.166992 0.116211 0.170898 0.119141 0.172852 0.124023 0.177734 0.129883 0.178711 0.140625 0.182617 0.149414 0.186523 0.15332 0.186523 0.158203 0.189453 0.163086 0.195312 0.176758 0.196289 0.186523 0.198242 0.197266 0.203125 0.199219 0.208008 0.198242 0.212891 0.200195 0.213867 0.205078 0.21875 0.204102 0.229492 0.204102 0.245117 0.208008 0.249023 0.209961 0.250977 0.214844 0.248047 0.21875 0.242188 0.220703 0.237305 0.22168 0.232422 0.22168 0.227539 0.21875 0.222656 0.21875 0.217773 0.220703 0.212891 0.222656 0.211914 0.228516 0.208984 0.238281 0.204102 0.238281 0.199219 0.237305 0.195312 0.233398 0.194336 0.228516 0.192383 0.223633 0.188477 0.220703 0.186523 0.211914 0.183594 0.208008 0.177734 0.208008 0.176758 0.203125 0.179688 0.199219 0.179688 0.193359 0.175781 0.189453 0.174805 0.183594 0.170898 0.173828 0.166992 0.167969 0.166016 0.163086 0.165039 0.157227 0.163086 0.151367 0.160156 0.147461 0.15918 0.141602 0.157227 0.136719 0.152344 0.125977 0.152344 0.120117
0 0.102539 0.248047 0.109375 0.25 0.109375 0.25 0.109375 0.258789 0.102539 0.262695 0.09375 0.256836 0.0986328 0.251953
0 0.228516 0.273438 0.233398 0.277344 0.236328 0.285156 0.225586 0.288086 0.219727 0.282227 0.22168 0.275391
0 0.233398 0.293945 0.240234 0.297852 0.240234 0.304688 0.233398 0.310547 0.233398 0.310547 0.227539 0.302734 0.227539 0.294922
0 0.0878906 0.521484 0.0888672 0.53125 0.0830078 0.53125 0.0791016 0.527344
0 0.0888672 0.546875 0.0927734 0.553711 0.0878906 0.553711 0.0810547 0.545898
0 0.318359 0.938477 0.321289 0.94043 0.321289 0.94043 0.321289 0.949219 0.316406 0.950195 0.314453 0.942383
0 0.386719 0.709961 0.390625 0.708984 0.387695 0.710938 0.389648 0.714844 0.385742 0.713867 0.380859 0.712891
0 0.322266 0.650391 0.321289 0.657227 0.31543 0.657227 0.311523 0.65332 0.313477 0.648438
1 0.400391 0.432617 0.407227 0.4375 0.416992 0.450195 0.416992 0.450195 0.426758 0.456055 0.44043 0.464844 0.448242 0.475586 0.449219 0.484375 0.438477 0.488281 0.420898 0.489258 0.401367 0.492188 0.385742 0.480469 0.387695 0.464844 0.389648 0.451172 0.393555 0.44043 0.394531 0.433594
0 0.606445 0.09375 0.614258 0.0976562 0.614258 0.0976562 0.611328 0.101562 0.605469 0.101562 0.602539 0.0976562
0 0.618164 0.0859375 0.624023 0.0908203 0.625977 0.0957031 0.620117 0.0976562 0.613281 0.09375 0.611328 0.0878906 0.611328 0.0878906
0 0.628906 0.0820312 0.631836 0.0878906 0.629883 0.0927734 0.624023 0.0917969 0.624023 0.0917969 0.621094 0.0869141 0.621094 0.0869141 0.623047 0.0820312
0 0.639648 0.0771484 0.642578 0.0810547 0.638672 0.0839844 0.633789 0.0830078 0.633789 0.0771484
0 0.624023 0.110352 0.621094 0.115234 0.621094 0.115234 0.612305 0.114258 0.612305 0.106445 0.617188 0.103516
0 0.619141 0.101562 0.625977 0.0976562 0.631836 0.0957031 0.635742 0.103516 0.633789 0.108398 0.626953 0.108398 0.621094 0.107422
0 0.633789 0.0957031 0.633789 0.0878906 0.639648 0.0849609 0.645508 0.0888672 0.645508 0.0888672 0.647461 0.0976562 0.643555 0.103516 0.634766 0.102539 0.634766 0.102539
0 0.591797 0.0996094 0.591797 0.107422 0.581055 0.109375 0.576172 0.101562 0.576172 0.09375 0.582031 0.0908203 0.582031 0.0908203
0 0.608398 0.134766 0.618164 0.136719 0.620117 0.145508 0.620117 0.145508 0.619141 0.151367 0.608398 0.148438 0.608398 0.148438 0.603516 0.140625
0 0.726562 0.341797 0.734375 0.327148 0.751953 0.320312 0.758789 0.328125 0.776367 0.333008 0.782227 0.357422 0.771484 0.364258 0.751953 0.367188 0.739258 0.354492 0.727539 0.354492
0 0.849609 0.729492 0.849609 0.743164 0.838867 0.749023 0.830078 0.739258 0.830078 0.722656 0.830078 0.722656 0.841797 0.720703
0 0.737305 0.873047 0.734375 0.880859 0.734375 0.880859 0.726562 0.879883 0.720703 0.87793 0.72168 0.869141 0.728516 0.866211
0 0.727539 0.861328 0.728516 0.865234 0.723633 0.868164 0.71875 0.865234 0.720703 0.859375 0.724609 0.858398
0 0.719727 0.871094 0.716797 0.878906 0.708008 0.876953 0.705078 0.870117 0.712891 0.865234 0.719727 0.866211
0 0.724609 0.879883 0.730469 0.887695 0.725586 0.891602 0.717773 0.890625 0.710938 0.886719 0.714844 0.878906
0 0.695312 0.911133 0.699219 0.917969 0.696289 0.925781 0.6875 0.923828 0.685547 0.915039 0.688477 0.910156
0 0.867188 0.855469 0.875 0.858398 0.875 0.868164 0.868164 0.871094 0.863281 0.861328 0.863281 0.861328
0 0.493164 0.961914 0.488281 0.972656 0.475586 0.972656 0.470703 0.96582 0.478516 0.960938 0.481445 0.954102
1 0.521484 0.920898 0.52832 0.924805 0.530273 0.93457 0.530273 0.93457 0.526367 0.938477 0.538086 0.946289 0.545898 0.950195 0.551758 0.958008 0.552734 0.96875 0.549805 0.980469 0.541016 0.988281 0.541016 0.988281 0.529297 0.989258 0.533203 0.99707 0.533203 0.99707 0.524414 0.99707 0.514648 0.990234 0.513672 0.980469 0.501953 0.978516 0.501953 0.978516 0.495117 0.983398 0.489258 0.991211 0.483398 0.996094 0.473633 0.994141 0.478516 0.984375 0.481445 0.975586 0.487305 0.972656 0.494141 0.961914 0.506836 0.952148 0.506836 0.944336 0.504883 0.935547 0.510742 0.926758
0 0.670898 0.921875 0.674805 0.930664 0.666016 0.93457 0.658203 0.927734 0.663086 0.921875
