0 0.497247 0.223339 0.492616 0.22017 0.491955 0.215922 0.494496 0.212336 0.498361 0.210942 0.503479 0.2115 0.505708 0.213867 0.505256 0.219021 0.503027 0.222189 0.501251 0.222746
0 0.493521 0.231591 0.488821 0.230686 0.486104 0.226507 0.486104 0.221284 0.490423 0.218395 0.492999 0.220553 0.497456 0.224 0.500067 0.222851 0.49972 0.227517 0.496795 0.230859 0.494531 0.231938
0 0.514417 0.19373 0.508487 0.191906 0.50722 0.184202 0.509146 0.180908 0.514467 0.178476 0.520144 0.179084 0.522627 0.1803 0.523691 0.186736 0.521563 0.190437 0.518521 0.193528 0.515126 0.194896
0 0.540501 0.172144 0.535632 0.171402 0.533145 0.165581 0.533092 0.160977 0.536161 0.157165 0.540872 0.15436 0.547011 0.15436 0.550928 0.159864 0.551352 0.165157 0.547964 0.169868 0.543042 0.172673
0 0.551339 0.192617 0.545662 0.193143 0.544032 0.188779 0.545872 0.183733 0.550971 0.180895 0.555755 0.179423 0.558383 0.182472 0.557699 0.18715 0.554125 0.191303
0 0.563855 0.122667 0.558742 0.120145 0.559151 0.115167 0.563174 0.111621 0.56897 0.112712 0.571425 0.114621 0.571697 0.118167 0.569038 0.121576 0.564605 0.124509
0 0.608334 0.100477 0.603101 0.0941719 0.606001 0.0919023 0.611297 0.0888125 0.614261 0.0915869 0.614261 0.0941084 0.614261 0.0963779 0.610729 0.100035
0 0.657613 0.0746396 0.653252 0.0752705 0.650899 0.0720576 0.651531 0.0673516 0.656982 0.0648271 0.661229 0.0650566 0.663639 0.0680977 0.661745 0.0719424 0.659163 0.0748691
0 0.571233 0.175114 0.564833 0.17288 0.565135 0.167022 0.567852 0.163642 0.572441 0.163158 0.576729 0.164486 0.577694 0.169438 0.575158 0.173363 0.572683 0.175718
0 0.49261 0.278156 0.486987 0.276937 0.482531 0.272799 0.482214 0.268449 0.484282 0.264364 0.490117 0.260015 0.49468 0.257999 0.498499 0.260174 0.500037 0.265638 0.50062 0.270094 0.498711 0.273913 0.495051 0.27508 0.493459 0.275929
0 0.484494 0.280385 0.482638 0.282028 0.478925 0.279642 0.477651 0.275557 0.479826 0.272003 0.484282 0.273488 0.48651 0.277201 0.485661 0.280809
0 0.50375 0.26882 0.500355 0.266698 0.497278 0.2615 0.497066 0.257469 0.499029 0.252906 0.504068 0.25052 0.509639 0.250731 0.513882 0.254232 0.514466 0.258741 0.513511 0.264789 0.509691 0.267865 0.506773 0.26882
0 0.47201 0.291292 0.469717 0.291354 0.468105 0.28714 0.471267 0.282863 0.47548 0.281004 0.479633 0.284289 0.479013 0.288751 0.476968 0.290857 0.474736 0.292221
0 0.519347 0.280845 0.511717 0.280244 0.508533 0.274356 0.509734 0.268649 0.51394 0.265706 0.519947 0.263964 0.525054 0.268049 0.526256 0.274417 0.523853 0.279223 0.519768 0.281807
0 0.520718 0.265771 0.515026 0.26495 0.514146 0.26014 0.515613 0.256736 0.520424 0.256385 0.52371 0.259729 0.523182 0.263836 0.521715 0.266651
0 0.594759 0 0.595403 0.00522461 0.601311 0.0111309 0.610547 0.0131719 0.621071 0.0099502 0.625475 0
0 0.564766 0.0368018 0.547639 0.0346494 0.542648 0.0197734 0.544605 0.00411523 0.552826 0 0.570246 0 0.577879 0.00303906 0.582088 0.0124336 0.582675 0.0229053 0.577978 0.0321045 0.572203 0.0376826
0 0.588938 0.0306367 0.582772 0.0283857 0.579151 0.0160547 0.581794 0.00754102 0.585317 0.00274512 0.592853 0.00480078 0.598822 0.0192842 0.596376 0.0297559 0.591287 0.0322998
0 0.539129 0.0344707 0.529723 0.0334805 0.526555 0.0193223 0.529822 0.0135791 0.536258 0.00932129 0.542 0.0102129 0.543188 0.0155596 0.543188 0.0266484 0.542892 0.0341738 0.541505 0.0353613
0 0.531802 0.0562529 0.524574 0.0563516 0.518534 0.0423916 0.522396 0.0336787 0.530416 0.0355596 0.537644 0.0388271 0.53903 0.0470449 0.53606 0.0542725
0 0.506125 0.0663604 0.493674 0.0633994 0.493761 0.0520801 0.497069 0.0490332 0.507344 0.0470303 0.517444 0.0508613 0.518925 0.0566953 0.515529 0.0634873 0.510305 0.0684502
0 0.457 0.319367 0.453452 0.320067 0.452146 0.31666 0.453405 0.313532 0.457326 0.312973 0.458213 0.314793
0 0.317879 0.421271 0.312576 0.421987 0.309565 0.417782 0.310378 0.412766 0.31721 0.406698 0.321893 0.407271 0.323135 0.412049 0.323373 0.416015 0.321176 0.42084 0.319265 0.421079
0 0.223632 0.492255 0.219229 0.492507 0.215988 0.491186 0.216837 0.484265 0.218033 0.481622 0.223915 0.478822 0.229264 0.478225 0.232535 0.48008 0.23414 0.48288 0.232409 0.485963 0.228508 0.488763
0 0.238414 0.476856 0.234499 0.476656 0.232701 0.473101 0.234459 0.469784 0.237256 0.468146 0.240452 0.470584 0.241291 0.4741 0.239653 0.476816
0 0.253852 0.462128 0.250369 0.462896 0.24868 0.45967 0.250011 0.457468 0.253391 0.45547 0.256361 0.456853 0.257232 0.459977 0.255286 0.461462
0 0.254979 0.469298 0.251854 0.4694 0.250062 0.465815 0.253084 0.461923 0.256412 0.461257 0.258103 0.461667 0.258205 0.46474 0.256976 0.469042
0 0.18909 0.518661 0.185051 0.517741 0.181624 0.510275 0.183057 0.507054 0.187402 0.504395 0.194971 0.507872 0.196556 0.50915 0.197271 0.511196 0.195482 0.515951 0.191954 0.518866 0.189244 0.51902
0 0.194591 0.50699 0.190573 0.505861 0.189478 0.502342 0.191437 0.498888 0.194724 0.497593 0.198044 0.498224 0.199173 0.501512 0.198409 0.504566 0.196483 0.506857
0 0.164972 0.536068 0.158831 0.535216 0.154453 0.532885 0.154056 0.528849 0.160479 0.525153 0.165995 0.523731 0.170656 0.526745 0.172191 0.531577 0.170315 0.53442 0.169064 0.53749 0.166108 0.538911 0.164914 0.538002
0 0.134438 0.558328 0.128888 0.560157 0.125165 0.558264 0.127712 0.553234 0.133786 0.550491 0.137378 0.549643 0.13888 0.552124 0.138227 0.555847 0.135876 0.55761
0 0.114754 0.894523 0.107734 0.894523 0.106598 0.889622 0.110832 0.884014 0.1144 0.882877 0.117616 0.883112 0.120048 0.887857 0.119185 0.890798 0.116715 0.894053
0 0.108672 0.887011 0.104883 0.887809 0.10249 0.882258 0.105349 0.879666 0.108007 0.877672 0.111597 0.879034 0.112826 0.880331 0.112793 0.882258 0.1106 0.883754
0 0.0537471 0.915175 0.0469531 0.915255 0.0450234 0.911918 0.0498076 0.906813 0.0528633 0.906611 0.0558779 0.908501 0.0561191 0.911878
0 0.0572451 0.920039 0.0543105 0.920441 0.0527422 0.916943 0.054873 0.914049 0.0576875 0.912763 0.060542 0.914934 0.0604609 0.918432 0.0588936 0.92012
0 0.0490166 0.923032 0.0447559 0.92336 0.0425596 0.919493 0.0456406 0.916248 0.0491475 0.915854 0.0520313 0.917035 0.0527852 0.920443 0.0512773 0.921983
0 0.0534463 0.927795 0.0493936 0.9284 0.0467822 0.926103 0.0465527 0.924536 0.0486211 0.923115 0.0508564 0.921883 0.0532168 0.921402 0.0544072 0.921173 0.0553477 0.924724 0.0543447 0.927397 0.0533418 0.928024
0 0.0434561 0.929274 0.0386475 0.929483 0.0369756 0.926558 0.0383555 0.923715 0.0403203 0.922042 0.043915 0.921666 0.0464658 0.924593 0.0460898 0.926432 0.044292 0.928229
0 0.0488066 0.936466 0.0455459 0.937845 0.0426611 0.934793 0.0426611 0.930361 0.0472598 0.926892 0.0489326 0.927269 0.0510645 0.929651 0.0516494 0.932619 0.0502695 0.935629 0.0480957 0.936925
0 0.0303301 0.936497 0.0216445 0.936997 0.0172334 0.930813 0.0199619 0.9234 0.0237822 0.921535 0.029376 0.921581 0.0337412 0.92481 0.0356963 0.929494 0.0340137 0.934359 0.0318311 0.936725
0 0.0357422 0.97259 0.0306318 0.974293 0.0247813 0.969331 0.0259658 0.963406 0.0282617 0.958666 0.0346309 0.957703 0.0397412 0.961036 0.0415928 0.967775 0.0399629 0.973774
0 0.199815 0.957465 0.194295 0.958971 0.189204 0.955815 0.187556 0.950438 0.190495 0.946782 0.196589 0.943412 0.202038 0.944272 0.205694 0.94456 0.206124 0.951155 0.203974 0.955027 0.200962 0.958827
0 0.873646 0.0202363 0.864295 0.0190449 0.858153 0.0133613 0.859253 0.00593555 0.866771 0 0.87658 0.00199316 0.881164 0.00666895 0.881256 0.0120771 0.876946 0.0173945
0 0.849479 0.033917 0.843498 0.033667 0.842003 0.0266074 0.845574 0.020793 0.851555 0.021375 0.855542 0.0237002 0.855957 0.0284346 0.851804 0.033834
0 0.883947 0.0272715 0.877718 0.0276045 0.874562 0.021873 0.879545 0.0158096 0.886023 0.0158926 0.889263 0.0174707 0.890177 0.0222051 0.886854 0.0266904
0 0.793741 0.0461475 0.789218 0.0457705 0.785297 0.0410957 0.787936 0.0357432 0.792686 0.0334824 0.796982 0.0374775 0.797661 0.041624 0.795098 0.045167
0 0.79334 0.0327324 0.802492 0.026499 0.805693 0.0275664 0.808164 0.0314971 0.80749 0.0354844 0.803054 0.0390215 0.803503 0.0432891 0.800808 0.0475566 0.797102 0.043626 0.798169 0.0362139
0 0.815127 0.030374 0.808444 0.0308789 0.804683 0.0250957 0.808444 0.0197051 0.81479 0.0199854 0.817879 0.0220635 0.818384 0.0261621 0.817261 0.0289141
0 0.785371 0.0551445 0.780868 0.0542715 0.779054 0.0508438 0.780868 0.046542 0.786783 0.045333 0.789202 0.0451309 0.792092 0.0489619 0.790681 0.0532637 0.787858 0.0558174
0 0.796131 0.0908213 0.791215 0.090627 0.78908 0.0856465 0.792056 0.0811182 0.797554 0.0806006 0.801888 0.0833174 0.801436 0.0873926 0.79846 0.0908213
0 0.809509 0.123469 0.80516 0.123515 0.80021 0.119212 0.801181 0.113013 0.807011 0.110283 0.810619 0.110931 0.81358 0.11306 0.814644 0.118889 0.812053 0.122173
0 0.842005 0.164265 0.836039 0.164437 0.832367 0.162544 0.833858 0.153422 0.838104 0.151472 0.843496 0.150209 0.847397 0.152791 0.848774 0.155315 0.84711 0.161225 0.843268 0.162716
0 0.864563 0.159551 0.85763 0.155785 0.857152 0.150406 0.861635 0.145266 0.867851 0.142756 0.871975 0.145386 0.873828 0.151303 0.867074 0.159252
0 0.880642 0.162719 0.874725 0.163556 0.869704 0.159491 0.871557 0.153992 0.874664 0.150585 0.880761 0.150646 0.883988 0.15453 0.883151 0.160567 0.880821 0.162898
0 0.795115 0.284979 0.785745 0.287188 0.778496 0.285067 0.774076 0.278261 0.773281 0.269598 0.779558 0.259608 0.789192 0.255542 0.798386 0.255454 0.804928 0.260758 0.806519 0.270658 0.802629 0.280471 0.796618 0.285155
0 0.814764 0.246463 0.808198 0.24638 0.805704 0.235159 0.809112 0.229923 0.816094 0.224438 0.822327 0.227181 0.822909 0.23358 0.821745 0.241144 0.81626 0.24771
0 0.752024 0.395979 0.745597 0.395658 0.744118 0.390516 0.745146 0.386144 0.746946 0.384537 0.752347 0.382673 0.756011 0.384665 0.760446 0.388394 0.758711 0.391994 0.754146 0.396236
0 0.760125 0.385115 0.755175 0.385694 0.751768 0.381966 0.754789 0.376244 0.759996 0.373415 0.764753 0.374894 0.765589 0.380294 0.762567 0.384279
0 0.68038 0.444804 0.660755 0.439765 0.654125 0.429289 0.657308 0.415498 0.673353 0.405686 0.686082 0.401973 0.697221 0.412316 0.700138 0.425974 0.695895 0.437511 0.685552 0.444671
0 0.661684 0.461512 0.649616 0.461512 0.643914 0.449577 0.654125 0.437775 0.664601 0.437644 0.672424 0.444406 0.668977 0.45382 0.664733 0.460053
0 0.652666 0.489623 0.641793 0.490021 0.633306 0.481004 0.636224 0.469601 0.647229 0.464164 0.658235 0.467214 0.662744 0.471987 0.663672 0.482197 0.657705 0.487502
0 0.634499 0.467214 0.623229 0.467479 0.615007 0.458859 0.617924 0.446926 0.633571 0.445997 0.643384 0.451434 0.643384 0.460186 0.640864 0.467346
0 0.559955 0.625334 0.547511 0.625448 0.541519 0.615309 0.544515 0.605284 0.554654 0.602404 0.566407 0.603902 0.569749 0.615193 0.566638 0.623145 0.560531 0.62879
0 0.597313 0.561129 0.589028 0.560958 0.585611 0.554553 0.588174 0.54772 0.598594 0.544389 0.605171 0.547634 0.606708 0.553271 0.60184 0.559335 0.597996 0.56241
0 0.609816 0.540396 0.602067 0.535643 0.60124 0.527066 0.612296 0.520867 0.619735 0.51973 0.624179 0.522934 0.622318 0.533576 0.61581 0.539568
0 0.636252 0.609506 0.623665 0.610082 0.620398 0.599032 0.625299 0.589328 0.637117 0.584716 0.644611 0.58635 0.648743 0.593268 0.65028 0.599705 0.642689 0.608545 0.636828 0.610658
0 0.66322 0.589801 0.653947 0.590553 0.645761 0.583535 0.645259 0.573261 0.658541 0.563821 0.669066 0.564239 0.676919 0.569585 0.680261 0.576435 0.678089 0.581447 0.672408 0.586209 0.665809 0.589467
0 0.541952 0.645132 0.533854 0.644606 0.531541 0.636509 0.53701 0.63083 0.544161 0.628096 0.548999 0.634721 0.548473 0.640399 0.544582 0.645027
0 0.528071 0.667427 0.520709 0.668374 0.518396 0.657016 0.522182 0.655333 0.528597 0.655438 0.533014 0.660696 0.529648 0.667322 0.527755 0.66585
0 0.463007 0.758874 0.451679 0.756101 0.447633 0.745697 0.45191 0.737259 0.462313 0.730786 0.473294 0.732636 0.478495 0.738762 0.476646 0.746969 0.470866 0.754598
0 0.435129 0.798283 0.420956 0.798824 0.416082 0.791332 0.416082 0.782124 0.420054 0.776257 0.429713 0.769667 0.43883 0.768223 0.44533 0.772826 0.447406 0.782756 0.444427 0.790609 0.436754 0.796207
0 0.450229 0.803468 0.442104 0.802682 0.440399 0.795735 0.444725 0.789312 0.451934 0.788067 0.455342 0.78833 0.458684 0.795211 0.455473 0.801175 0.451344 0.802223
0 0.436231 0.819834 0.428068 0.819608 0.427168 0.812403 0.430489 0.80728 0.436118 0.805254 0.44096 0.80773 0.442255 0.81336 0.438765 0.81792
0 0.420429 0.826021 0.409156 0.825316 0.405105 0.819328 0.403872 0.815747 0.404166 0.810757 0.407688 0.806705 0.414558 0.803711 0.420076 0.803946 0.424891 0.808408 0.426476 0.814573 0.426887 0.820209 0.423951 0.824318 0.421662 0.825199
0 0.399397 0.841708 0.386818 0.839008 0.38291 0.831546 0.382555 0.826429 0.385823 0.820104 0.389021 0.817332 0.394778 0.816977 0.399185 0.819678 0.403164 0.819394 0.407996 0.821027 0.410839 0.827921 0.411336 0.834602 0.405793 0.839789 0.401032 0.840997
0 0.389019 0.866118 0.378615 0.866512 0.372468 0.856108 0.373334 0.849725 0.378143 0.843577 0.389019 0.841606 0.396664 0.844129 0.401314 0.850118 0.399265 0.857055 0.396428 0.862256 0.392802 0.865409 0.389491 0.865094
0 0.374832 0.886768 0.3623 0.886847 0.354183 0.880463 0.353788 0.874866 0.357256 0.868246 0.363719 0.863518 0.369394 0.861783 0.377275 0.866591 0.381688 0.873842 0.381059 0.880068 0.377433 0.88535
0 0.354122 0.917893 0.339098 0.916003 0.332891 0.903408 0.33424 0.896391 0.336309 0.891354 0.343776 0.887125 0.35817 0.886675 0.363298 0.889914 0.365907 0.893962 0.367886 0.905117 0.363118 0.913394 0.356371 0.917982
0 0.313224 0.970687 0.301935 0.966632 0.301276 0.958083 0.307634 0.949096 0.321772 0.951068 0.324841 0.959288 0.320457 0.965974 0.31673 0.970029
0 0.29744 0.996882 0.284508 0.993374 0.278699 0.982085 0.281439 0.972659 0.291413 0.968495 0.301605 0.967618 0.307305 0.974961 0.3084 0.982853 0.303688 0.990415 0.297551 0.996882
0 0.411728 0.918101 0.401783 0.917087 0.398192 0.91009 0.403625 0.901987 0.410346 0.902355 0.414397 0.910458 0.420197 0.91055 0.413937 0.919758
0 0.453165 0.826535 0.446024 0.823475 0.442642 0.817892 0.447688 0.811342 0.455044 0.810268 0.46009 0.813328 0.460896 0.817301 0.45907 0.823367 0.45542 0.825461
0 0.626812 0.78025 0.617041 0.779078 0.613134 0.772903 0.612742 0.767433 0.616729 0.759069 0.626264 0.754614 0.631892 0.755553 0.636269 0.764462 0.635564 0.772122 0.632751 0.778531 0.629547 0.779391
0 0.632854 0.750109 0.625591 0.750669 0.621121 0.744442 0.623355 0.73678 0.631018 0.730954 0.637563 0.729357 0.644746 0.73255 0.640437 0.73718 0.646423 0.743564 0.640037 0.744683 0.637164 0.744044 0.636605 0.746199 0.635009 0.748753
0 0.660496 0.730395 0.650568 0.727859 0.648175 0.720537 0.647893 0.714553 0.652188 0.709483 0.661834 0.705752 0.66627 0.70892 0.670354 0.710539 0.672395 0.718495 0.671058 0.722649 0.665988 0.727578 0.661834 0.728846
0 0.552528 0.976674 0.545255 0.977295 0.540033 0.974187 0.537981 0.967846 0.540282 0.962313 0.546126 0.958396 0.552964 0.956034 0.557191 0.955972 0.559678 0.963121 0.558621 0.97052 0.555762 0.975928 0.552528 0.977979
0 0.554026 0.945869 0.545893 0.947643 0.542223 0.940793 0.543813 0.936635 0.549195 0.933026 0.555739 0.933699 0.559286 0.938897 0.558308 0.942628 0.555861 0.945992
0 0.477448 0.986309 0.469729 0.985299 0.467276 0.973611 0.470812 0.971375 0.477737 0.970076 0.482643 0.974982 0.483292 0.978156 0.482427 0.982269 0.479541 0.986021
0 0.668347 0.875963 0.657937 0.872786 0.650975 0.869339 0.650366 0.86312 0.653881 0.857712 0.657126 0.854603 0.663412 0.852912 0.66997 0.852507 0.675851 0.85805 0.676594 0.862714 0.675851 0.86704 0.673214 0.869406 0.672809 0.86988 0.672538 0.874679
0 0.657059 0.904422 0.650163 0.90503 0.644215 0.900028 0.645972 0.89408 0.649689 0.890159 0.655706 0.888267 0.661385 0.893403 0.662669 0.898744 0.660708 0.902124 0.658748 0.903746
0 0.646588 0.924463 0.637553 0.920068 0.636314 0.913879 0.641946 0.90899 0.649436 0.911156 0.654015 0.914561 0.653953 0.919388 0.650302 0.923225
0 0.643791 0.941798 0.636713 0.93991 0.637387 0.932293 0.642779 0.930945 0.6477 0.932698 0.649048 0.936405 0.648913 0.939438 0.646284 0.941461
0 0.640378 0.952986 0.633788 0.952883 0.632388 0.945774 0.634671 0.941779 0.639133 0.940586 0.642661 0.94401 0.644062 0.949562 0.642558 0.953453
0 0.627776 0.966134 0.622301 0.96732 0.619426 0.96335 0.620247 0.959472 0.623897 0.956277 0.628051 0.955775 0.632248 0.959197 0.632431 0.96335 0.629876 0.965677
0 0.625951 0.974849 0.62011 0.974758 0.616187 0.971198 0.617875 0.967457 0.62367 0.967365 0.627822 0.96878 0.628689 0.971107 0.628689 0.973389 0.626772 0.974393
0 0.61923 0.98505 0.614609 0.984295 0.614326 0.977552 0.616731 0.975335 0.623286 0.974863 0.624654 0.976278 0.625173 0.979391 0.621919 0.984106
0 0.615835 0.991604 0.610695 0.989671 0.609987 0.985852 0.613619 0.982975 0.618335 0.985097 0.619325 0.987785 0.618807 0.989624 0.616543 0.990992
0 0.612534 0.996038 0.607818 0.994858 0.606262 0.991746 0.608903 0.9892 0.614326 0.990143 0.616165 0.993444 0.614939 0.995095
0 0.599519 1 0.601499 0.995613 0.606733 0.993727 0.613383 0.99618 0.615364 0.997782 0.614043 0.999622 0.613006 1
0 0.659366 0.984786 0.649581 0.98155 0.644687 0.976184 0.649344 0.969002 0.66134 0.961899 0.665838 0.963636 0.669469 0.967345 0.667969 0.974132 0.66718 0.980445 0.664022 0.98376
0 0.740454 0.892836 0.734178 0.891895 0.732546 0.88587 0.734868 0.880284 0.739073 0.878777 0.744848 0.881665 0.746228 0.88838 0.743216 0.892836
0 0.759616 0.910185 0.749663 0.909285 0.748699 0.904533 0.754672 0.899396 0.762635 0.900358 0.764946 0.906588
0 0.756148 0.920651 0.750305 0.917377 0.747094 0.913202 0.750626 0.908964 0.756277 0.909156 0.761864 0.910891 0.763662 0.915258 0.763021 0.919367 0.75814 0.920138
0 0.7548 0.930156 0.747029 0.928037 0.742277 0.919303 0.745039 0.916991 0.749021 0.915578 0.755827 0.919239 0.759359 0.922129 0.760066 0.925597 0.757497 0.928551
0 0.737523 0.934822 0.732138 0.932786 0.733254 0.927137 0.737983 0.924509 0.742647 0.924575 0.744158 0.93029
0 0.746655 0.93883 0.743042 0.937516 0.741334 0.932786 0.745341 0.928845 0.750334 0.928976 0.753553 0.933246 0.751976 0.938173 0.746721 0.940406
0 0.740652 0.946373 0.735239 0.944711 0.734429 0.939852 0.73558 0.937081 0.739885 0.93576 0.743764 0.93755 0.745895 0.941045 0.744744 0.944924 0.741249 0.946288
0 0.739715 0.953491 0.734812 0.954387 0.732682 0.949485 0.73379 0.946928 0.736986 0.945436 0.741377 0.946288 0.743721 0.948803 0.741803 0.952469 0.741164 0.952853
0 0.734882 0.96681 0.729911 0.964937 0.729604 0.960273 0.73352 0.957891 0.737265 0.959524 0.739034 0.962656 0.738388 0.965312 0.735426 0.967933
0 0.740464 0.959252 0.735698 0.958707 0.731511 0.957073 0.731001 0.952818 0.732056 0.952035 0.734507 0.952988 0.737026 0.955235 0.740702 0.953566 0.742983 0.953873 0.743324 0.956324 0.741689 0.959252
0 0.832324 0.744769 0.817238 0.737062 0.819084 0.72621 0.825704 0.719155 0.839487 0.72035 0.844263 0.72621 0.846325 0.731962 0.842635 0.742056 0.835146 0.748024 0.828526 0.748241
0 0.841115 0.714923 0.831022 0.70993 0.832976 0.70179 0.838619 0.695062 0.844806 0.693542 0.851644 0.694845 0.854899 0.701248 0.852077 0.708302 0.848496 0.712427
0 0.752341 0.563483 0.730513 0.553028 0.733447 0.535052 0.754726 0.518909 0.766649 0.522028 0.774903 0.524963 0.78059 0.546241 0.769033 0.558715 0.758027 0.565135
0 0.736394 0.527348 0.717514 0.525896 0.715255 0.51105 0.727519 0.500399 0.740751 0.501528 0.750917 0.510727 0.750271 0.521377 0.74414 0.527025
1 0.677946 0.630679 0.660757 0.644063 0.649062 0.638146 0.647091 0.626874 0.649204 0.613489 0.653712 0.597005 0.664702 0.588833 0.679496 0.583197 0.690345 0.583057 0.69429 0.564177 0.707393 0.558682 0.71627 0.570517 0.723032 0.582634 0.718523 0.58672 0.718664 0.591369 0.723877 0.603486 0.723455 0.610812 0.714297 0.620816 0.699362 0.621238 0.689922 0.622507 0.686399 0.626452
1 0.712735 0.527979 0.721054 0.537098 0.718015 0.546696 0.700577 0.547656 0.684261 0.543337 0.673063 0.5259 0.663784 0.519501 0.656745 0.507503 0.659146 0.494865 0.670983 0.471189 0.679461 0.460312 0.68842 0.451354 0.695459 0.440476 0.706496 0.431197 0.734172 0.435036 0.738453 0.44455 0.737733 0.456184 0.721662 0.457022 0.715306 0.461101 0.720224 0.471654 0.722022 0.482448 0.719384 0.487006 0.709789 0.490124 0.705951 0.494202 0.707631 0.501638 0.70799 0.512191 0.704752 0.519507 0.704152 0.521426 0.707631 0.525624
0 0.992023 0.257732 0.977054 0.256235 0.967074 0.241266 0.97386 0.232684 0.979448 0.22939 0.987832 0.228292 0.99851 0.23398 1 0.240866 1 0.248352 0.99871 0.256535
0 0.997013 0.231286 0.98863 0.228292 0.987532 0.221307 0.996414 0.218512 1 0.220907 1 0.225198 1 0.22959
0 0.932538 0.0748135 0.92527 0.0669092 0.928177 0.0600039 0.935809 0.0572783 0.942805 0.0597314 0.944713 0.0671816 0.940806 0.0738145 0.933265 0.0774482
0 0.924905 0.0903506 0.915911 0.0899873 0.911096 0.0842627 0.914548 0.0740869 0.921453 0.0720879 0.929085 0.071543 0.932901 0.0779941 0.931356 0.0865342 0.926359 0.0916221
0 0.944368 0.0514912 0.937529 0.0462188 0.939342 0.0411104 0.945439 0.0394629 0.949559 0.0411924 0.950465 0.0468779 0.947416 0.0496787
0 0.972819 0.0240605 0.965103 0.0217334 0.964919 0.0159766 0.969696 0.0118125 0.975085 0.0105879 0.979801 0.0151191 0.980352 0.018916 0.9768 0.0232031
0 0.975914 0.64947 0.965869 0.647696 0.966122 0.641028 0.970765 0.635879 0.977518 0.635288 0.983004 0.638834 0.982751 0.646431 0.978193 0.650566
0 0.968401 0.636386 0.963843 0.634528 0.965193 0.626679 0.972031 0.622796 0.978277 0.624906 0.980472 0.629464 0.97853 0.632081 0.976336 0.635035
0 0.990602 0.647021 0.985368 0.646684 0.981569 0.640437 0.982498 0.634106 0.9879 0.628535 0.993978 0.629211 0.997186 0.634697 0.997101 0.64221 0.994906 0.644911
0 0.425781 0.111328 0.417969 0.102539 0.427734 0.0898438 0.439453 0.0878906 0.439453 0.0878906 0.450195 0.0742188 0.450195 0.0742188 0.458984 0.0742188 0.476562 0.0742188 0.481445 0.0830078 0.469727 0.0986328 0.458008 0.110352 0.441406 0.116211
0 0.389648 0.131836 0.374023 0.125977 0.361328 0.114258 0.364258 0.106445 0.364258 0.106445 0.375977 0.0996094 0.389648 0.09375 0.40332 0.0966797 0.40332 0.0966797 0.410156 0.104492 0.412109 0.121094 0.404297 0.131836
0 0.740234 0.0273438 0.734375 0.0263672 0.735352 0.0205078 0.740234 0.0175781 0.743164 0.0175781 0.745117 0.0205078 0.746094 0.0244141 0.744141 0.0273438
0 0.969727 0.0839844 0.966797 0.0771484 0.969727 0.0683594 0.976562 0.0664062 0.983398 0.0664062 0.983398 0.0722656 0.984375 0.0810547 0.977539 0.0859375 0.977539 0.0859375
0 0.959961 0.235352 0.954102 0.224609 0.956055 0.214844 0.961914 0.211914 0.969727 0.208984 0.976562 0.21582 0.976562 0.224609 0.97168 0.232422 0.964844 0.237305
0 0.925781 0.331055 0.917969 0.329102 0.914062 0.321289 0.915039 0.311523 0.917969 0.308594 0.927734 0.305664 0.933594 0.307617 0.939453 0.3125 0.945312 0.319336 0.943359 0.327148 0.943359 0.327148 0.936523 0.333008
0 0.882812 0.450195 0.873047 0.451172 0.870117 0.445312 0.870117 0.438477 0.875977 0.429688 0.881836 0.426758 0.885742 0.426758 0.891602 0.429688 0.894531 0.43457 0.896484 0.444336 0.891602 0.451172
0 0.891602 0.427734 0.887695 0.420898 0.889648 0.414062 0.894531 0.411133 0.900391 0.411133 0.90332 0.416016 0.902344 0.422852 0.899414 0.428711
1 0.760742 0.333984 0.75293 0.330078 0.746094 0.323242 0.74707 0.314453 0.749023 0.307617 0.751953 0.302734 0.756836 0.301758 0.763672 0.300781 0.768555 0.302734 0.775391 0.305664 0.777344 0.30957 0.77832 0.313477 0.776367 0.319336 0.772461 0.326172 0.766602 0.330078
1 0.714844 0.381836 0.708008 0.384766 0.704102 0.381836 0.703125 0.371094 0.703125 0.371094 0.707031 0.366211 0.711914 0.362305 0.719727 0.360352 0.727539 0.359375 0.732422 0.358398 0.739258 0.363281 0.735352 0.369141 0.727539 0.37793
0 0.736328 0.358398 0.728516 0.358398 0.731445 0.352539 0.737305 0.348633 0.745117 0.34668 0.745117 0.34668 0.751953 0.349609 0.75 0.355469 0.745117 0.359375
0 0.978516 0.570312 0.973633 0.569336 0.969727 0.561523 0.97168 0.550781 0.977539 0.543945 0.985352 0.544922 0.991211 0.546875 0.993164 0.553711 0.993164 0.5625 0.989258 0.568359 0.989258 0.568359
0 0.986328 0.585938 0.979492 0.582031 0.976562 0.575195 0.981445 0.570312 0.989258 0.569336 0.992188 0.571289 0.993164 0.576172 0.993164 0.580078 0.991211 0.586914
1 0.881836 0.598633 0.878906 0.589844 0.878906 0.589844 0.875977 0.575195 0.873047 0.567383 0.875 0.556641 0.881836 0.554688 0.890625 0.554688 0.894531 0.55957 0.898438 0.569336 0.901367 0.582031 0.898438 0.594727 0.891602 0.600586
1 0.667969 0.704102 0.667969 0.695312 0.673828 0.689453 0.676758 0.680664 0.677734 0.671875 0.678711 0.664062 0.68457 0.657227 0.69043 0.655273 0.696289 0.65332 0.703125 0.654297 0.706055 0.661133 0.706055 0.671875 0.703125 0.678711 0.697266 0.685547 0.695312 0.692383 0.688477 0.699219 0.679688 0.706055 0.669922 0.709961
0 0.709961 0.65625 0.705078 0.652344 0.708008 0.645508 0.713867 0.643555 0.717773 0.644531 0.71875 0.652344 0.716797 0.65625
0 0.717773 0.668945 0.713867 0.663086 0.716797 0.658203 0.724609 0.654297 0.730469 0.65625 0.733398 0.661133 0.730469 0.668945 0.724609 0.672852
0 0.739258 0.711914 0.735352 0.706055 0.733398 0.696289 0.736328 0.691406 0.741211 0.685547 0.741211 0.685547 0.74707 0.68457 0.753906 0.688477 0.757812 0.692383 0.762695 0.695312 0.765625 0.698242 0.767578 0.706055 0.766602 0.716797 0.759766 0.720703 0.759766 0.720703 0.753906 0.72168 0.744141 0.723633 0.739258 0.720703
0 0.800781 0.679688 0.794922 0.677734 0.792969 0.668945 0.797852 0.664062 0.807617 0.664062 0.807617 0.664062 0.811523 0.667969 0.8125 0.676758 0.807617 0.680664
0 0.850586 0.672852 0.844727 0.666992 0.845703 0.661133 0.851562 0.65625 0.858398 0.657227 0.862305 0.660156 0.864258 0.665039 0.863281 0.670898 0.857422 0.674805
1 0.745117 0.632812 0.740234 0.628906 0.741211 0.619141 0.743164 0.602539 0.741211 0.592773 0.738281 0.584961 0.732422 0.578125 0.733398 0.568359 0.736328 0.5625 0.745117 0.5625 0.745117 0.5625 0.75293 0.564453 0.764648 0.56543 0.768555 0.566406 0.774414 0.570312 0.779297 0.574219 0.775391 0.584961 0.769531 0.59375 0.764648 0.602539 0.758789 0.611328 0.754883 0.617188
0 0.994141 0.773438 0.988281 0.772461 0.988281 0.765625 0.993164 0.759766 0.99707 0.756836 1 0.757812 1 0.770508 1 0.774414
1 0.96875 0.757812 0.964844 0.75 0.959961 0.745117 0.961914 0.735352 0.96582 0.737305 0.972656 0.738281 0.981445 0.736328 0.984375 0.739258 0.984375 0.744141 0.984375 0.749023 0.976562 0.753906 0.975586 0.756836
0 0.886719 0.770508 0.881836 0.770508 0.881836 0.763672 0.885742 0.758789 0.892578 0.754883 0.902344 0.756836 0.902344 0.756836 0.902344 0.761719 0.898438 0.766602
1 0.97168 0.842773 0.963867 0.838867 0.962891 0.831055 0.966797 0.827148 0.978516 0.826172 0.988281 0.830078 0.999023 0.835938 1 0.848633 0.991211 0.848633 0.976562 0.844727
1 0.791992 0.989258 0.786133 0.987305 0.780273 0.980469 0.783203 0.972656 0.796875 0.967773 0.796875 0.967773 0.808594 0.96582 0.817383 0.970703 0.818359 0.975586 0.825195 0.983398 0.832031 0.990234 0.831055 0.995117 0.825195 0.998047 0.814453 0.995117 0.802734 0.989258
1 0.320312 0.998047 0.327148 0.988281 0.332031 0.979492 0.341797 0.966797 0.350586 0.962891 0.355469 0.96582 0.359375 0.976562 0.361328 0.981445 0.37207 0.988281 0.37793 0.992188 0.381836 0.996094 0.384766 1
0 0.0859375 0.916016 0.0820312 0.911133 0.0839844 0.905273 0.0898438 0.900391 0.0966797 0.899414 0.101562 0.902344 0.103516 0.908203 0.0996094 0.915039 0.0927734 0.916016
0 0.0292969 0.879883 0.0234375 0.876953 0.0185547 0.875 0.0185547 0.867188 0.0234375 0.861328 0.0253906 0.858398 0.03125 0.859375 0.0380859 0.864258 0.0410156 0.868164 0.0419922 0.874023 0.0390625 0.878906
1 0.144531 0.847656 0.141602 0.841797 0.137695 0.832031 0.132812 0.826172 0.126953 0.822266 0.129883 0.816406 0.134766 0.813477 0.134766 0.813477 0.139648 0.816406 0.145508 0.820312 0.150391 0.828125 0.15332 0.836914 0.155273 0.84668 0.151367 0.851562
0 0.314453 0.825195 0.30957 0.820312 0.308594 0.813477 0.316406 0.807617 0.327148 0.805664 0.330078 0.808594 0.332031 0.813477 0.327148 0.820312 0.327148 0.820312 0.322266 0.825195
0 0.396484 0.905273 0.385742 0.902344 0.383789 0.895508 0.385742 0.887695 0.392578 0.880859 0.398438 0.874023 0.402344 0.870117 0.411133 0.869141 0.416992 0.869141 0.420898 0.871094 0.423828 0.87793 0.421875 0.886719 0.419922 0.892578 0.416016 0.898438 0.405273 0.902344
0 0.355469 0.767578 0.348633 0.764648 0.34668 0.759766 0.34668 0.759766 0.349609 0.753906 0.355469 0.748047 0.363281 0.745117 0.37207 0.742188 0.379883 0.74707 0.381836 0.750977 0.379883 0.754883 0.373047 0.753906 0.368164 0.757812 0.363281 0.764648
1 0 0.669922 0 0.655273 0.00195312 0.648438 0.0117188 0.640625 0.0195312 0.637695 0.0195312 0.637695 0.0273438 0.629883 0.0332031 0.623047 0.0332031 0.623047 0.0478516 0.610352 0.0478516 0.610352 0.0566406 0.604492 0.0683594 0.597656 0.0791016 0.588867 0.0791016 0.588867 0.0869141 0.583008 0.0966797 0.577148 0.108398 0.572266 0.117188 0.566406 0.118164 0.569336 0.118164 0.574219 0.0986328 0.59082 0.0859375 0.59668 0.0654297 0.614258 0.0595703 0.619141 0.046875 0.629883 0.0341797 0.640625 0.0224609 0.648438 0.0126953 0.657227 0.0078125 0.666992
1 0.139648 0.554688 0.137695 0.546875 0.142578 0.540039 0.148438 0.53418 0.155273 0.533203 0.162109 0.538086 0.160156 0.543945 0.148438 0.552734
1 0.171875 0.53125 0.168945 0.521484 0.167969 0.516602 0.176758 0.508789 0.181641 0.512695 0.185547 0.521484 0.18457 0.527344
1 0.198242 0.507812 0.200195 0.499023 0.198242 0.493164 0.207031 0.488281 0.211914 0.486328 0.214844 0.491211 0.216797 0.496094 0.211914 0.499023 0.207031 0.505859
0 0.169922 0.411133 0.164062 0.402344 0.165039 0.392578 0.169922 0.390625 0.180664 0.387695 0.191406 0.388672 0.191406 0.388672 0.193359 0.397461 0.191406 0.40332 0.18457 0.408203
