0 0.152344 0.00585938 0.160156 0.0136719 0.157227 0.0205078 0.144531 0.0244141 0.136719 0.0166016 0.146484 0.00976562
0 0.177734 0 0.179688 0.00878906 0.186523 0.0166016 0.197266 0.0126953 0.202148 0
0 0.110352 0.0078125 0.115234 0.0117188 0.107422 0.015625 0.105469 0.00976562
0 0.114258 0.0117188 0.117188 0.0205078 0.117188 0.0205078 0.114258 0.0273438 0.107422 0.0205078 0.110352 0.0136719
1 0.0712891 0.0078125 0.0761719 0.0175781 0.0810547 0.0283203 0.0859375 0.0371094 0.0908203 0.046875 0.0917969 0.0527344 0.0966797 0.0566406 0.103516 0.0478516 0.110352 0.0439453 0.120117 0.0429688 0.120117 0.0429688 0.131836 0.0439453 0.141602 0.0517578 0.140625 0.0625 0.132812 0.0605469 0.126953 0.0664062 0.125 0.0546875 0.115234 0.0546875 0.107422 0.0595703 0.103516 0.0683594 0.103516 0.0771484 0.0947266 0.0800781 0.0898438 0.0732422 0.0898438 0.0732422 0.0830078 0.0791016 0.0742188 0.0742188 0.0673828 0.0693359 0.0595703 0.0625 0.0634766 0.0527344 0.0693359 0.046875 0.0742188 0.0478516 0.0810547 0.0410156 0.0751953 0.0332031 0.0664062 0.0322266 0.0703125 0.0234375 0.0654297 0.0146484
0 0.0595703 0.0644531 0.0654297 0.0703125 0.0664062 0.0791016 0.0566406 0.0751953 0.0488281 0.0693359 0.0498047 0.0576172
0 0.0498047 0.0683594 0.0507812 0.0761719 0.0419922 0.0771484 0.0419922 0.0683594
0 0.0703125 0.0761719 0.0742188 0.0839844 0.0683594 0.0859375 0.0654297 0.0771484
0 0.0996094 0.0878906 0.102539 0.0966797 0.0966797 0.0996094 0.0966797 0.0996094 0.0898438 0.0927734 0.0927734 0.0869141
0 0.0742188 0.129883 0.078125 0.139648 0.0751953 0.144531 0.0625 0.141602 0.0615234 0.130859 0.0703125 0.129883
0 0.148438 0.121094 0.148438 0.121094 0.135742 0.120117 0.134766 0.110352 0.145508 0.103516 0.151367 0.111328
0 0.144531 0.124023 0.142578 0.128906 0.135742 0.126953 0.135742 0.120117
0 0.161133 0.0576172 0.163086 0.0693359 0.15625 0.0761719 0.145508 0.0732422 0.143555 0.0605469 0.15332 0.0566406
0 0.186523 0.0410156 0.185547 0.0517578 0.175781 0.0556641 0.169922 0.0458984 0.177734 0.0371094
0 0.182617 0.0839844 0.188477 0.0888672 0.188477 0.101562 0.176758 0.104492 0.172852 0.0947266
0 0.175781 0.104492 0.173828 0.112305 0.163086 0.119141 0.15332 0.114258 0.158203 0.102539 0.167969 0.0996094
0 0.226562 0.0595703 0.231445 0.0634766 0.234375 0.0712891 0.225586 0.078125 0.217773 0.0722656 0.22168 0.0625
0 0.249023 0.03125 0.249023 0.0390625 0.244141 0.0429688 0.240234 0.0332031
0 0.254883 0 0.25293 0.0078125 0.255859 0.0185547 0.271484 0.0185547 0.280273 0.0078125 0.28125 0
0 0.249023 0.0761719 0.25 0.0810547 0.245117 0.0830078 0.242188 0.0761719
0 0.270508 0.0722656 0.279297 0.0742188 0.276367 0.0820312 0.269531 0.0771484
0 0.270508 0.078125 0.271484 0.0859375 0.263672 0.0849609 0.260742 0.0791016 0.264648 0.0742188
0 0.258789 0.106445 0.269531 0.104492 0.274414 0.115234 0.266602 0.121094 0.255859 0.117188
0 0.260742 0.118164 0.264648 0.12207 0.256836 0.130859 0.24707 0.126953 0.249023 0.117188
0 0.34668 0.123047 0.34375 0.132812 0.333008 0.12793 0.333008 0.120117
0 0.333008 0.113281 0.333984 0.119141 0.326172 0.120117 0.326172 0.113281
0 0.338867 0.131836 0.339844 0.140625 0.331055 0.146484 0.320312 0.141602 0.321289 0.131836 0.321289 0.131836 0.329102 0.125977
0 0.318359 0.160156 0.314453 0.167969 0.314453 0.167969 0.305664 0.168945 0.305664 0.168945 0.306641 0.15918 0.310547 0.15918
0 0.28418 0.146484 0.286133 0.15332 0.280273 0.15625 0.274414 0.149414 0.27832 0.144531
0 0.199219 0.140625 0.202148 0.148438 0.199219 0.154297 0.189453 0.152344 0.186523 0.142578
0 0.246094 0.117188 0.244141 0.128906 0.233398 0.126953 0.234375 0.118164
0 0.193359 0.162109 0.188477 0.173828 0.180664 0.178711 0.177734 0.168945 0.186523 0.162109
0 0.15332 0.157227 0.157227 0.165039 0.154297 0.177734 0.142578 0.179688 0.131836 0.173828 0.132812 0.161133 0.143555 0.15625
0 0.157227 0.170898 0.166992 0.175781 0.169922 0.183594 0.165039 0.188477 0.157227 0.183594 0.154297 0.174805
0 0.359375 0.171875 0.366211 0.177734 0.362305 0.1875 0.352539 0.181641 0.351562 0.173828
0 0.353516 0.181641 0.356445 0.195312 0.350586 0.198242 0.34375 0.204102 0.332031 0.196289 0.332031 0.185547 0.339844 0.177734 0.339844 0.177734 0.345703 0.176758
0 0.363281 0.202148 0.367188 0.212891 0.367188 0.212891 0.360352 0.217773 0.351562 0.211914 0.351562 0.211914 0.354492 0.204102
0 0.1875 0.201172 0.191406 0.206055 0.1875 0.211914 0.182617 0.213867 0.179688 0.203125
0 0.151367 0.237305 0.148438 0.246094 0.140625 0.244141 0.140625 0.236328 0.146484 0.234375
0 0.102539 0.234375 0.108398 0.237305 0.105469 0.246094 0.0986328 0.240234
0 0.106445 0.239258 0.114258 0.242188 0.114258 0.242188 0.112305 0.249023 0.105469 0.25
0 0.117188 0.24707 0.119141 0.25293 0.113281 0.255859 0.113281 0.24707
0 0.121094 0.250977 0.12793 0.253906 0.12793 0.253906 0.12793 0.259766 0.125 0.261719 0.120117 0.265625 0.115234 0.258789
0 0.100586 0.259766 0.0927734 0.266602 0.0859375 0.266602 0.0820312 0.259766 0.0908203 0.25293 0.0976562 0.25293
0 0.101562 0.259766 0.110352 0.261719 0.114258 0.268555 0.109375 0.274414 0.103516 0.279297 0.0947266 0.275391 0.0957031 0.265625 0.0957031 0.265625
0 0.0380859 0.302734 0.0400391 0.30957 0.0371094 0.3125 0.0322266 0.30957 0.0322266 0.304688
0 0.109375 0.291016 0.114258 0.289062 0.114258 0.299805 0.107422 0.304688 0.102539 0.299805 0.104492 0.293945
0 0.102539 0.303711 0.101562 0.30957 0.0976562 0.3125 0.09375 0.306641
0 0.0839844 0.330078 0.0859375 0.337891 0.0820312 0.341797 0.0761719 0.337891 0.0771484 0.332031
0 0.0664062 0.324219 0.0644531 0.333984 0.0556641 0.333984 0.0546875 0.325195
1 0.262695 0.248047 0.261719 0.255859 0.267578 0.263672 0.264648 0.267578 0.257812 0.269531 0.251953 0.275391 0.254883 0.279297 0.254883 0.291016 0.249023 0.297852 0.241211 0.300781 0.239258 0.307617 0.230469 0.30957 0.21582 0.304688 0.220703 0.293945 0.224609 0.294922 0.225586 0.286133 0.235352 0.275391 0.242188 0.261719 0.248047 0.251953 0.248047 0.251953 0.254883 0.246094
0 0.34082 0.219727 0.338867 0.225586 0.333008 0.225586 0.332031 0.21875
0 0.344727 0.229492 0.339844 0.239258 0.333984 0.240234 0.333984 0.230469 0.333984 0.230469
0 0.369141 0.254883 0.369141 0.261719 0.361328 0.262695 0.359375 0.254883
0 0.344727 0.28125 0.34375 0.293945 0.334961 0.296875 0.334961 0.296875 0.329102 0.290039 0.331055 0.282227
0 0.102539 0.34668 0.104492 0.353516 0.0947266 0.353516 0.0947266 0.345703
0 0.12793 0.357422 0.131836 0.362305 0.130859 0.369141 0.125977 0.373047 0.117188 0.373047 0.114258 0.364258 0.12207 0.360352
0 0.000976562 0.333984 0.00585938 0.334961 0.0078125 0.342773 0.00585938 0.34668 0 0.34668
0 0.0117188 0.349609 0.0214844 0.348633 0.0273438 0.359375 0.0214844 0.362305 0.0136719 0.365234 0.0078125 0.356445
0 0.262695 0.390625 0.267578 0.396484 0.267578 0.405273 0.259766 0.408203 0.259766 0.408203 0.253906 0.399414
0 0.299805 0.359375 0.297852 0.365234 0.291016 0.364258 0.291016 0.355469
1 0.305664 0.369141 0.3125 0.371094 0.321289 0.371094 0.321289 0.375977 0.316406 0.383789 0.322266 0.388672 0.321289 0.400391 0.317383 0.40918 0.323242 0.414062 0.318359 0.419922 0.313477 0.418945 0.30957 0.422852 0.302734 0.419922 0.304688 0.408203 0.3125 0.401367 0.3125 0.393555 0.306641 0.398438 0.304688 0.386719 0.299805 0.384766 0.297852 0.37793
0 0.115234 0.419922 0.121094 0.426758 0.12207 0.4375 0.111328 0.444336 0.100586 0.43457 0.100586 0.43457 0.104492 0.423828
0 0.135742 0.429688 0.139648 0.432617 0.136719 0.4375 0.130859 0.433594
0 0.151367 0.449219 0.157227 0.445312 0.162109 0.449219 0.157227 0.455078 0.151367 0.453125
0 0.00585938 0.494141 0.0166016 0.491211 0.0253906 0.498047 0.0351562 0.503906 0.0361328 0.512695 0.0361328 0.512695 0.0253906 0.514648 0.0136719 0.512695 0.0078125 0.504883
1 0.0957031 0.438477 0.0996094 0.44043 0.0908203 0.456055 0.0966797 0.461914 0.0947266 0.466797 0.0878906 0.463867 0.0800781 0.470703 0.0751953 0.478516 0.0703125 0.483398 0.0615234 0.485352 0.0615234 0.485352 0.0605469 0.475586 0.0664062 0.477539
0 0.325195 0.416016 0.335938 0.417969 0.335938 0.425781 0.329102 0.427734 0.321289 0.421875
0 0.351562 0.419922 0.361328 0.420898 0.361328 0.428711 0.354492 0.431641 0.348633 0.427734
1 0.291992 0.4375 0.302734 0.433594 0.305664 0.439453 0.298828 0.448242 0.305664 0.452148 0.314453 0.457031 0.317383 0.463867 0.31543 0.472656 0.303711 0.474609 0.305664 0.481445 0.301758 0.492188 0.301758 0.492188 0.294922 0.5 0.286133 0.494141 0.285156 0.501953 0.275391 0.504883 0.266602 0.5 0.269531 0.493164 0.260742 0.486328 0.265625 0.472656 0.268555 0.463867 0.273438 0.458008 0.282227 0.455078
0 0.257812 0.453125 0.260742 0.462891 0.256836 0.47168 0.245117 0.467773 0.238281 0.457031 0.240234 0.450195
0 0.232422 0.431641 0.236328 0.44043 0.234375 0.446289 0.225586 0.452148 0.217773 0.445312 0.213867 0.436523 0.219727 0.431641
0 0.325195 0.493164 0.331055 0.503906 0.324219 0.511719 0.30957 0.510742 0.297852 0.501953 0.307617 0.490234 0.307617 0.490234 0.316406 0.488281
1 0.368164 0.485352 0.374023 0.486328 0.375977 0.496094 0.37207 0.507812 0.362305 0.512695 0.359375 0.517578 0.359375 0.517578 0.356445 0.525391 0.347656 0.52832 0.337891 0.521484 0.34082 0.511719 0.34082 0.511719 0.347656 0.511719 0.347656 0.50293 0.358398 0.493164
0 0.240234 0.478516 0.246094 0.490234 0.239258 0.500977 0.225586 0.500977 0.216797 0.490234 0.222656 0.479492 0.230469 0.479492
0 0.224609 0.50293 0.230469 0.510742 0.224609 0.522461 0.213867 0.518555 0.207031 0.504883
0 0.0595703 0.527344 0.0595703 0.53418 0.0527344 0.533203 0.0527344 0.527344
0 0.0566406 0.535156 0.0527344 0.542969 0.0458984 0.540039 0.046875 0.532227
0 0.103516 0.535156 0.111328 0.539062 0.114258 0.546875 0.107422 0.552734 0.0986328 0.548828 0.0986328 0.540039
0 0.164062 0.530273 0.175781 0.525391 0.180664 0.535156 0.177734 0.542969 0.167969 0.545898 0.160156 0.539062
0 0.0146484 0.547852 0.0166016 0.555664 0.00878906 0.552734 0.0078125 0.546875
0 0.0517578 0.579102 0.0605469 0.579102 0.0644531 0.587891 0.0615234 0.591797 0.0527344 0.59082
0 0.0253906 0.572266 0.0244141 0.578125 0.0185547 0.574219 0.0214844 0.570312
0 0.0185547 0.576172 0.0214844 0.580078 0.0185547 0.584961 0.0136719 0.581055
0 0.0078125 0.59082 0.0146484 0.585938 0.0185547 0.589844 0.0185547 0.595703 0.00976562 0.598633
0 0.0185547 0.595703 0.0234375 0.601562 0.0234375 0.606445 0.0136719 0.602539
0 0.0693359 0.610352 0.0771484 0.610352 0.0771484 0.617188 0.0722656 0.623047 0.0664062 0.616211
0 0.0625 0.62207 0.0703125 0.62207 0.0703125 0.62207 0.0703125 0.629883 0.0625 0.629883
0 0.197266 0.552734 0.202148 0.552734 0.203125 0.5625 0.203125 0.5625 0.193359 0.569336 0.182617 0.563477
0 0.219727 0.556641 0.226562 0.563477 0.222656 0.570312 0.212891 0.569336 0.208984 0.55957
0 0.216797 0.567383 0.222656 0.575195 0.223633 0.584961 0.21582 0.59082 0.204102 0.589844 0.201172 0.578125 0.203125 0.570312
0 0.225586 0.564453 0.232422 0.570312 0.233398 0.581055 0.225586 0.580078 0.220703 0.572266
0 0.258789 0.554688 0.268555 0.552734 0.272461 0.560547 0.267578 0.56543 0.259766 0.561523
1 0.28418 0.557617 0.290039 0.55957 0.293945 0.563477 0.294922 0.573242 0.294922 0.573242 0.290039 0.583008 0.285156 0.59082 0.279297 0.586914 0.280273 0.577148 0.28418 0.568359
1 0.306641 0.573242 0.318359 0.569336 0.329102 0.577148 0.338867 0.578125 0.348633 0.586914 0.348633 0.586914 0.350586 0.59375 0.356445 0.598633 0.354492 0.606445 0.354492 0.606445 0.349609 0.611328 0.34082 0.613281 0.332031 0.604492 0.323242 0.600586 0.322266 0.589844 0.314453 0.585938 0.306641 0.582031
0 0.320312 0.650391 0.327148 0.644531 0.320312 0.641602 0.317383 0.645508
0 0.229492 0.582031 0.233398 0.585938 0.229492 0.59668 0.222656 0.595703 0.22168 0.588867
0 0.227539 0.595703 0.234375 0.600586 0.234375 0.605469 0.226562 0.608398 0.222656 0.599609
0 0.227539 0.607422 0.238281 0.606445 0.237305 0.619141 0.236328 0.62793 0.227539 0.632812 0.222656 0.619141
0 0.270508 0.615234 0.276367 0.609375 0.279297 0.613281 0.273438 0.621094
0 0.248047 0.664062 0.257812 0.668945 0.255859 0.676758 0.251953 0.679688 0.251953 0.679688 0.243164 0.672852
0 0.241211 0.663086 0.246094 0.664062 0.244141 0.671875 0.238281 0.669922
0 0.233398 0.636719 0.237305 0.642578 0.231445 0.644531 0.228516 0.639648
0 0.237305 0.657227 0.238281 0.663086 0.231445 0.666016 0.232422 0.657227
0 0.235352 0.675781 0.244141 0.675781 0.24707 0.68457 0.240234 0.693359 0.232422 0.691406 0.232422 0.681641
0 0.205078 0.65332 0.21582 0.649414 0.22168 0.657227 0.21875 0.667969 0.21875 0.667969 0.208008 0.670898 0.202148 0.661133
0 0.192383 0.639648 0.201172 0.641602 0.201172 0.648438 0.195312 0.65332 0.19043 0.646484
0 0.167969 0.610352 0.176758 0.609375 0.179688 0.615234 0.171875 0.621094 0.166016 0.616211
0 0.134766 0.616211 0.137695 0.623047 0.137695 0.623047 0.132812 0.629883 0.125 0.624023 0.12793 0.618164
0 0 0.688477 0.00976562 0.691406 0.0107422 0.701172 0.00292969 0.705078 0 0.702148
0 0.0791016 0.713867 0.078125 0.72168 0.0703125 0.722656 0.0683594 0.713867
1 0.214844 0.725586 0.213867 0.739258 0.223633 0.743164 0.228516 0.753906 0.237305 0.758789 0.248047 0.764648 0.254883 0.772461 0.262695 0.78125 0.259766 0.785156 0.253906 0.78418 0.244141 0.785156 0.240234 0.777344 0.229492 0.769531 0.212891 0.762695 0.203125 0.767578 0.194336 0.779297 0.185547 0.786133 0.186523 0.794922 0.173828 0.808594 0.161133 0.811523 0.152344 0.802734 0.142578 0.795898 0.134766 0.787109 0.133789 0.777344 0.140625 0.780273 0.145508 0.786133 0.155273 0.78418 0.162109 0.779297 0.175781 0.77832 0.186523 0.763672 0.186523 0.75293 0.199219 0.74707 0.192383 0.739258 0.201172 0.730469 0.201172 0.730469 0.205078 0.72168 0.210938 0.719727
0 0.216797 0.789062 0.227539 0.790039 0.241211 0.795898 0.241211 0.795898 0.249023 0.802734 0.242188 0.810547 0.234375 0.818359 0.234375 0.818359 0.225586 0.822266 0.212891 0.81543 0.208984 0.801758 0.214844 0.792969
0 0.12793 0.770508 0.128906 0.777344 0.123047 0.780273 0.118164 0.773438 0.118164 0.773438 0.123047 0.767578
0 0.177734 0.680664 0.179688 0.683594 0.176758 0.691406 0.170898 0.691406 0.169922 0.686523
0 0.0488281 0.768555 0.0556641 0.765625 0.0595703 0.768555 0.0527344 0.777344 0.0478516 0.774414
0 0.0380859 0.786133 0.0400391 0.792969 0.0332031 0.795898 0.0332031 0.795898 0.0322266 0.789062
0 0.0380859 0.792969 0.0419922 0.793945 0.0439453 0.800781 0.0400391 0.804688 0.0341797 0.798828
1 0.101562 0.803711 0.110352 0.804688 0.112305 0.798828 0.121094 0.794922 0.125977 0.798828 0.125977 0.798828 0.123047 0.808594 0.117188 0.817383 0.107422 0.827148 0.0996094 0.832031 0.0947266 0.823242 0.101562 0.817383 0.0966797 0.80957
0 0.214844 0.830078 0.213867 0.837891 0.213867 0.837891 0.205078 0.84668 0.196289 0.838867 0.201172 0.829102 0.208008 0.829102
1 0.157227 0.8125 0.167969 0.814453 0.176758 0.821289 0.173828 0.829102 0.167969 0.832031 0.155273 0.838867 0.151367 0.847656 0.145508 0.858398 0.137695 0.852539 0.138672 0.845703 0.136719 0.835938 0.149414 0.833984 0.147461 0.818359
1 0.121094 0.866211 0.129883 0.868164 0.128906 0.87793 0.123047 0.883789 0.123047 0.891602 0.130859 0.894531 0.140625 0.900391 0.148438 0.908203 0.148438 0.908203 0.150391 0.914062 0.160156 0.921875 0.164062 0.929688 0.164062 0.929688 0.171875 0.933594 0.183594 0.941406 0.194336 0.945312 0.197266 0.952148 0.197266 0.952148 0.193359 0.957031 0.181641 0.955078 0.181641 0.955078 0.170898 0.958984 0.162109 0.946289 0.15918 0.941406 0.150391 0.94043 0.140625 0.928711 0.131836 0.924805 0.116211 0.913086 0.105469 0.917969 0.0947266 0.916992 0.0927734 0.904297 0.0917969 0.896484 0.100586 0.893555 0.104492 0.884766 0.111328 0.876953
1 0.383789 1 0.397461 0.982422 0.40625 0.969727 0.415039 0.966797 0.417969 0.974609 0.417969 0.974609 0.411133 0.979492 0.404297 0.993164 0.395508 1
0 0.578125 0.674805 0.586914 0.674805 0.591797 0.680664 0.591797 0.680664 0.59082 0.689453 0.583984 0.695312 0.574219 0.691406
0 0.573242 0.676758 0.577148 0.681641 0.577148 0.681641 0.572266 0.689453 0.5625 0.68457 0.56543 0.677734
0 0.462891 0.671875 0.463867 0.679688 0.463867 0.679688 0.458984 0.678711 0.454102 0.677734 0.454102 0.671875
0 0.530273 0.59082 0.524414 0.597656 0.519531 0.591797 0.523438 0.587891 0.523438 0.587891
1 0.601562 0.550781 0.608398 0.557617 0.605469 0.5625 0.605469 0.5625 0.585938 0.563477 0.584961 0.568359 0.575195 0.570312 0.577148 0.587891 0.576172 0.595703 0.567383 0.603516 0.55957 0.612305 0.553711 0.606445 0.553711 0.606445 0.55957 0.59375 0.549805 0.591797 0.553711 0.579102 0.563477 0.573242 0.571289 0.564453 0.583984 0.555664 0.591797 0.553711
0 0.507812 0.506836 0.516602 0.509766 0.516602 0.518555 0.516602 0.518555 0.506836 0.521484 0.49707 0.513672
0 0.475586 0.503906 0.477539 0.511719 0.477539 0.511719 0.472656 0.519531 0.464844 0.519531 0.46582 0.508789
0 0.454102 0.53418 0.458984 0.536133 0.455078 0.543945 0.449219 0.539062 0.449219 0.539062
0 0.460938 0.553711 0.46582 0.55957 0.461914 0.56543 0.454102 0.557617
0 0.430664 0.49707 0.436523 0.5 0.43457 0.508789 0.425781 0.503906
0 0.452148 0.478516 0.447266 0.484375 0.443359 0.478516 0.448242 0.474609
0 0.526367 0.469727 0.535156 0.46875 0.541016 0.477539 0.540039 0.482422 0.540039 0.482422 0.532227 0.476562 0.532227 0.476562
0 0.464844 0.457031 0.458008 0.454102 0.450195 0.459961 0.453125 0.46582 0.459961 0.464844 0.459961 0.464844
0 0.461914 0.444336 0.470703 0.441406 0.47168 0.449219 0.466797 0.452148 0.460938 0.450195
0 0.587891 0.450195 0.595703 0.450195 0.600586 0.456055 0.59668 0.461914 0.585938 0.461914
0 0.511719 0.393555 0.515625 0.386719 0.510742 0.385742 0.505859 0.387695 0.506836 0.394531
0 0.533203 0.380859 0.539062 0.37793 0.544922 0.379883 0.544922 0.379883 0.546875 0.386719 0.546875 0.386719 0.543945 0.391602 0.532227 0.387695
0 0.424805 0.414062 0.425781 0.423828 0.418945 0.422852 0.414062 0.418945 0.417969 0.412109
0 0.473633 0.344727 0.474609 0.350586 0.469727 0.356445 0.469727 0.356445 0.462891 0.353516 0.463867 0.344727 0.463867 0.344727
0 0.606445 0.389648 0.614258 0.394531 0.612305 0.400391 0.604492 0.398438 0.602539 0.391602
0 0.475586 0.250977 0.482422 0.257812 0.482422 0.263672 0.473633 0.265625 0.464844 0.257812 0.466797 0.25 0.466797 0.25
1 0.512695 0.263672 0.519531 0.264648 0.525391 0.262695 0.532227 0.265625 0.53125 0.270508 0.53125 0.270508 0.524414 0.282227 0.513672 0.28418 0.510742 0.289062 0.513672 0.295898 0.506836 0.302734 0.504883 0.3125 0.49707 0.318359 0.493164 0.324219 0.483398 0.317383 0.488281 0.3125 0.50293 0.292969 0.494141 0.282227 0.492188 0.274414 0.500977 0.279297 0.505859 0.27832 0.509766 0.272461 0.511719 0.268555
0 0.585938 0.305664 0.585938 0.300781 0.580078 0.297852 0.577148 0.302734 0.579102 0.306641
0 0.533203 0.242188 0.543945 0.249023 0.542969 0.255859 0.535156 0.259766 0.52832 0.25293
0 0.400391 0.293945 0.400391 0.293945 0.399414 0.298828 0.393555 0.297852 0.392578 0.291992
0 0.375977 0.212891 0.384766 0.21582 0.385742 0.222656 0.37793 0.231445 0.37207 0.225586 0.367188 0.220703 0.369141 0.214844 0.369141 0.214844
0 0.380859 0.193359 0.387695 0.199219 0.394531 0.202148 0.390625 0.208008 0.380859 0.212891 0.375 0.209961 0.373047 0.200195
0 0.44043 0.21582 0.448242 0.224609 0.448242 0.228516 0.44043 0.233398 0.44043 0.233398 0.433594 0.238281 0.433594 0.238281 0.426758 0.232422 0.424805 0.22168 0.433594 0.219727
0 0.459961 0.208008 0.464844 0.199219 0.47168 0.202148 0.472656 0.208008 0.46582 0.213867
0 0.474609 0.203125 0.480469 0.205078 0.486328 0.211914 0.482422 0.21582 0.482422 0.21582 0.473633 0.212891
0 0.391602 0.189453 0.400391 0.1875 0.408203 0.193359 0.408203 0.193359 0.40332 0.200195
0 0.430664 0.149414 0.44043 0.141602 0.448242 0.142578 0.448242 0.142578 0.450195 0.152344 0.444336 0.163086 0.432617 0.164062 0.426758 0.157227 0.426758 0.157227
0 0.365234 0.172852 0.371094 0.168945 0.376953 0.171875 0.380859 0.180664 0.376953 0.183594 0.366211 0.181641 0.366211 0.181641
0 0.503906 0.228516 0.511719 0.226562 0.518555 0.231445 0.516602 0.239258 0.510742 0.241211 0.503906 0.235352
0 0.464844 0.132812 0.46875 0.137695 0.464844 0.141602 0.458984 0.136719 0.458984 0.136719
1 0.46875 0.138672 0.475586 0.142578 0.479492 0.143555 0.479492 0.146484 0.474609 0.148438 0.469727 0.145508 0.464844 0.142578
1 0.592773 0.167969 0.598633 0.170898 0.598633 0.170898 0.594727 0.180664 0.586914 0.191406 0.580078 0.199219 0.572266 0.199219 0.573242 0.193359 0.582031 0.183594
0 0.475586 0.0830078 0.481445 0.0869141 0.479492 0.0957031 0.470703 0.0947266 0.47168 0.0859375
0 0.544922 0.0810547 0.554688 0.0771484 0.554688 0.0771484 0.556641 0.0869141 0.556641 0.0869141 0.549805 0.0898438
0 0.570312 0 0.571289 0.00488281 0.581055 0.0107422 0.595703 0.0107422 0.595703 0.0107422 0.612305 0
0 0.663086 0.00683594 0.663086 0.0185547 0.661133 0.0283203 0.651367 0.03125 0.646484 0.0205078 0.647461 0.0078125 0.65625 0.00390625
0 0.673828 0.03125 0.682617 0.0361328 0.686523 0.0449219 0.680664 0.0488281 0.680664 0.0488281 0.672852 0.0419922 0.664062 0.0361328 0.666016 0.03125
0 0.800781 0.00585938 0.800781 0.0136719 0.800781 0.0136719 0.793945 0.0175781 0.786133 0.0136719 0.788086 0.00488281
0 0.821289 0.000976562 0.822266 0.0107422 0.829102 0.0195312 0.837891 0.0234375 0.84668 0.0185547 0.855469 0.0107422 0.850586 0.00292969 0.839844 0.00195312 0.835938 0.00195312
0 0.865234 0.0146484 0.864258 0.0224609 0.853516 0.0253906 0.848633 0.015625 0.855469 0.0107422
0 0.798828 0.0488281 0.798828 0.0556641 0.788086 0.0556641 0.788086 0.0478516 0.791016 0.0458984
0 0.782227 0.0361328 0.782227 0.0419922 0.775391 0.0439453 0.771484 0.0380859 0.776367 0.0341797
0 0.821289 0.0576172 0.823242 0.0654297 0.81543 0.0693359 0.808594 0.0615234 0.8125 0.0546875
0 0.736328 0.0810547 0.739258 0.0898438 0.734375 0.0966797 0.734375 0.0966797 0.726562 0.0898438 0.729492 0.0830078
0 0.774414 0.116211 0.782227 0.126953 0.782227 0.126953 0.775391 0.133789 0.764648 0.133789 0.762695 0.12207
0 0.792969 0.109375 0.797852 0.118164 0.791016 0.12793 0.780273 0.124023 0.780273 0.124023 0.774414 0.113281 0.774414 0.113281 0.783203 0.108398
0 0.858398 0.102539 0.858398 0.112305 0.850586 0.118164 0.844727 0.109375 0.849609 0.102539
0 0.858398 0.158203 0.860352 0.149414 0.853516 0.149414 0.853516 0.149414 0.848633 0.15332 0.848633 0.15918
0 0.845703 0.164062 0.852539 0.168945 0.849609 0.173828 0.849609 0.173828 0.842773 0.175781 0.837891 0.168945
0 0.831055 0.138672 0.833984 0.146484 0.826172 0.155273 0.819336 0.148438 0.825195 0.138672
0 0.766602 0.0966797 0.767578 0.103516 0.759766 0.106445 0.754883 0.0986328
0 0.749023 0.102539 0.75 0.108398 0.745117 0.110352 0.741211 0.104492
0 0.725586 0.118164 0.724609 0.126953 0.714844 0.131836 0.714844 0.131836 0.711914 0.125 0.719727 0.114258
0 0.642578 0.115234 0.642578 0.125977 0.634766 0.130859 0.630859 0.119141
0 0.682617 0.133789 0.69043 0.138672 0.688477 0.148438 0.677734 0.150391 0.674805 0.138672
0 0.794922 0.170898 0.797852 0.174805 0.789062 0.181641 0.789062 0.181641 0.78125 0.180664 0.783203 0.169922
0 0.654297 0.185547 0.655273 0.198242 0.652344 0.208008 0.642578 0.209961 0.632812 0.203125 0.630859 0.191406 0.642578 0.181641
0 0.640625 0.212891 0.640625 0.224609 0.632812 0.229492 0.632812 0.229492 0.625 0.223633 0.626953 0.213867
0 0.674805 0.22168 0.669922 0.227539 0.666016 0.222656 0.666992 0.219727
0 0.802734 0.19043 0.801758 0.199219 0.791992 0.199219 0.790039 0.19043 0.796875 0.18457
0 0.806641 0.186523 0.817383 0.18457 0.817383 0.18457 0.821289 0.19043 0.8125 0.196289 0.803711 0.196289
0 0.816406 0.192383 0.825195 0.197266 0.823242 0.208008 0.81543 0.213867 0.804688 0.208008 0.804688 0.200195
0 0.798828 0.209961 0.800781 0.21875 0.792969 0.223633 0.788086 0.21582 0.788086 0.21582
0 0.839844 0.211914 0.844727 0.207031 0.852539 0.211914 0.848633 0.217773 0.848633 0.217773
0 0.832031 0.212891 0.84375 0.214844 0.84375 0.222656 0.833984 0.223633 0.825195 0.217773
0 0.832031 0.22168 0.832031 0.227539 0.825195 0.229492 0.817383 0.224609 0.817383 0.224609 0.823242 0.21875
0 0.861328 0.264648 0.868164 0.270508 0.868164 0.276367 0.856445 0.282227 0.850586 0.270508
1 0.780273 0.282227 0.788086 0.286133 0.788086 0.286133 0.783203 0.291992 0.786133 0.299805 0.793945 0.299805 0.797852 0.291992 0.797852 0.291992 0.793945 0.286133 0.795898 0.27832 0.795898 0.27832 0.803711 0.276367 0.8125 0.283203 0.81543 0.290039 0.818359 0.297852 0.818359 0.297852 0.807617 0.302734 0.798828 0.310547 0.792969 0.313477 0.782227 0.322266 0.769531 0.31543 0.771484 0.303711 0.768555 0.294922 0.774414 0.289062
0 0.863281 0.237305 0.862305 0.24707 0.860352 0.248047 0.850586 0.242188
0 0.679688 0.280273 0.680664 0.286133 0.676758 0.289062 0.671875 0.28125
0 0.636719 0.280273 0.647461 0.27832 0.65918 0.283203 0.654297 0.294922 0.646484 0.304688 0.638672 0.306641 0.62793 0.297852 0.623047 0.289062 0.629883 0.285156
0 0.637695 0.350586 0.632812 0.358398 0.62793 0.351562 0.628906 0.348633 0.635742 0.345703
1 0.673828 0.341797 0.688477 0.34668 0.698242 0.353516 0.698242 0.359375 0.706055 0.361328 0.714844 0.368164 0.714844 0.37207 0.708984 0.374023 0.700195 0.373047 0.6875 0.375 0.680664 0.366211 0.677734 0.359375 0.670898 0.361328 0.670898 0.361328 0.663086 0.371094 0.655273 0.37207 0.655273 0.37207 0.660156 0.359375
0 0.698242 0.376953 0.700195 0.384766 0.69043 0.389648 0.688477 0.381836 0.688477 0.381836
0 0.716797 0.375 0.72168 0.380859 0.716797 0.387695 0.716797 0.387695 0.709961 0.383789
0 0.701172 0.389648 0.702148 0.397461 0.695312 0.401367 0.689453 0.395508 0.692383 0.394531
1 0.693359 0.400391 0.698242 0.40918 0.69043 0.419922 0.69043 0.419922 0.698242 0.427734 0.694336 0.432617 0.705078 0.442383 0.707031 0.452148 0.698242 0.456055 0.68457 0.446289 0.673828 0.44043 0.668945 0.429688 0.678711 0.422852 0.679688 0.416016 0.683594 0.404297
0 0.639648 0.44043 0.644531 0.449219 0.644531 0.458008 0.628906 0.458008 0.624023 0.446289
0 0.620117 0.472656 0.624023 0.478516 0.621094 0.484375 0.614258 0.479492
0 0.628906 0.478516 0.635742 0.482422 0.635742 0.494141 0.625 0.487305 0.624023 0.481445
0 0.772461 0.40625 0.774414 0.416992 0.769531 0.423828 0.769531 0.423828 0.758789 0.418945 0.760742 0.40332
0 0.797852 0.421875 0.797852 0.43457 0.794922 0.443359 0.78418 0.445312 0.77832 0.432617 0.790039 0.426758 0.792969 0.418945
0 0.818359 0.435547 0.825195 0.4375 0.828125 0.447266 0.824219 0.450195 0.813477 0.444336 0.813477 0.435547
0 0.795898 0.443359 0.804688 0.448242 0.804688 0.456055 0.795898 0.458984 0.788086 0.450195
0 0.761719 0.466797 0.769531 0.470703 0.770508 0.479492 0.761719 0.487305 0.750977 0.483398 0.75293 0.47168
0 0.767578 0.495117 0.777344 0.501953 0.777344 0.508789 0.766602 0.508789 0.763672 0.498047
0 0.75293 0.517578 0.751953 0.527344 0.751953 0.527344 0.743164 0.525391 0.743164 0.517578
0 0.807617 0.500977 0.818359 0.501953 0.818359 0.501953 0.818359 0.510742 0.818359 0.510742 0.811523 0.516602 0.805664 0.509766
0 0.84082 0.473633 0.845703 0.478516 0.84082 0.483398 0.84082 0.483398 0.835938 0.479492
0 0.833984 0.483398 0.833008 0.492188 0.823242 0.493164 0.823242 0.484375
0 0.834961 0.495117 0.84375 0.49707 0.836914 0.509766 0.836914 0.509766 0.830078 0.506836 0.830078 0.506836 0.831055 0.49707
0 0.665039 0.512695 0.666992 0.519531 0.655273 0.521484 0.65625 0.513672
0 0.664062 0.520508 0.664062 0.530273 0.664062 0.530273 0.657227 0.524414
0 0.65918 0.527344 0.658203 0.535156 0.658203 0.535156 0.65332 0.536133 0.647461 0.532227
0 0.738281 0.476562 0.746094 0.480469 0.744141 0.487305 0.734375 0.487305 0.734375 0.487305 0.731445 0.479492 0.731445 0.479492
0 0.62207 0.420898 0.62793 0.430664 0.629883 0.436523 0.62207 0.439453 0.612305 0.428711 0.610352 0.416016 0.614258 0.412109
0 0.78125 0.527344 0.786133 0.529297 0.786133 0.529297 0.788086 0.535156 0.783203 0.538086 0.779297 0.533203
0 0.78125 0.537109 0.782227 0.543945 0.773438 0.541992 0.774414 0.536133
0 0.833008 0.52832 0.839844 0.536133 0.837891 0.542969 0.829102 0.541992 0.821289 0.536133 0.823242 0.526367
0 0.825195 0.554688 0.833984 0.557617 0.833984 0.564453 0.827148 0.571289 0.818359 0.566406 0.818359 0.556641
0 0.811523 0.564453 0.814453 0.573242 0.810547 0.578125 0.800781 0.574219 0.800781 0.574219 0.803711 0.564453
0 0.734375 0.599609 0.736328 0.607422 0.728516 0.604492
0 0.733398 0.605469 0.735352 0.613281 0.730469 0.617188 0.723633 0.612305 0.725586 0.607422
0 0.719727 0.618164 0.724609 0.623047 0.722656 0.630859 0.722656 0.630859 0.711914 0.633789 0.708984 0.62793
0 0.72168 0.631836 0.726562 0.638672 0.728516 0.644531 0.728516 0.644531 0.722656 0.648438 0.711914 0.645508 0.706055 0.636719
0 0.729492 0.644531 0.736328 0.650391 0.731445 0.658203 0.724609 0.658203 0.723633 0.651367
0 0.736328 0.650391 0.748047 0.65332 0.75 0.664062 0.75 0.664062 0.741211 0.668945 0.733398 0.668945 0.730469 0.660156
0 0.719727 0.654297 0.720703 0.662109 0.709961 0.665039 0.707031 0.658203 0.713867 0.652344
0 0.628906 0.647461 0.635742 0.655273 0.629883 0.661133 0.62207 0.654297 0.623047 0.647461
0 0.628906 0.65918 0.628906 0.666016 0.623047 0.668945 0.618164 0.661133 0.618164 0.661133
0 0.698242 0.572266 0.704102 0.577148 0.704102 0.584961 0.693359 0.584961 0.689453 0.576172
0 0.705078 0.578125 0.711914 0.581055 0.712891 0.586914 0.705078 0.585938 0.705078 0.585938
0 0.625 0.710938 0.628906 0.720703 0.623047 0.727539 0.623047 0.727539 0.613281 0.72168 0.612305 0.711914
1 0.676758 0.686523 0.679688 0.692383 0.679688 0.692383 0.671875 0.699219 0.667969 0.705078 0.658203 0.705078 0.661133 0.698242 0.667969 0.693359 0.671875 0.68457
0 0.823242 0.655273 0.821289 0.663086 0.821289 0.663086 0.8125 0.667969 0.803711 0.666016 0.800781 0.657227 0.80957 0.65625 0.816406 0.650391
0 0.763672 0.679688 0.762695 0.685547 0.753906 0.68457 0.753906 0.677734 0.758789 0.675781
0 0.757812 0.685547 0.761719 0.692383 0.761719 0.692383 0.754883 0.702148 0.746094 0.698242 0.746094 0.688477
0 0.839844 0.730469 0.845703 0.733398 0.84375 0.741211 0.837891 0.741211 0.834961 0.74707 0.828125 0.741211 0.829102 0.732422
0 0.825195 0.756836 0.827148 0.760742 0.822266 0.767578 0.814453 0.764648 0.81543 0.757812
0 0.700195 0.766602 0.702148 0.775391 0.702148 0.775391 0.697266 0.780273 0.697266 0.780273 0.688477 0.775391 0.69043 0.768555
0 0.702148 0.770508 0.710938 0.775391 0.71582 0.779297 0.709961 0.790039 0.703125 0.783203 0.699219 0.779297
0 0.729492 0.764648 0.735352 0.766602 0.736328 0.772461 0.731445 0.78125 0.72168 0.780273 0.722656 0.772461
0 0.615234 0.77832 0.624023 0.78125 0.629883 0.788086 0.642578 0.791016 0.644531 0.797852 0.636719 0.804688 0.62793 0.797852 0.618164 0.792969 0.612305 0.786133
0 0.65918 0.803711 0.663086 0.811523 0.661133 0.818359 0.651367 0.8125
0 0.893555 0.766602 0.905273 0.767578 0.905273 0.767578 0.907227 0.775391 0.900391 0.78125 0.900391 0.78125 0.890625 0.776367
0 0.868164 0.80957 0.862305 0.808594 0.856445 0.811523 0.856445 0.817383 0.863281 0.818359
0 0.87207 0.833008 0.875977 0.838867 0.870117 0.84668 0.870117 0.84668 0.864258 0.842773
0 0.856445 0.856445 0.858398 0.862305 0.855469 0.864258 0.848633 0.859375
0 0.855469 0.864258 0.854492 0.871094 0.848633 0.873047 0.847656 0.864258 0.847656 0.864258
0 0.842773 0.863281 0.836914 0.874023 0.827148 0.876953 0.825195 0.866211 0.833984 0.859375
1 0.918945 0.842773 0.928711 0.837891 0.935547 0.833984 0.935547 0.833984 0.939453 0.838867 0.935547 0.84375 0.936523 0.852539 0.929688 0.863281 0.956055 0.880859 0.963867 0.879883 0.96875 0.890625 0.969727 0.899414 0.963867 0.910156 0.954102 0.918945 0.943359 0.910156 0.948242 0.900391 0.942383 0.894531 0.945312 0.888672 0.930664 0.87793 0.930664 0.87793 0.916992 0.889648 0.90918 0.897461 0.90625 0.90625 0.918945 0.912109 0.918945 0.912109 0.933594 0.920898 0.94043 0.913086 0.951172 0.922852 0.951172 0.922852 0.951172 0.929688 0.945312 0.935547 0.936523 0.939453 0.936523 0.939453 0.929688 0.946289 0.917969 0.941406 0.912109 0.931641 0.905273 0.926758 0.893555 0.920898 0.885742 0.926758 0.875 0.927734 0.868164 0.917969 0.869141 0.904297 0.885742 0.889648 0.895508 0.883789 0.90332 0.875 0.901367 0.866211 0.90918 0.855469 0.916016 0.853516
0 0.973633 0.875977 0.976562 0.884766 0.970703 0.889648 0.970703 0.889648 0.964844 0.879883
0 0.972656 0.860352 0.981445 0.863281 0.981445 0.863281 0.981445 0.870117 0.975586 0.874023 0.969727 0.868164
0 0.967773 0.819336 0.975586 0.825195 0.975586 0.825195 0.972656 0.834961 0.962891 0.834961 0.952148 0.832031 0.949219 0.823242 0.955078 0.816406
0 0.981445 0.838867 0.988281 0.842773 0.988281 0.848633 0.982422 0.847656 0.975586 0.850586 0.976562 0.841797
1 0.998047 0.750977 0.993164 0.754883 0.993164 0.759766 0.987305 0.764648 0.987305 0.764648 0.981445 0.769531 0.976562 0.783203 0.973633 0.788086 0.970703 0.792969 0.973633 0.797852 0.981445 0.791992 0.986328 0.791016 0.993164 0.78418 0.993164 0.78418 0.988281 0.776367 1 0.762695
1 0.931641 0.661133 0.939453 0.657227 0.947266 0.647461 0.954102 0.646484 0.957031 0.655273 0.947266 0.665039 0.941406 0.671875 0.943359 0.679688 0.958984 0.691406 0.963867 0.694336 0.969727 0.697266 0.979492 0.697266 0.981445 0.688477 0.981445 0.688477 0.988281 0.6875 0.993164 0.693359 0.994141 0.703125 0.989258 0.708984 0.985352 0.714844 0.973633 0.706055 0.962891 0.705078 0.951172 0.698242 0.9375 0.688477 0.9375 0.688477 0.931641 0.683594 0.925781 0.6875 0.924805 0.695312 0.915039 0.696289 0.913086 0.69043 0.922852 0.682617 0.916016 0.678711 0.922852 0.668945 0.928711 0.666992 0.928711 0.666992
0 0.837891 0.62793 0.84082 0.632812 0.836914 0.636719 0.829102 0.632812
0 0.914062 0.594727 0.916992 0.600586 0.915039 0.609375 0.915039 0.609375 0.905273 0.607422 0.905273 0.607422 0.904297 0.597656
0 0.972656 0.595703 0.976562 0.599609 0.976562 0.599609 0.972656 0.604492 0.96875 0.600586
1 0.874023 0.575195 0.884766 0.578125 0.891602 0.574219 0.902344 0.573242 0.905273 0.583008 0.90918 0.587891 0.907227 0.594727 0.907227 0.594727 0.899414 0.594727 0.899414 0.594727 0.881836 0.586914 0.875 0.581055
0 0.80957 0.586914 0.817383 0.587891 0.822266 0.591797 0.8125 0.602539 0.808594 0.594727
1 0.837891 0.549805 0.844727 0.551758 0.852539 0.553711 0.859375 0.546875 0.866211 0.537109 0.869141 0.532227 0.875977 0.526367 0.874023 0.520508 0.880859 0.515625 0.887695 0.510742 0.894531 0.508789 0.904297 0.509766 0.904297 0.509766 0.90625 0.516602 0.905273 0.526367 0.897461 0.529297 0.883789 0.53125 0.870117 0.556641 0.870117 0.556641 0.860352 0.554688 0.855469 0.56543 0.845703 0.5625 0.836914 0.557617 0.833984 0.551758
0 0.912109 0.523438 0.917969 0.529297 0.917969 0.529297 0.916016 0.53418 0.908203 0.53418 0.908203 0.53418 0.90625 0.524414
0 0.938477 0.522461 0.943359 0.52832 0.939453 0.532227 0.932617 0.535156 0.928711 0.52832
0 0.94043 0.515625 0.948242 0.511719 0.954102 0.515625 0.949219 0.522461 0.942383 0.524414
0 0.991211 0.558594 0.996094 0.561523 0.994141 0.567383 0.994141 0.567383 0.989258 0.570312
0 0.953125 0.518555 0.962891 0.522461 0.960938 0.52832 0.955078 0.525391 0.955078 0.525391 0.949219 0.523438
0 0.938477 0.4375 0.945312 0.442383 0.945312 0.442383 0.945312 0.448242 0.935547 0.445312
0 0.947266 0.446289 0.954102 0.450195 0.954102 0.450195 0.954102 0.456055 0.952148 0.460938 0.942383 0.459961 0.94043 0.449219
0 0.957031 0.458984 0.961914 0.463867 0.964844 0.473633 0.959961 0.477539 0.951172 0.469727
0 0.974609 0.459961 0.981445 0.456055 0.986328 0.457031 0.990234 0.46582 0.989258 0.47168 0.984375 0.467773 0.977539 0.473633 0.977539 0.473633 0.96875 0.466797
0 0.97168 0.474609 0.976562 0.478516 0.974609 0.485352 0.967773 0.483398 0.967773 0.476562
0 0.926758 0.453125 0.930664 0.460938 0.930664 0.460938 0.927734 0.467773 0.918945 0.469727 0.915039 0.457031
0 0.913086 0.425781 0.916992 0.430664 0.916992 0.430664 0.916992 0.436523 0.910156 0.438477 0.910156 0.438477 0.908203 0.428711
1 0.862305 0.397461 0.869141 0.398438 0.87793 0.40332 0.886719 0.408203 0.895508 0.414062 0.898438 0.422852 0.898438 0.428711 0.892578 0.43457 0.888672 0.444336 0.882812 0.450195 0.875 0.449219 0.875 0.44043 0.888672 0.427734 0.892578 0.419922 0.875977 0.407227 0.867188 0.408203 0.857422 0.411133 0.851562 0.405273 0.859375 0.399414
0 0.974609 0.482422 0.980469 0.486328 0.980469 0.486328 0.975586 0.493164 0.967773 0.489258
0 0.817383 0.37207 0.826172 0.369141 0.826172 0.369141 0.833008 0.366211 0.838867 0.368164 0.838867 0.368164 0.84082 0.374023 0.837891 0.37793 0.831055 0.381836 0.823242 0.386719 0.823242 0.386719 0.818359 0.391602 0.8125 0.382812
0 0.771484 0.353516 0.78125 0.351562 0.78125 0.356445 0.775391 0.362305 0.767578 0.359375
1 0.857422 0.324219 0.860352 0.333984 0.865234 0.333008 0.868164 0.326172 0.873047 0.326172 0.880859 0.326172 0.887695 0.333008 0.898438 0.335938 0.894531 0.341797 0.887695 0.34668 0.885742 0.353516 0.881836 0.361328 0.881836 0.361328 0.874023 0.369141 0.869141 0.364258 0.874023 0.357422 0.882812 0.34375 0.881836 0.335938 0.875 0.336914 0.864258 0.341797 0.857422 0.342773 0.851562 0.34668 0.844727 0.350586 0.839844 0.352539 0.839844 0.352539 0.839844 0.345703 0.848633 0.339844 0.850586 0.331055 0.851562 0.326172 0.851562 0.326172
0 0.837891 0.351562 0.84082 0.355469 0.836914 0.359375 0.836914 0.359375 0.833984 0.354492
0 0.758789 0.243164 0.763672 0.248047 0.759766 0.257812 0.751953 0.256836 0.751953 0.256836 0.749023 0.246094
0 0.924805 0.275391 0.927734 0.279297 0.925781 0.28418 0.919922 0.282227 0.918945 0.275391
0 0.915039 0.268555 0.917969 0.273438 0.916992 0.277344 0.911133 0.276367 0.912109 0.269531
0 0.908203 0.272461 0.90918 0.276367 0.90625 0.279297 0.901367 0.275391
0 0.951172 0.245117 0.958008 0.241211 0.962891 0.245117 0.961914 0.25 0.955078 0.253906 0.948242 0.250977
0 0.853516 0.223633 0.859375 0.230469 0.859375 0.230469 0.855469 0.235352 0.847656 0.231445 0.84375 0.220703
0 0.862305 0.21875 0.865234 0.224609 0.860352 0.229492 0.857422 0.222656 0.857422 0.222656
0 0.929688 0.216797 0.935547 0.22168 0.935547 0.22168 0.9375 0.226562 0.928711 0.230469 0.924805 0.222656 0.923828 0.216797
1 0.963867 0.0791016 0.967773 0.0859375 0.970703 0.0927734 0.964844 0.0996094 0.958008 0.102539 0.951172 0.0966797 0.9375 0.0908203 0.930664 0.0966797 0.924805 0.0898438 0.924805 0.0898438 0.929688 0.0830078 0.929688 0.0830078 0.931641 0.0722656 0.929688 0.0644531 0.936523 0.0605469 0.9375 0.0703125 0.943359 0.0771484 0.948242 0.0693359 0.956055 0.0683594 0.956055 0.0683594 0.956055 0.0751953 0.954102 0.0849609
1 1 0.101562 0.991211 0.101562 0.983398 0.104492 0.975586 0.108398 0.975586 0.108398 0.970703 0.113281 0.967773 0.105469 0.967773 0.105469 0.962891 0.110352 0.955078 0.118164 0.948242 0.125977 0.948242 0.125977 0.948242 0.132812 0.946289 0.139648 0.954102 0.142578 0.96582 0.135742 0.964844 0.126953 0.973633 0.116211 0.985352 0.125 0.995117 0.129883 1 0.12793
0 0.902344 0.0869141 0.907227 0.0908203 0.90625 0.101562 0.90625 0.101562 0.900391 0.0996094 0.894531 0.0966797 0.894531 0.0898438
0 0.911133 0.0869141 0.917969 0.0888672 0.917969 0.0888672 0.919922 0.0957031 0.919922 0.0957031 0.914062 0.101562 0.908203 0.100586 0.905273 0.0917969 0.905273 0.0917969
1 0.867188 0.0224609 0.875977 0.0244141 0.875977 0.0244141 0.879883 0.0332031 0.879883 0.0332031 0.884766 0.0390625 0.884766 0.0390625 0.888672 0.0458984 0.893555 0.0517578 0.900391 0.0605469 0.896484 0.0683594 0.896484 0.0683594 0.885742 0.0732422 0.885742 0.0732422 0.881836 0.0800781 0.879883 0.0859375 0.874023 0.0888672 0.866211 0.0869141 0.862305 0.0771484 0.869141 0.0712891 0.867188 0.0634766 0.870117 0.0556641 0.863281 0.0507812 0.868164 0.0419922 0.868164 0.0419922 0.864258 0.0341797 0.864258 0.0253906
0 0.913086 0.0654297 0.918945 0.0712891 0.916016 0.0761719 0.916016 0.0761719 0.90918 0.0742188 0.90918 0.0742188 0.90625 0.0683594 0.907227 0.0634766
0 0.921875 0.0664062 0.929688 0.0654297 0.932617 0.0722656 0.927734 0.0810547 0.920898 0.078125 0.917969 0.0722656
1 0.961914 0.00292969 0.970703 0.00488281 0.980469 0.0136719 0.977539 0.0263672 0.969727 0.03125 0.969727 0.03125 0.958984 0.0292969 0.955078 0.0361328 0.946289 0.0380859 0.939453 0.0273438 0.951172 0.0263672
0 0.989258 0.0449219 0.992188 0.0400391 0.998047 0.0419922 1 0.0517578 0.996094 0.0546875 0.996094 0.0546875 0.989258 0.0517578
0 0.895508 0.0195312 0.893555 0.0273438 0.888672 0.0302734 0.882812 0.0244141 0.890625 0.0166016
0 0.916016 0.0185547 0.924805 0.0205078 0.924805 0.0205078 0.926758 0.0263672 0.925781 0.0292969 0.915039 0.0234375 0.905273 0.0166016 0.90918 0.0107422
0 0.860352 0 0.860352 0.00488281 0.869141 0.0078125 0.882812 0
