0 0.0742207 0.0294258 0.0685439 0.0330254 0.0624512 0.032333 0.0571904 0.0283174 0.0526211 0.0208408 0.0571904 0.0105947 0.0692363 0.00644043 0.0758818 0.0118408 0.0790664 0.0226406
0 0.0432051 0.0488096 0.0348975 0.0486709 0.0319902 0.0402256 0.0389131 0.0308096 0.0480518 0.0346865 0.0461133 0.0446563
0 0.186028 0.0992754 0.178753 0.09879 0.172934 0.0921621 0.179885 0.0814922 0.190878 0.0797139 0.197667 0.0845645 0.193949 0.094748
0 0.155101 0.153474 0.150111 0.154187 0.144321 0.15187 0.139065 0.143853 0.143876 0.136904 0.153408 0.133786 0.159732 0.137172 0.162138 0.143051 0.160891 0.149197
0 0.163004 0.129768 0.157235 0.130592 0.151701 0.12753 0.152055 0.119524 0.157235 0.117994 0.163828 0.119054 0.16583 0.124587
0 0.183029 0.161092 0.178398 0.156883 0.177116 0.152842 0.178883 0.149425 0.184243 0.149602 0.188308 0.153725 0.188426 0.157613 0.185362 0.160087
0 0.19333 0.182418 0.186252 0.179643 0.180284 0.172703 0.181256 0.162571 0.189027 0.160352 0.198743 0.163682 0.20027 0.177422
0 0.1418 0.299961 0.134573 0.296245 0.123424 0.301819 0.114752 0.299136 0.11186 0.285715 0.117022 0.277662 0.133541 0.274151 0.148201 0.279107 0.153156 0.289225 0.150266 0.29769
0 0.172101 0.230257 0.164474 0.228302 0.157238 0.217545 0.160954 0.203073 0.173665 0.200727 0.184422 0.205812 0.192831 0.213634 0.192831 0.223999 0.18403 0.229475
0 0.215329 0.278443 0.207702 0.278716 0.201846 0.273677 0.202254 0.26278 0.21138 0.25529 0.224046 0.256788 0.229903 0.267003 0.226361 0.272314
0 0.254612 0.18365 0.248525 0.181448 0.243216 0.17303 0.248525 0.162799 0.257332 0.160598 0.263246 0.162255 0.263848 0.171473 0.259539 0.180991
0 0.311664 0.307605 0.307044 0.307212 0.30321 0.303379 0.303996 0.296006 0.312352 0.294531 0.318151 0.298169 0.317267 0.304066
0 0.204844 0.359734 0.198267 0.360976 0.194296 0.355019 0.200749 0.347945 0.210181 0.350303 0.208815 0.357625
0 0.244259 0.387262 0.237388 0.385666 0.232479 0.379653 0.235424 0.372168 0.246959 0.369469 0.252726 0.375236 0.249658 0.382967
0 0.270457 0.401478 0.264452 0.401478 0.261073 0.396974 0.263044 0.391156 0.269613 0.390968 0.274398 0.394628 0.275431 0.399602
0 0.289276 0.406774 0.284578 0.405279 0.288209 0.398552 0.294296 0.393853 0.300703 0.391717 0.302091 0.396736 0.298994 0.400474 0.294402 0.403144
0 0.301208 0.389772 0.294875 0.389772 0.28792 0.385412 0.285324 0.377729 0.291034 0.371709 0.299547 0.368906 0.304426 0.372955 0.306294 0.378768 0.304945 0.387903
0 0.285508 0.273136 0.281209 0.271793 0.279687 0.266151 0.283269 0.263554 0.287567 0.265256 0.287746 0.269733
0 0.298313 0.274927 0.291955 0.274211 0.289358 0.268121 0.293209 0.263554 0.303238 0.263285 0.307896 0.266957 0.304492 0.2743
1 0.298487 0.252241 0.303798 0.257665 0.309335 0.262749 0.319844 0.266026 0.32651 0.262523 0.328205 0.249077 0.328205 0.240263 0.318374 0.238682 0.307753 0.238003 0.298939 0.242975
0 0.330883 0.216593 0.326471 0.213928 0.324448 0.207126 0.327114 0.20492 0.33364 0.205196 0.336581 0.210343 0.334927 0.214755
0 0.335156 0.186605 0.329883 0.185852 0.326744 0.179448 0.326995 0.170659 0.332646 0.163377 0.338672 0.166893 0.337542 0.178318 0.336412 0.186104
0 0.353696 0.100536 0.35003 0.0996191 0.347383 0.0955459 0.349623 0.0901484 0.354919 0.0892324 0.357465 0.0924912 0.357362 0.0989063
0 0.349602 0.0902695 0.343202 0.0900693 0.338002 0.0862695 0.333501 0.0796689 0.331201 0.0756689 0.337602 0.0719687 0.350202 0.0721689 0.355802 0.0784697 0.354902 0.0873701
0 0.35239 0 0.355495 0.00576367 0.362053 0.00973242 0.373615 0.00973242 0.37931 0
0 0.0232412 0.286702 0.0190937 0.285418 0.0175137 0.279788 0.0216611 0.27722 0.0265996 0.278801 0.0271924 0.283738
0 0.0598428 0.477211 0.0580098 0.476655 0.0553447 0.476045 0.0538457 0.474213 0.0527354 0.470604 0.0540117 0.466438 0.0591758 0.465106 0.0632852 0.466994 0.0638955 0.471214 0.0638408 0.475045 0.0620635 0.476822
0 0.0513213 0.468788 0.0477412 0.468083 0.0447588 0.464286 0.0455723 0.460436 0.0498027 0.458972 0.0543037 0.460707 0.0554434 0.465696 0.0533281 0.468083
0 0.0485557 0.458706 0.0452578 0.458016 0.0421904 0.455485 0.0440313 0.450884 0.0477119 0.447894 0.0523896 0.44912 0.0534639 0.453108 0.0533105 0.457709
0 0.0437705 0.449191 0.0397695 0.448422 0.0353066 0.44596 0.0343838 0.43965 0.0379229 0.437496 0.0422314 0.438727 0.0443857 0.441112 0.0459248 0.444883
0 0.0128818 0.535134 0.00759375 0.537088 0.0020752 0.533754 0.00414453 0.525362 0.0124219 0.524902 0.01725 0.531226
0 0.0801758 0.469983 0.0748125 0.472056 0.0682305 0.469252 0.0712773 0.461816 0.0816387 0.458159 0.085418 0.461206 0.0879775 0.468643
0 0.177971 0.396716 0.174965 0.39872 0.169154 0.398118 0.165848 0.391806 0.165347 0.384492 0.171759 0.379683 0.178572 0.37818 0.184384 0.381987 0.181478 0.386997
0 0.217679 0.413963 0.213221 0.414046 0.208432 0.410743 0.209918 0.403808 0.215945 0.400835 0.221146 0.403312 0.222303 0.408596 0.219908 0.411816
0 0.265245 0.445944 0.25894 0.445813 0.255395 0.440428 0.258678 0.433466 0.266559 0.431496 0.274178 0.434648 0.274703 0.439902 0.2705 0.443975
0 0.272909 0.518116 0.268659 0.51417 0.27048 0.504606 0.278678 0.504304 0.279892 0.510981 0.277463 0.516446
0 0.037958 0.534035 0.0329756 0.534609 0.0299092 0.530682 0.0329756 0.524166 0.0392031 0.522921 0.0426523 0.52752 0.0412158 0.531735
0 0.0461973 0.525604 0.0412158 0.524741 0.0377666 0.520621 0.0407363 0.513818 0.0473477 0.51286 0.0492637 0.51631 0.0505088 0.520908
0 0.25034 0.654309 0.241373 0.653294 0.232744 0.647033 0.229699 0.634514 0.236297 0.625716 0.250678 0.624362 0.260998 0.63316 0.259307 0.647541
0 0.197506 0.589854 0.19189 0.589376 0.188187 0.584118 0.191771 0.577666 0.200135 0.577068 0.202763 0.583043 0.200015 0.588539
0 0.131166 0.655063 0.128259 0.656479 0.125129 0.655958 0.121923 0.653423 0.123265 0.648131 0.126992 0.646715 0.131092 0.648057 0.133179 0.65156 0.132731 0.653349
0 0.236191 0.736927 0.229822 0.739353 0.223149 0.737382 0.215112 0.731923 0.216326 0.720094 0.229671 0.719185 0.239225 0.722823 0.243925 0.731468
0 0.165322 0.73928 0.162002 0.73928 0.159006 0.737094 0.156819 0.732315 0.160221 0.728186 0.167428 0.729238 0.166861 0.736203
0 0.178624 0.546825 0.173844 0.546056 0.172014 0.540017 0.174851 0.535532 0.179975 0.534801 0.184459 0.538644 0.180981 0.546056
1 0.130002 0.583928 0.12413 0.578545 0.112629 0.57463 0.10064 0.573896 0.0991719 0.559704 0.110672 0.557012 0.13147 0.566555 0.137098 0.58148
0 0.216857 0.83506 0.212149 0.82978 0.211578 0.821221 0.216429 0.815229 0.224847 0.817653 0.22556 0.826356 0.222136 0.834917
0 0.206724 0.851379 0.202545 0.849787 0.201568 0.847271 0.202021 0.845253 0.204214 0.844034 0.206964 0.843687 0.21055 0.845148 0.210933 0.848456 0.209192 0.851137
0 0.193707 0.949365 0.189335 0.948116 0.185587 0.941744 0.189335 0.932874 0.200954 0.93075 0.205451 0.936497 0.204077 0.944617 0.198455 0.948365
0 0.207425 0.888065 0.202455 0.885226 0.197131 0.876884 0.204407 0.866767 0.213637 0.867654 0.217009 0.874044 0.218429 0.881676
0 0.204532 0.904152 0.199615 0.902341 0.195345 0.897941 0.196897 0.890694 0.206474 0.8872 0.213461 0.891342 0.213979 0.900917
0 0.152376 0.738593 0.148212 0.740906 0.142544 0.742063 0.137802 0.738824 0.139306 0.731652 0.146361 0.729802 0.152029 0.730496 0.154689 0.733966
0 0.0194492 0.945535 0.0115605 0.943384 0.00682715 0.935925 0.00955273 0.927605 0.0187324 0.925598 0.0246133 0.92574 0.0290596 0.93277 0.0250439 0.940658
1 0.0248994 0.843513 0.0305889 0.849301 0.0323848 0.861872 0.0491465 0.876438 0.0609199 0.887015 0.0637129 0.896991 0.0559307 0.91515 0.0457539 0.911758 0.0447568 0.899984 0.0327842 0.878833 0.0206123 0.884221 0.00464844 0.883821 0 0.87544 0.00105664 0.864466
0 0.423287 0.0355264 0.415125 0.038665 0.404662 0.0365723 0.403825 0.0225518 0.411358 0.0127168 0.421612 0.0127168 0.428728 0.0215059 0.428937 0.0321777
0 0.494049 0.187108 0.490743 0.187521 0.488017 0.183804 0.489752 0.179011 0.494049 0.178681 0.496114 0.180911 0.497023 0.183556 0.496692 0.185374
0 0.511104 0.115466 0.506837 0.115267 0.502868 0.110802 0.503364 0.104154 0.507829 0.101674 0.511997 0.102964 0.51537 0.106238 0.514676 0.111993
0 0.523407 0.114374 0.518446 0.11229 0.51795 0.106337 0.522018 0.103758 0.527178 0.106039 0.528666 0.110405 0.526979 0.112687
0 0.498999 0.211674 0.49233 0.211526 0.489663 0.20471 0.494553 0.199079 0.501666 0.198931 0.506407 0.201895 0.503889 0.208711
0 0.511001 0.218787 0.503592 0.217602 0.503296 0.209451 0.507593 0.201746 0.516928 0.199672 0.51915 0.208414 0.515891 0.217009
1 0.382175 0.308848 0.370038 0.309086 0.364803 0.298854 0.362186 0.284575 0.361947 0.256257 0.372418 0.24174 0.385744 0.245072 0.384224 0.280899 0.392833 0.28136 0.397138 0.287049 0.395446 0.295812 0.391142 0.302269
0 0.394228 0.281402 0.390725 0.279989 0.389003 0.275994 0.391646 0.272675 0.396379 0.272491 0.398775 0.27667 0.396379 0.281157
0 0.426826 0.290554 0.422094 0.288093 0.423229 0.282792 0.427867 0.282697 0.430896 0.286011 0.430802 0.28866
0 0.406796 0.284527 0.405294 0.284182 0.400211 0.282448 0.400789 0.274362 0.404139 0.270897 0.407835 0.273669 0.408413 0.280369
0 0.478816 0.310376 0.472494 0.308917 0.470062 0.300406 0.474317 0.293841 0.483071 0.29457 0.488421 0.299434 0.486597 0.306485 0.481005 0.309524
1 0.463504 0.293163 0.461281 0.300309 0.453024 0.305549 0.441115 0.304913 0.440004 0.293322 0.440956 0.282048 0.452865 0.279508 0.466839 0.279666 0.471126 0.286336 0.470015 0.294434
0 0.376269 0.341565 0.37232 0.338455 0.374235 0.330081 0.380575 0.329603 0.381892 0.334268 0.381293 0.339532
0 0.50556 0.445378 0.501063 0.442764 0.500123 0.436386 0.503991 0.433249 0.509742 0.432831 0.512252 0.436177 0.51267 0.4413 0.509011 0.444437
0 0.511625 0.427289 0.507233 0.423315 0.50922 0.417251 0.515075 0.415265 0.518212 0.421016 0.515284 0.427603
0 0.594313 0.456932 0.590139 0.454196 0.586973 0.446855 0.591578 0.439946 0.600071 0.441817 0.601942 0.448295 0.598775 0.454772
0 0.625729 0.474431 0.618206 0.47116 0.61281 0.464455 0.617062 0.45677 0.627691 0.455298 0.635704 0.460204 0.636031 0.468544
0 0.573509 0.278693 0.569051 0.279742 0.563282 0.277251 0.558824 0.270564 0.561708 0.262565 0.571411 0.259419 0.577573 0.262304 0.578885 0.270957
0 0.593963 0.271089 0.585179 0.270957 0.580458 0.261779 0.586752 0.254567 0.59829 0.252863 0.605895 0.254175 0.606419 0.264271 0.602354 0.268204
0 0.610509 0.282078 0.605495 0.281123 0.603228 0.277721 0.603168 0.272587 0.605197 0.269186 0.610509 0.269125 0.614091 0.273244 0.614628 0.277063 0.613314 0.280765
0 0.555729 0.296275 0.548944 0.292592 0.548265 0.286574 0.551628 0.281782 0.559783 0.281698 0.566677 0.285397 0.565584 0.291198 0.561633 0.294225
0 0.565332 0.307172 0.560792 0.3065 0.557345 0.302717 0.55642 0.296159 0.557177 0.293385 0.562137 0.292628 0.568021 0.293553 0.569619 0.298093 0.569619 0.304229
0 0.607501 0.332722 0.601501 0.332801 0.596843 0.329959 0.594475 0.324116 0.597396 0.320484 0.605291 0.319616 0.613659 0.321116 0.618554 0.325458 0.615001 0.329959
0 0.563535 0.320561 0.559517 0.318766 0.557636 0.313294 0.56003 0.308421 0.566271 0.30825 0.569861 0.313208 0.566698 0.317825
0 0.571386 0.327123 0.568177 0.325275 0.567593 0.319246 0.570705 0.315063 0.577026 0.314869 0.57868 0.321288 0.576929 0.326442
0 0.666771 0.342115 0.66233 0.339223 0.66078 0.33096 0.665429 0.325176 0.673588 0.326519 0.676687 0.331992 0.675964 0.337674 0.671729 0.341392
0 0.676874 0.468137 0.679239 0.464786 0.683082 0.464983 0.687516 0.466461 0.686334 0.471979 0.682983 0.474344 0.678647 0.472275
0 0.681407 0.465771 0.67717 0.463604 0.677859 0.458578 0.68052 0.457002 0.683378 0.455721 0.687713 0.458086 0.690275 0.463899 0.686235 0.46587
0 0.728634 0.425047 0.723654 0.423802 0.720598 0.41803 0.723541 0.411692 0.730331 0.411466 0.735312 0.413955 0.735085 0.42052
0 0.759758 0.417124 0.752175 0.409542 0.749006 0.401619 0.754777 0.394036 0.767341 0.391772 0.773226 0.39596 0.774357 0.406825 0.765643 0.416559
0 0.744464 0.393156 0.737976 0.392821 0.731934 0.386221 0.732493 0.375816 0.736856 0.368545 0.742562 0.365859 0.748379 0.366867 0.758672 0.371677 0.760462 0.381298 0.755651 0.391143
0 0.808838 0.402885 0.801232 0.401329 0.795701 0.391649 0.799677 0.379204 0.808146 0.380587 0.815925 0.387674 0.813678 0.400119
0 0.826096 0.398014 0.822344 0.398078 0.819691 0.395749 0.818203 0.391479 0.820338 0.388309 0.82422 0.388114 0.828425 0.389603 0.830431 0.392644 0.829396 0.396396
0 0.841751 0.515455 0.835154 0.514429 0.828998 0.507394 0.830317 0.496106 0.839698 0.494641 0.851278 0.498892 0.852598 0.508713 0.84908 0.512963
0 0.796846 0.496808 0.789648 0.496351 0.786449 0.489725 0.790334 0.486184 0.795703 0.487098 0.79913 0.490867 0.797417 0.494181
0 0.803543 0.509127 0.799661 0.508102 0.798636 0.503927 0.801419 0.502535 0.805154 0.502828 0.807425 0.504366 0.807132 0.507369
0 0.794266 0.214711 0.788495 0.211646 0.784348 0.202088 0.789397 0.190908 0.794807 0.186581 0.800937 0.193613 0.803102 0.20281 0.801839 0.210924
0 0.771296 0.233672 0.767681 0.231412 0.767048 0.224995 0.771114 0.220747 0.776899 0.220114 0.780062 0.22382 0.780062 0.228339 0.775272 0.232497
0 0.300281 0.671516 0.289441 0.670598 0.280808 0.662514 0.282461 0.647634 0.294219 0.640285 0.305976 0.640102 0.312405 0.649287 0.313875 0.663433 0.312038 0.669862
0 0.321553 0.650666 0.316493 0.64877 0.308483 0.64097 0.31291 0.628743 0.324082 0.626846 0.332093 0.631272 0.329984 0.642445
0 0.341194 0.674398 0.337908 0.669285 0.34065 0.664936 0.347364 0.665976 0.351619 0.671839 0.348877 0.677418 0.343771 0.675716
0 0.718503 0.544566 0.712451 0.543811 0.706249 0.536549 0.706098 0.528229 0.712905 0.523842 0.723192 0.530498 0.723344 0.540634
0 0.745636 0.54724 0.741119 0.545633 0.738517 0.53882 0.740124 0.530399 0.747319 0.526726 0.754744 0.532543 0.754975 0.539662 0.751759 0.545939
0 0.777591 0.555706 0.774292 0.555302 0.770646 0.552929 0.770356 0.547894 0.773655 0.546389 0.779385 0.546794 0.782221 0.551135 0.7795 0.555359
0 0.775876 0.568383 0.771813 0.566625 0.771483 0.558937 0.776315 0.555313 0.780379 0.558389 0.780599 0.566516
0 0.73368 0.320145 0.726062 0.318844 0.724946 0.306209 0.731821 0.294688 0.739254 0.29729 0.740369 0.310854
1 0.727748 0.586302 0.720727 0.580886 0.7117 0.571057 0.714509 0.556213 0.726143 0.55521 0.73196 0.563233 0.732161 0.580686
0 0.775892 0.588382 0.770219 0.587555 0.767973 0.58129 0.772346 0.575262 0.778965 0.578571 0.779675 0.58649
0 0.791446 0.546562 0.78821 0.54593 0.78671 0.542221 0.790262 0.538905 0.795865 0.540168 0.796576 0.543799
0 0.849827 0.624273 0.844863 0.620413 0.846794 0.610899 0.852584 0.607315 0.857548 0.612278 0.858375 0.619999
0 0.500021 0.504675 0.495407 0.50446 0.492616 0.497483 0.496373 0.493298 0.504314 0.49362 0.507105 0.501025
0 0.492724 0.497483 0.489075 0.498557 0.484567 0.497055 0.482099 0.489112 0.488002 0.483425 0.496373 0.484927 0.497769 0.491259
0 0.50985 0.966828 0.515015 0.965824 0.52018 0.967546 0.522763 0.974146 0.521471 0.981318 0.516593 0.98261 0.50985 0.981749 0.503824 0.978449 0.507268 0.970846
0 0.509993 0.965394 0.510998 0.958364 0.517167 0.953343 0.523767 0.95449 0.527783 0.961233 0.526062 0.96898 0.519463 0.969411 0.512576 0.96898
0 0.494702 0.95533 0.48767 0.953694 0.490776 0.945026 0.500753 0.941102 0.509257 0.944209 0.505986 0.951731 0.500753 0.954512
0 0.428769 0.978857 0.426261 0.979887 0.42401 0.980208 0.421116 0.980658 0.41938 0.978793 0.418479 0.975128 0.420858 0.969597 0.423495 0.96979 0.431342 0.968054 0.434106 0.96979 0.43668 0.97397 0.434942 0.977571 0.431728 0.978021
0 0.410011 0.605179 0.40484 0.606472 0.39908 0.600947 0.394378 0.590604 0.402136 0.583316 0.408248 0.584728 0.412715 0.59225 0.417651 0.596481 0.412832 0.604004
0 0.311683 0.628084 0.307038 0.629971 0.301813 0.628374 0.2992 0.621407 0.306603 0.614586 0.315892 0.616183 0.318068 0.624311
0 0.480883 0.684291 0.475579 0.684998 0.468862 0.680284 0.473576 0.672978 0.481825 0.671682 0.487718 0.675217 0.488308 0.681345
0 0.470646 0.699783 0.466976 0.70016 0.462835 0.697243 0.462741 0.691409 0.468198 0.687363 0.474879 0.687739 0.478172 0.691974 0.475726 0.697148
0 0.458407 0.705992 0.453666 0.706585 0.449687 0.706246 0.445284 0.702605 0.447485 0.697103 0.453242 0.698711 0.458407 0.701505 0.46137 0.705653
0 0.347567 0.656652 0.348856 0.66678 0.354013 0.677828 0.365062 0.678749 0.372795 0.671384 0.373532 0.659599 0.361563 0.654995
0 0.321991 0.67622 0.315914 0.67676 0.310377 0.673113 0.309297 0.667036 0.313213 0.66231 0.321316 0.662039 0.329284 0.66582 0.328474 0.675409
0 0.301306 0.77156 0.297888 0.768892 0.297972 0.76189 0.30464 0.76014 0.308475 0.765975 0.306641 0.770809
1 0.266452 0.832212 0.296631 0.819917 0.291361 0.810656 0.28226 0.809219 0.270923 0.81385 0.263738 0.822632
1 0.25241 0.941786 0.260976 0.950033 0.267954 1 0.236866 1 0.229888 0.971288 0.246065 0.940517
0 0.53166 0.900952 0.52821 0.900574 0.525963 0.898434 0.528425 0.893618 0.533348 0.893618 0.53506 0.899504
0 0.499243 0.904795 0.493311 0.908935 0.48862 0.906175 0.484895 0.90176 0.486412 0.893896 0.493725 0.892517 0.501727 0.897483
0 0.405769 0.909932 0.401752 0.911494 0.396843 0.9077 0.399632 0.898328 0.406215 0.894423 0.410455 0.898662 0.410231 0.90558
0 0.998623 0.242561 0.983354 0.242283 0.965029 0.235897 0.955035 0.218685 0.966973 0.200916 0.99307 0.193142 1 0.197028 1 0.242006
0 0.969495 0.318402 0.964227 0.321915 0.95241 0.31984 0.944905 0.308184 0.951932 0.296208 0.960873 0.29046 0.977 0.287426 0.985144 0.295729 0.985303 0.308343 0.980354 0.31473
0 0.956816 0.994845 0.950312 0.995376 0.944868 0.992057 0.943938 0.981834 0.951506 0.975993 0.959472 0.976789 0.962658 0.984489 0.962127 0.992189
1 0.967226 1 0.967424 0.985552 0.96108 0.967316 0.968612 0.947296 0.982092 0.933421 0.999931 0.927276 1 1
0 0.104492 0.0957031 0.100586 0.0908203 0.0986328 0.0810547 0.0986328 0.0761719 0.0976562 0.0683594 0.0986328 0.0625 0.100586 0.0576172 0.104492 0.0546875 0.104492 0.0546875 0.109375 0.0507812 0.118164 0.0478516 0.123047 0.046875 0.123047 0.046875 0.128906 0.046875 0.135742 0.0488281 0.139648 0.0546875 0.138672 0.0605469 0.140625 0.0703125 0.140625 0.0703125 0.138672 0.0761719 0.134766 0.0820312 0.129883 0.0869141 0.129883 0.0869141 0.12207 0.0898438 0.113281 0.0976562 0.113281 0.0957031
1 0.171875 0.0292969 0.175781 0.0253906 0.182617 0.0234375 0.19043 0.0234375 0.194336 0.0205078 0.196289 0.0253906 0.200195 0.0302734 0.204102 0.0332031 0.206055 0.0390625 0.212891 0.0429688 0.212891 0.0507812 0.212891 0.0507812 0.216797 0.0556641 0.212891 0.0615234 0.204102 0.0585938 0.200195 0.0615234 0.196289 0.0654297 0.188477 0.0585938 0.180664 0.0585938 0.173828 0.0556641 0.171875 0.0498047 0.165039 0.0478516 0.160156 0.0429688 0.163086 0.0351562
0 0.0683594 0.0976562 0.0712891 0.0947266 0.0693359 0.0859375 0.0634766 0.0771484 0.0595703 0.0800781 0.0556641 0.0839844 0.0527344 0.0869141 0.0527344 0.0869141 0.0517578 0.0917969 0.0507812 0.0976562 0.0498047 0.101562 0.0556641 0.106445 0.0625 0.107422
1 0.713867 0.168945 0.716797 0.164062 0.720703 0.158203 0.727539 0.155273 0.735352 0.15625 0.738281 0.160156 0.746094 0.163086 0.746094 0.169922 0.750977 0.173828 0.748047 0.178711 0.748047 0.178711 0.748047 0.185547 0.755859 0.186523 0.755859 0.186523 0.761719 0.1875 0.769531 0.191406 0.769531 0.191406 0.774414 0.193359 0.78125 0.200195 0.77832 0.204102 0.769531 0.205078 0.760742 0.207031 0.760742 0.207031 0.753906 0.209961 0.75 0.205078 0.739258 0.204102 0.732422 0.200195 0.728516 0.193359 0.730469 0.185547 0.728516 0.180664 0.720703 0.177734
1 0.999023 0.174805 0.990234 0.178711 0.982422 0.176758 0.975586 0.166992 0.974609 0.157227 0.977539 0.145508 0.977539 0.136719 0.980469 0.130859 0.981445 0.121094 0.983398 0.108398 0.985352 0.102539 0.984375 0.0966797 0.980469 0.0869141 0.984375 0.078125 0.988281 0.0693359 0.992188 0.0625 0.991211 0.0517578 0.993164 0.0439453 0.993164 0.0371094 0.990234 0.03125 0.985352 0.0263672 1 0.0263672
0 0.981445 0.283203 0.972656 0.283203 0.970703 0.27832 0.96875 0.272461 0.97168 0.267578 0.978516 0.262695 0.985352 0.262695 0.987305 0.270508 0.988281 0.277344 0.988281 0.277344
0 0.96875 0.269531 0.963867 0.266602 0.961914 0.259766 0.964844 0.253906 0.970703 0.24707 0.981445 0.244141 0.986328 0.248047 0.988281 0.256836 0.989258 0.261719 0.978516 0.260742
1 0.999023 0.398438 0.993164 0.395508 0.988281 0.399414 0.988281 0.399414 0.984375 0.402344 0.987305 0.40625 0.989258 0.411133 0.992188 0.423828 0.998047 0.424805 0.998047 0.424805 1 0.425781
0 0.988281 0.423828 0.982422 0.423828 0.976562 0.420898 0.972656 0.415039 0.97168 0.410156 0.976562 0.405273 0.976562 0.405273 0.982422 0.404297 0.986328 0.407227 0.989258 0.415039
1 0.952148 0.416992 0.950195 0.412109 0.952148 0.40625 0.959961 0.40918 0.963867 0.413086 0.972656 0.416016 0.973633 0.419922 0.978516 0.423828 0.985352 0.425781 0.984375 0.429688 0.977539 0.429688 0.970703 0.429688 0.963867 0.425781 0.958984 0.421875
1 0.885742 0.772461 0.883789 0.765625 0.884766 0.757812 0.891602 0.751953 0.894531 0.74707 0.902344 0.74707 0.913086 0.749023 0.918945 0.750977 0.918945 0.750977 0.924805 0.750977 0.930664 0.753906 0.935547 0.75293 0.9375 0.755859 0.943359 0.755859 0.950195 0.761719 0.948242 0.767578 0.948242 0.767578 0.946289 0.772461 0.942383 0.772461 0.930664 0.772461 0.923828 0.768555 0.920898 0.774414 0.918945 0.780273 0.913086 0.779297 0.911133 0.774414 0.905273 0.776367 0.900391 0.779297 0.892578 0.780273
0 0.961914 0.77832 0.961914 0.773438 0.963867 0.768555 0.96875 0.764648 0.976562 0.763672 0.980469 0.767578 0.980469 0.777344 0.979492 0.78125 0.972656 0.78418 0.972656 0.78418
1 0.985352 0.777344 0.981445 0.772461 0.981445 0.765625 0.985352 0.758789 0.989258 0.751953 0.994141 0.745117 0.99707 0.738281 1 0.733398 1 0.766602 0.998047 0.772461 0.992188 0.774414
1 0.975586 0.898438 0.967773 0.896484 0.963867 0.890625 0.96582 0.885742 0.969727 0.882812 0.973633 0.876953 0.974609 0.868164 0.973633 0.862305 0.970703 0.854492 0.970703 0.849609 0.977539 0.848633 0.977539 0.848633 0.982422 0.84668 0.985352 0.84375 0.989258 0.848633 0.989258 0.855469 0.989258 0.855469 0.987305 0.860352 0.988281 0.867188 0.986328 0.87207 0.983398 0.885742 0.982422 0.892578
0 0.93457 1 0.93457 0.995117 0.929688 0.991211 0.924805 0.991211 0.919922 0.996094 0.919922 0.999023
0 0.918945 0.996094 0.916016 0.991211 0.919922 0.983398 0.922852 0.983398 0.926758 0.989258
0 0.933594 0.992188 0.936523 0.990234 0.9375 0.987305 0.9375 0.984375 0.938477 0.979492 0.938477 0.977539 0.9375 0.974609 0.935547 0.97168 0.933594 0.96875 0.931641 0.96582 0.926758 0.962891 0.921875 0.961914 0.918945 0.962891 0.916992 0.964844 0.917969 0.966797 0.919922 0.969727 0.921875 0.973633 0.920898 0.975586 0.918945 0.978516 0.916992 0.980469 0.916992 0.988281 0.919922 0.982422 0.922852 0.982422 0.925781 0.986328 0.925781 0.986328 0.927734 0.989258 0.927734 0.990234
0 0.951172 0.996094 0.949219 0.999023 0.948242 1 0.936523 1 0.935547 0.998047 0.935547 0.994141 0.933594 0.993164 0.9375 0.989258 0.938477 0.983398 0.938477 0.983398 0.943359 0.980469 0.943359 0.985352 0.944336 0.990234 0.944336 0.993164 0.948242 0.996094
0 0.954102 0.97168 0.958984 0.967773 0.958984 0.967773 0.960938 0.962891 0.958008 0.958008 0.957031 0.955078 0.951172 0.950195 0.949219 0.947266 0.945312 0.949219 0.941406 0.947266 0.9375 0.944336 0.932617 0.944336 0.930664 0.948242 0.93457 0.954102 0.936523 0.954102 0.938477 0.953125 0.941406 0.957031 0.943359 0.958984 0.945312 0.959961 0.948242 0.963867
1 0.854492 0.929688 0.858398 0.929688 0.864258 0.925781 0.868164 0.919922 0.868164 0.916992 0.868164 0.913086 0.875 0.917969 0.875 0.917969 0.876953 0.916016 0.875 0.913086 0.875 0.911133 0.876953 0.908203 0.87793 0.905273 0.880859 0.902344 0.880859 0.901367 0.884766 0.902344 0.887695 0.905273 0.887695 0.910156 0.887695 0.910156 0.890625 0.910156 0.892578 0.907227 0.895508 0.908203 0.899414 0.910156 0.90625 0.913086 0.910156 0.915039 0.915039 0.914062 0.915039 0.914062 0.921875 0.913086 0.921875 0.917969 0.919922 0.920898 0.917969 0.924805 0.916016 0.927734 0.914062 0.930664 0.915039 0.933594 0.918945 0.93457 0.921875 0.931641 0.923828 0.927734 0.924805 0.922852 0.927734 0.916992 0.929688 0.912109 0.924805 0.90918 0.916992 0.907227 0.911133 0.905273 0.908203 0.902344 0.904297 0.901367 0.901367 0.901367 0.897461 0.899414 0.892578 0.898438 0.887695 0.895508 0.882812 0.894531 0.878906 0.894531 0.873047 0.894531 0.869141 0.894531 0.865234 0.891602 0.860352 0.890625 0.858398 0.893555 0.853516 0.893555 0.848633 0.897461 0.847656 0.90332 0.848633 0.90625 0.852539 0.90625 0.855469 0.908203 0.855469 0.913086 0.852539 0.916016 0.853516 0.920898 0.852539 0.925781
1 0.887695 0.803711 0.882812 0.803711 0.882812 0.794922 0.884766 0.792969 0.887695 0.791016 0.891602 0.791016 0.892578 0.794922 0.896484 0.791992 0.900391 0.791992 0.905273 0.792969 0.90918 0.794922 0.913086 0.796875 0.924805 0.795898 0.927734 0.797852 0.930664 0.801758 0.925781 0.807617 0.920898 0.807617 0.914062 0.805664 0.911133 0.805664 0.907227 0.804688 0.90332 0.804688 0.902344 0.802734 0.898438 0.802734 0.894531 0.802734
1 0.933594 0.822266 0.936523 0.824219 0.938477 0.821289 0.941406 0.819336 0.942383 0.816406 0.945312 0.81543 0.948242 0.8125 0.950195 0.8125 0.954102 0.81543 0.955078 0.819336 0.958008 0.821289 0.960938 0.823242 0.967773 0.824219 0.967773 0.824219 0.96875 0.823242 0.97168 0.818359 0.970703 0.81543 0.966797 0.811523 0.963867 0.80957 0.959961 0.808594 0.958008 0.807617 0.953125 0.807617 0.948242 0.805664 0.948242 0.802734 0.946289 0.799805 0.94043 0.797852 0.9375 0.798828 0.935547 0.803711 0.9375 0.804688 0.9375 0.806641 0.932617 0.806641 0.929688 0.811523 0.929688 0.816406
0 0.677734 0.844727 0.668945 0.844727 0.665039 0.836914 0.664062 0.831055 0.665039 0.827148 0.671875 0.824219 0.677734 0.820312 0.68457 0.819336 0.68457 0.819336 0.689453 0.816406 0.695312 0.820312 0.697266 0.827148 0.698242 0.833984 0.69043 0.837891
0 0.512695 0.923828 0.509766 0.919922 0.507812 0.915039 0.512695 0.912109 0.516602 0.90918 0.522461 0.90918 0.527344 0.90918 0.53125 0.914062 0.53125 0.919922 0.53125 0.919922 0.529297 0.925781
0 0.351562 0.998047 0.355469 0.993164 0.357422 0.986328 0.355469 0.982422 0.351562 0.980469 0.34082 0.979492 0.334961 0.981445 0.332031 0.987305 0.331055 0.993164 0.332031 0.999023
1 0.382812 0.945312 0.379883 0.946289 0.378906 0.94043 0.379883 0.93457 0.379883 0.928711 0.380859 0.921875 0.380859 0.917969 0.387695 0.916992 0.393555 0.916016 0.393555 0.916016 0.40332 0.916016 0.405273 0.918945 0.415039 0.918945 0.415039 0.918945 0.423828 0.922852 0.431641 0.924805 0.431641 0.924805 0.444336 0.924805 0.454102 0.926758 0.454102 0.926758 0.464844 0.930664 0.460938 0.933594 0.455078 0.93457 0.446289 0.931641 0.433594 0.931641 0.423828 0.93457 0.414062 0.931641 0.414062 0.931641 0.40332 0.931641 0.40332 0.931641 0.393555 0.933594 0.389648 0.941406 0.389648 0.941406 0.386719 0.949219
0 0.0380859 0.938477 0.0341797 0.9375 0.0332031 0.927734 0.0332031 0.927734 0.0380859 0.925781 0.0429688 0.927734 0.0449219 0.93457 0.0449219 0.93457
1 0.00585938 0.930664 0.00195312 0.925781 0 0.925781 0 0.886719 0.00292969 0.885742 0.0078125 0.886719 0.0078125 0.886719 0.0126953 0.890625 0.0126953 0.896484 0.00878906 0.899414 0.00976562 0.904297 0.0136719 0.90625 0.015625 0.913086 0.0107422 0.916992 0.00976562 0.919922 0.0126953 0.925781
0 0.108398 0.891602 0.102539 0.890625 0.0976562 0.886719 0.0957031 0.879883 0.0966797 0.875 0.103516 0.87207 0.111328 0.870117 0.118164 0.874023 0.121094 0.876953 0.121094 0.883789 0.119141 0.889648
1 0.108398 0.856445 0.103516 0.854492 0.101562 0.847656 0.102539 0.842773 0.107422 0.838867 0.112305 0.835938 0.112305 0.835938 0.119141 0.832031 0.12207 0.834961 0.124023 0.837891 0.124023 0.845703 0.123047 0.848633 0.119141 0.850586 0.118164 0.855469
0 0.130859 0.807617 0.126953 0.806641 0.125977 0.799805 0.123047 0.793945 0.126953 0.790039 0.126953 0.790039 0.132812 0.792969 0.137695 0.796875 0.140625 0.800781 0.134766 0.804688
0 0.141602 0.811523 0.137695 0.806641 0.137695 0.806641 0.138672 0.803711 0.140625 0.798828 0.145508 0.799805 0.145508 0.799805 0.150391 0.802734 0.151367 0.805664 0.149414 0.810547 0.149414 0.810547
0 0.144531 0.826172 0.140625 0.822266 0.140625 0.822266 0.141602 0.81543 0.144531 0.814453 0.149414 0.8125 0.149414 0.8125 0.154297 0.80957 0.158203 0.807617 0.162109 0.811523 0.162109 0.816406 0.162109 0.821289 0.158203 0.825195 0.150391 0.829102
1 0.119141 0.830078 0.128906 0.830078 0.132812 0.825195 0.134766 0.817383 0.134766 0.8125 0.132812 0.80957 0.128906 0.808594 0.125 0.808594 0.121094 0.811523 0.119141 0.8125 0.117188 0.81543 0.114258 0.8125 0.114258 0.808594 0.109375 0.806641 0.106445 0.807617 0.100586 0.80957 0.0986328 0.813477 0.0957031 0.818359 0.0957031 0.826172 0.0996094 0.830078 0.109375 0.833008 0.111328 0.834961
0 0.0644531 0.834961 0.0576172 0.833984 0.0498047 0.829102 0.0498047 0.829102 0.0517578 0.821289 0.0537109 0.816406 0.0595703 0.819336 0.0664062 0.825195 0.0673828 0.831055
0 0.0791016 0.791016 0.0761719 0.789062 0.0751953 0.783203 0.0820312 0.775391 0.0820312 0.775391 0.0878906 0.777344 0.0878906 0.777344 0.0917969 0.782227 0.0908203 0.789062
0 0.0917969 0.772461 0.0839844 0.774414 0.0791016 0.774414 0.078125 0.771484 0.0820312 0.765625 0.0878906 0.763672 0.0898438 0.759766 0.0947266 0.758789 0.0966797 0.766602
1 0.116211 0.74707 0.111328 0.74707 0.109375 0.743164 0.112305 0.740234 0.121094 0.737305 0.121094 0.737305 0.125977 0.737305 0.12793 0.741211 0.129883 0.746094 0.131836 0.750977 0.132812 0.754883 0.131836 0.758789 0.132812 0.762695 0.133789 0.767578 0.134766 0.771484 0.134766 0.771484 0.134766 0.776367 0.134766 0.776367 0.136719 0.78125 0.136719 0.78125 0.135742 0.786133 0.141602 0.792969 0.141602 0.792969 0.143555 0.796875 0.138672 0.796875 0.12793 0.788086 0.123047 0.793945 0.124023 0.801758 0.124023 0.801758 0.119141 0.802734 0.112305 0.801758 0.113281 0.794922 0.116211 0.789062 0.113281 0.783203 0.118164 0.779297 0.117188 0.770508 0.117188 0.764648 0.119141 0.758789 0.121094 0.751953
0 0.824219 0.780273 0.819336 0.777344 0.820312 0.773438 0.824219 0.769531 0.833984 0.773438 0.832031 0.77832 0.832031 0.77832
1 0.28125 0.763672 0.275391 0.762695 0.276367 0.756836 0.277344 0.75293 0.276367 0.748047 0.279297 0.742188 0.279297 0.742188 0.282227 0.738281 0.287109 0.735352 0.293945 0.740234 0.291992 0.744141 0.291016 0.749023 0.289062 0.75293 0.290039 0.758789 0.287109 0.760742
1 0.0527344 0.702148 0.0498047 0.697266 0.0458984 0.694336 0.0449219 0.69043 0.0546875 0.688477 0.0576172 0.69043 0.0615234 0.692383 0.0654297 0.688477 0.0703125 0.685547 0.0742188 0.68457 0.0800781 0.686523 0.0820312 0.689453 0.0830078 0.697266 0.0839844 0.701172 0.0791016 0.704102 0.0742188 0.705078 0.0742188 0.705078 0.0703125 0.704102 0.0634766 0.702148 0.0576172 0.704102
1 0.0410156 0.69043 0.0351562 0.689453 0.03125 0.681641 0.0292969 0.674805 0.03125 0.669922 0.0292969 0.665039 0.03125 0.661133 0.0351562 0.657227 0.0380859 0.657227 0.0419922 0.658203 0.0429688 0.664062 0.0449219 0.668945 0.0439453 0.673828 0.0419922 0.676758 0.0439453 0.681641 0.046875 0.6875
1 0.133789 0.624023 0.130859 0.618164 0.130859 0.618164 0.129883 0.612305 0.130859 0.608398 0.134766 0.605469 0.141602 0.599609 0.143555 0.594727 0.147461 0.592773 0.15332 0.597656 0.15332 0.602539 0.150391 0.605469 0.143555 0.613281 0.140625 0.616211 0.141602 0.621094
0 0.174805 0.34082 0.169922 0.341797 0.167969 0.337891 0.172852 0.333008 0.177734 0.331055 0.182617 0.332031 0.186523 0.338867 0.181641 0.339844
0 0.158203 0.326172 0.154297 0.323242 0.155273 0.318359 0.15918 0.317383 0.164062 0.317383 0.166992 0.321289 0.166992 0.321289 0.166016 0.326172
0 0.0527344 0.254883 0.046875 0.25 0.0488281 0.245117 0.0537109 0.242188 0.0595703 0.243164 0.0634766 0.249023 0.0576172 0.253906
0 0.0263672 0.227539 0.0205078 0.22168 0.0214844 0.21582 0.0263672 0.21582 0.0332031 0.216797 0.0332031 0.216797 0.0371094 0.222656 0.0371094 0.228516 0.0371094 0.228516
0 0.0166016 0.0761719 0.0166016 0.0703125 0.0136719 0.0664062 0.0078125 0.0625 0.0078125 0.0625 0.00390625 0.0664062 0.00488281 0.0693359 0.0078125 0.0742188 0.0136719 0.0771484
0 0.0224609 0.0820312 0.0175781 0.0771484 0.0175781 0.0732422 0.0195312 0.0673828 0.0234375 0.0654297 0.0292969 0.0673828 0.0302734 0.0722656 0.0302734 0.0771484
0 0.0302734 0.0693359 0.0292969 0.0644531 0.0380859 0.0634766 0.0380859 0.0634766 0.0390625 0.0683594 0.0380859 0.0712891
1 0.0244141 0.0957031 0.0224609 0.0898438 0.0283203 0.0820312 0.03125 0.0771484 0.0361328 0.0722656 0.0400391 0.0742188 0.0410156 0.0800781 0.0390625 0.0878906 0.0390625 0.0878906 0.0332031 0.0908203
1 0.4375 0.625977 0.43457 0.620117 0.44043 0.615234 0.44043 0.615234 0.446289 0.613281 0.451172 0.614258 0.456055 0.617188 0.462891 0.616211 0.462891 0.616211 0.46875 0.625 0.461914 0.62793 0.458984 0.631836 0.453125 0.632812
0 0.326172 0.520508 0.324219 0.517578 0.322266 0.510742 0.324219 0.504883 0.331055 0.500977 0.335938 0.503906 0.338867 0.508789 0.336914 0.514648 0.333984 0.518555
0 0.337891 0.498047 0.331055 0.498047 0.326172 0.492188 0.333008 0.488281 0.337891 0.491211
0 0.336914 0.487305 0.34082 0.484375 0.342773 0.479492 0.337891 0.473633 0.333008 0.473633 0.331055 0.479492 0.331055 0.479492 0.333008 0.487305
0 0.402344 0.0810547 0.399414 0.0703125 0.399414 0.0703125 0.405273 0.0664062 0.414062 0.0644531 0.418945 0.0654297 0.419922 0.0712891 0.419922 0.0771484 0.416992 0.0820312 0.416992 0.0820312 0.411133 0.0820312
0 0.660156 0.28125 0.657227 0.275391 0.658203 0.268555 0.662109 0.264648 0.667969 0.264648 0.667969 0.264648 0.672852 0.265625 0.677734 0.268555 0.676758 0.277344 0.674805 0.280273 0.667969 0.280273
0 0.689453 0.288086 0.683594 0.288086 0.682617 0.283203 0.686523 0.27832 0.69043 0.274414 0.695312 0.271484 0.699219 0.273438 0.703125 0.273438 0.708008 0.273438 0.711914 0.275391 0.711914 0.275391 0.711914 0.280273 0.708008 0.28418 0.700195 0.288086 0.694336 0.288086
0 0.635742 0.34082 0.632812 0.337891 0.634766 0.332031 0.642578 0.331055 0.647461 0.333008 0.647461 0.333008 0.646484 0.336914 0.644531 0.339844
0 0.633789 0.365234 0.626953 0.362305 0.626953 0.355469 0.626953 0.355469 0.631836 0.353516 0.636719 0.355469 0.638672 0.360352
0 0.629883 0.387695 0.624023 0.384766 0.624023 0.380859 0.626953 0.37793 0.630859 0.375 0.637695 0.378906 0.635742 0.383789
1 0.71582 0.387695 0.710938 0.389648 0.707031 0.384766 0.707031 0.379883 0.708984 0.373047 0.705078 0.371094 0.704102 0.366211 0.708008 0.362305 0.708008 0.362305 0.713867 0.360352 0.713867 0.360352 0.720703 0.360352 0.726562 0.360352 0.730469 0.365234 0.735352 0.368164 0.732422 0.373047 0.730469 0.380859 0.730469 0.380859 0.730469 0.386719 0.726562 0.389648 0.726562 0.389648
0 0.711914 0.448242 0.707031 0.447266 0.701172 0.441406 0.702148 0.43457 0.706055 0.427734 0.711914 0.425781 0.71582 0.424805 0.71875 0.427734 0.724609 0.429688 0.727539 0.435547 0.724609 0.441406 0.72168 0.448242
1 0.695312 0.481445 0.698242 0.484375 0.708008 0.485352 0.711914 0.488281 0.714844 0.492188 0.71875 0.494141 0.724609 0.498047 0.730469 0.496094 0.744141 0.494141 0.75 0.490234 0.753906 0.485352 0.754883 0.476562 0.756836 0.47168 0.756836 0.464844 0.756836 0.464844 0.757812 0.458984 0.758789 0.454102 0.755859 0.449219 0.751953 0.449219 0.748047 0.451172 0.744141 0.453125 0.740234 0.455078 0.737305 0.463867 0.734375 0.464844 0.726562 0.460938 0.722656 0.450195 0.722656 0.450195 0.717773 0.448242 0.711914 0.448242 0.706055 0.448242 0.706055 0.448242 0.702148 0.452148 0.703125 0.459961 0.702148 0.462891 0.700195 0.467773 0.698242 0.472656
0 0.636719 0.473633 0.636719 0.467773 0.639648 0.463867 0.639648 0.458008 0.644531 0.457031 0.647461 0.459961 0.651367 0.463867 0.649414 0.472656 0.644531 0.476562 0.644531 0.476562
0 0.805664 0.417969 0.800781 0.414062 0.801758 0.40625 0.805664 0.402344 0.811523 0.40332 0.814453 0.40332 0.814453 0.40918 0.813477 0.414062
0 0.763672 0.386719 0.760742 0.378906 0.763672 0.374023 0.768555 0.374023 0.774414 0.375 0.780273 0.375977 0.78418 0.378906 0.782227 0.385742 0.782227 0.383789 0.773438 0.384766 0.767578 0.383789
0 0.787109 0.390625 0.78418 0.383789 0.786133 0.378906 0.795898 0.378906 0.795898 0.378906 0.796875 0.383789 0.795898 0.388672
0 0.834961 0.492188 0.829102 0.490234 0.829102 0.490234 0.824219 0.485352 0.825195 0.480469 0.827148 0.476562 0.833008 0.475586 0.837891 0.476562 0.841797 0.475586 0.84375 0.480469 0.841797 0.485352
0 0.987305 0.366211 0.982422 0.366211 0.980469 0.362305 0.985352 0.356445 0.989258 0.352539 0.994141 0.351562 0.99707 0.355469 0.99707 0.355469 0.996094 0.363281 0.996094 0.361328
0 0.881836 0.475586 0.87793 0.47168 0.879883 0.466797 0.880859 0.461914 0.887695 0.458984 0.887695 0.458984 0.891602 0.462891 0.891602 0.462891 0.894531 0.467773 0.891602 0.475586
0 0.807617 0.541992 0.801758 0.539062 0.806641 0.530273 0.817383 0.533203 0.819336 0.538086 0.8125 0.542969
0 0.466797 0.890625 0.464844 0.882812 0.470703 0.87793 0.475586 0.884766 0.475586 0.888672
1 0.239258 0.320312 0.232422 0.317383 0.233398 0.313477 0.242188 0.3125 0.242188 0.3125 0.245117 0.317383 0.249023 0.317383 0.255859 0.316406 0.259766 0.319336 0.264648 0.317383 0.266602 0.323242 0.265625 0.330078 0.264648 0.334961 0.263672 0.342773 0.259766 0.349609 0.257812 0.353516 0.253906 0.356445 0.248047 0.355469 0.249023 0.348633 0.250977 0.344727 0.248047 0.339844 0.245117 0.335938 0.243164 0.330078 0.239258 0.330078
