0 0.0878506 0.0249785 0.0822197 0.0223281 0.0778799 0.0182881 0.0763828 0.00975684 0.0783281 0.000777344 0.09075 0 0.0946416 0.00152539 0.0967373 0.00781152 0.0965869 0.0151445 0.0934443 0.0202334
1 0.132633 0.0565469 0.123487 0.0578086 0.115919 0.0483477 0.125694 0.0316348 0.125064 0.0123994 0.127815 0 0.147524 0 0.150842 0.00774316 0.150062 0.0235488 0.151037 0.0389648 0.142841 0.0481357
0 0.0758564 0.0633115 0.0692559 0.064835 0.0657012 0.0508711 0.068748 0.0366533 0.079665 0.0325908 0.0842354 0.0427471 0.0829658 0.0574727
0 0.0251143 0.109559 0.0222773 0.108866 0.0216543 0.105268 0.0230391 0.101808 0.0269834 0.100424 0.0300967 0.101255 0.0314814 0.103884 0.0277441 0.107897
0 0.0203594 0.117625 0.0172275 0.116233 0.0164443 0.111797 0.0196631 0.10997 0.0238398 0.111014 0.0233174 0.115103
0 0.0125293 0.123106 0.0100938 0.120583 0.0121816 0.117017 0.0152266 0.117538 0.01775 0.119452 0.0151396 0.121888
0 0.00119336 0.112893 0.00540723 0.115446 0.00617285 0.120554 0.00234277 0.123873 0 0.126299 4.49219e-05 0.115063
0 0.0762041 0.107122 0.0712109 0.10475 0.0658438 0.0993828 0.0652197 0.0912695 0.0695889 0.0860273 0.0779512 0.0874004 0.0818213 0.0898965 0.0798232 0.100881
0 0.0881865 0.109993 0.0811963 0.10812 0.0798232 0.10188 0.0809473 0.0935166 0.0853154 0.0907705 0.0914316 0.0922686 0.0962998 0.0966367 0.0949268 0.105874 0.0924307 0.109743
0 0.0811133 0.146007 0.0762031 0.146567 0.0707324 0.143622 0.072416 0.136187 0.0763438 0.134925 0.0804121 0.136608 0.0818145 0.140957
1 0.13719 0.119925 0.131264 0.113998 0.123114 0.11085 0.117558 0.104923 0.120336 0.0945498 0.128855 0.0949209 0.136449 0.0980693 0.144414 0.102885 0.151268 0.105479 0.150526 0.113628 0.142562 0.117146
0 0.164234 0.159293 0.160695 0.158188 0.15782 0.152989 0.160695 0.148566 0.165229 0.148014 0.168216 0.152105 0.166778 0.15675
0 0.194036 0.16455 0.189744 0.163857 0.187806 0.157766 0.190159 0.150566 0.19639 0.150013 0.20262 0.153889 0.202343 0.16095
0 0.195836 0.176596 0.190574 0.175626 0.189458 0.169641 0.193095 0.166596 0.19614 0.168456 0.198085 0.173361
0 0.198633 0.11395 0.191635 0.112726 0.188496 0.108146 0.189707 0.100998 0.194189 0.0995449 0.198309 0.10221 0.200731 0.106329
0 0.177108 0.112871 0.17311 0.110085 0.170324 0.10427 0.174079 0.0995449 0.180742 0.0990605 0.183407 0.104148 0.182075 0.110206
0 0.223144 0.117838 0.218298 0.116384 0.21745 0.110206 0.219752 0.103785 0.223871 0.102331 0.227868 0.104512 0.229443 0.110327 0.22799 0.114324
0 0.241438 0.166295 0.232562 0.165978 0.227879 0.16071 0.2317 0.154775 0.238922 0.15422 0.242116 0.158804 0.241283 0.16297
0 0.233991 0.176708 0.232681 0.177078 0.231416 0.176007 0.232584 0.173379 0.234238 0.173769 0.234044 0.175618
0 0.255395 0.138572 0.252078 0.137136 0.251857 0.131278 0.256168 0.128294 0.25871 0.131168 0.257936 0.136473
0 0.263462 0.126416 0.260835 0.125765 0.259556 0.124324 0.259769 0.120699 0.262274 0.119473 0.26494 0.119419 0.266113 0.120858 0.265313 0.123845
0 0.26512 0.156475 0.261026 0.154706 0.260109 0.151629 0.260109 0.147635 0.263842 0.146194 0.267378 0.146587 0.268753 0.149992 0.266919 0.15451
0 0.264497 0.165642 0.262205 0.164855 0.261615 0.160927 0.263057 0.158046 0.26489 0.157129 0.267247 0.158177 0.267771 0.160271 0.26764 0.163808
0 0.265086 0.174284 0.262598 0.173695 0.261681 0.16898 0.26358 0.167147 0.265676 0.167082 0.267901 0.168915 0.267116 0.173302
0 0.245747 0.0716582 0.241568 0.0717441 0.239854 0.0687236 0.241242 0.0638262 0.245405 0.0633359 0.248671 0.0660303 0.248018 0.0704385
0 0.283011 0.109587 0.274688 0.104778 0.271914 0.0946064 0.281716 0.0870244 0.291518 0.0879492 0.29947 0.0949766 0.301874 0.107183 0.299655 0.115319
1 0.303332 0 0.302939 0.0203535 0.299676 0.0546699 0.301646 0.0765869 0.303616 0.0992432 0.314698 0.1054 0.320608 0.0903779 0.323071 0.0765869 0.322086 0.0426025 0.323552 0
0 0.345047 0.136261 0.334178 0.134449 0.32821 0.120049 0.330439 0.110523 0.339356 0.111942 0.348274 0.11336 0.353746 0.123899 0.351111 0.131601
0 0.337015 0.0293115 0.330708 0.0265078 0.327827 0.0152725 0.331674 0.0122275 0.336802 0.0115869 0.340488 0.0138301 0.342571 0.018959 0.339206 0.0268115
0 0.366906 0.000423828 0.369729 0.00592969 0.375376 0.00677637 0.379188 0 0.368177 0
0 0.371438 0.0456729 0.364558 0.0452139 0.362723 0.0384863 0.36731 0.0312998 0.373273 0.0335928 0.373426 0.0403213
0 0.390246 0.0586699 0.382601 0.0560703 0.379695 0.0467432 0.38153 0.0380273 0.392998 0.036498 0.39835 0.0415439 0.395751 0.0510244
0 0.440417 0.0744648 0.435557 0.0748984 0.433873 0.0715313 0.434824 0.0669922 0.438045 0.0650166 0.440974 0.0665537 0.442584 0.0694814 0.44112 0.0727021
0 0.429555 0.0756299 0.426699 0.0733613 0.425162 0.0688223 0.427139 0.0637715 0.430506 0.0634795 0.432922 0.0653818 0.433653 0.069042 0.433653 0.0735068
0 0.419804 0.0739551 0.415557 0.0721621 0.413292 0.0677266 0.414896 0.0628184 0.418482 0.0611201 0.422352 0.0627246 0.424522 0.066499 0.42254 0.0715957
0 0.410743 0.0631963 0.407157 0.0631963 0.406024 0.0573447 0.40895 0.0549854 0.412254 0.0549854 0.41499 0.0583828 0.412159 0.0620635
0 0.406499 0.0298916 0.400116 0.0270029 0.401392 0.0196094 0.406107 0.0170605 0.411462 0.0196094 0.412864 0.0233066 0.411462 0.0272588
1 0.407313 0 0.410687 0.00792871 0.415117 0.0159443 0.427141 0.0176318 0.43579 0.0140459 0.442962 0
0 0.428499 0.0617109 0.42234 0.0611377 0.417082 0.0549658 0.416281 0.0489082 0.421082 0.0444502 0.427826 0.0439932 0.432169 0.0474219 0.432854 0.054166 0.431712 0.0597666
0 0.475192 0.0767998 0.465621 0.0812354 0.456982 0.076333 0.460951 0.0571895 0.472624 0.0511201 0.481263 0.0571895 0.478694 0.0725977
0 0.305239 0.166153 0.298901 0.165361 0.29452 0.157808 0.300499 0.153024 0.305881 0.156463 0.313057 0.158257 0.31186 0.164983
0 0.187246 0.217669 0.182203 0.215474 0.177376 0.210146 0.17954 0.201324 0.186531 0.197496 0.192856 0.198827 0.193688 0.206984 0.191358 0.212644
0 0.196166 0.223076 0.193166 0.22253 0.191985 0.217351 0.195166 0.213806 0.198528 0.213896 0.20071 0.216441 0.199256 0.220531
0 0.149386 0.208217 0.14679 0.207588 0.145768 0.202712 0.148914 0.200981 0.150723 0.201847 0.152296 0.204678
0 0.139683 0.207501 0.137095 0.206782 0.136663 0.201605 0.140258 0.199735 0.142847 0.200958 0.143206 0.2052
0 0.151374 0.19842 0.148848 0.197028 0.148214 0.194114 0.150938 0.192783 0.153156 0.19367 0.153156 0.196142
0 0.144247 0.237229 0.138808 0.237549 0.134808 0.230509 0.139287 0.223148 0.146008 0.225068 0.146808 0.231629
0 0.128888 0.235469 0.122487 0.233229 0.121847 0.224589 0.128728 0.221549 0.133047 0.226988 0.132888 0.233068
0 0.152265 0.243955 0.146781 0.242683 0.145411 0.237493 0.149523 0.234654 0.154026 0.23671 0.153831 0.241605
0 0.166553 0.228861 0.162793 0.227665 0.161427 0.223992 0.162708 0.220574 0.16604 0.219891 0.168773 0.2216 0.169543 0.224333 0.167577 0.226555
0 0.16422 0.242992 0.161512 0.241933 0.162115 0.237018 0.16517 0.237629 0.166867 0.239122 0.167071 0.242178
0 0.13493 0.284647 0.13065 0.283681 0.128526 0.279432 0.132572 0.276296 0.136113 0.277712 0.137428 0.283073
0 0.144044 0.275579 0.14058 0.275085 0.138996 0.27073 0.143153 0.267365 0.147111 0.268256 0.148398 0.271126 0.146616 0.274887
0 0.121137 0.286598 0.116996 0.288612 0.11298 0.29056 0.109815 0.284718 0.11006 0.277902 0.116753 0.273887 0.121256 0.276686 0.124299 0.28058
0 0.167928 0.281684 0.162892 0.280425 0.160846 0.271297 0.166826 0.266262 0.171232 0.269252 0.169658 0.277277
0 0.183825 0.287481 0.17988 0.288421 0.173116 0.286542 0.170298 0.281281 0.175746 0.273391 0.18251 0.276209 0.18702 0.279215
0 0.179117 0.297185 0.176694 0.297244 0.175217 0.294703 0.176458 0.292103 0.179531 0.29157 0.180949 0.293107 0.180358 0.29618
0 0.193418 0.296357 0.190877 0.295707 0.190404 0.292221 0.192 0.291098 0.195072 0.29163 0.195723 0.293284
0 0.20545 0.296438 0.202844 0.295421 0.202779 0.291225 0.205514 0.290525 0.208057 0.290971 0.208375 0.292814
0 0.184589 0.319441 0.17993 0.31811 0.178599 0.313119 0.183368 0.309902 0.187251 0.312676 0.187916 0.316225
0 0.170439 0.348976 0.166448 0.349532 0.161796 0.346163 0.163109 0.337624 0.168255 0.335764 0.172305 0.338391 0.174494 0.342112
0 0.206897 0.393422 0.205156 0.393406 0.203564 0.393036 0.20338 0.391148 0.20449 0.389372 0.206267 0.38815 0.208302 0.388705 0.209153 0.390001 0.20845 0.392036
1 0.182776 0.358099 0.183678 0.363766 0.183163 0.368918 0.188314 0.370206 0.188186 0.377418 0.181488 0.379865 0.174791 0.379093 0.167965 0.378577 0.166161 0.373555 0.167836 0.359 0.176465 0.35578
1 0.196687 0.356554 0.196429 0.362993 0.193981 0.367759 0.191534 0.371236 0.191148 0.376259 0.195914 0.377547 0.203771 0.378191 0.210726 0.376774 0.213301 0.373812 0.212915 0.354363 0.205187 0.351788
0 0.193268 0.392337 0.191254 0.391194 0.190981 0.387982 0.193159 0.387274 0.194574 0.387547 0.196044 0.389071 0.195173 0.391412
0 0.173361 0.392714 0.171601 0.391932 0.169645 0.389339 0.171404 0.38753 0.173997 0.387139 0.175269 0.389339 0.174828 0.390855
0 0.262233 0.441172 0.256369 0.438024 0.252507 0.431158 0.255225 0.422719 0.26252 0.419 0.267097 0.422862 0.269386 0.428727 0.266382 0.435021
0 0.304111 0.441968 0.300584 0.441484 0.299254 0.436517 0.301648 0.435008 0.304311 0.435186 0.305375 0.438024
0 0.280236 0.438662 0.276926 0.437288 0.277176 0.433415 0.278487 0.430792 0.281985 0.429792 0.284671 0.431916 0.285171 0.434977 0.283547 0.438038
0 0.281458 0.420166 0.279826 0.416032 0.282111 0.409723 0.28581 0.409614 0.287006 0.413204 0.288094 0.415597 0.287441 0.418643
0 0.279132 0.40999 0.275362 0.408191 0.275105 0.403651 0.278019 0.401682 0.27956 0.403651 0.280759 0.406907
1 0.33348 0.404939 0.335737 0.414315 0.341641 0.422649 0.348064 0.427857 0.355877 0.428205 0.362648 0.419351 0.365601 0.423864 0.370462 0.420913 0.377406 0.416052 0.382095 0.409628 0.382095 0.399904 0.373934 0.397821 0.367857 0.394349 0.361606 0.396259 0.352578 0.395564 0.345634 0.394349 0.338342 0.394522
0 0.25909 0.378155 0.252317 0.373829 0.253822 0.363106 0.261159 0.357463 0.267179 0.362542 0.269436 0.367997 0.263793 0.374017
0 0.25608 0.363482 0.248743 0.361413 0.245922 0.3537 0.24912 0.347493 0.254763 0.345611 0.2621 0.348057 0.264357 0.353136 0.260783 0.361037
0 0.225885 0.348773 0.220952 0.345309 0.220167 0.340858 0.222522 0.336758 0.226973 0.337281 0.229852 0.339812 0.227583 0.345919
1 0.233177 0.312215 0.236229 0.317034 0.242173 0.322336 0.24924 0.32346 0.255987 0.319283 0.255185 0.307878 0.253096 0.300328 0.25936 0.2931 0.265786 0.298882 0.270605 0.307396 0.267071 0.319283 0.258236 0.326673 0.246349 0.331492 0.236068 0.331813 0.22627 0.329886 0.220968 0.322657 0.219361 0.313982 0.227715 0.309003
0 0.315351 0.354079 0.309179 0.352813 0.305381 0.348857 0.306331 0.34047 0.312819 0.337146 0.319148 0.339521 0.321364 0.3468
0 0.307741 0.365789 0.304758 0.362391 0.304969 0.359172 0.306341 0.355848 0.309454 0.354739 0.312831 0.355003 0.314941 0.355795 0.315944 0.359014 0.315574 0.361704 0.314044 0.364132 0.312461 0.365081
0 0.280821 0.35824 0.273617 0.354652 0.270067 0.3473 0.270574 0.33868 0.275265 0.333735 0.281857 0.330946 0.287055 0.334876 0.288956 0.340834 0.288322 0.347553 0.286801 0.35237
0 0.331995 0.348834 0.327124 0.349629 0.325633 0.345056 0.325533 0.339488 0.328615 0.33581 0.332891 0.333921 0.336171 0.335313 0.338458 0.338295 0.337165 0.343962
0 0.364072 0.392196 0.36221 0.391575 0.361308 0.389432 0.362605 0.387627 0.364692 0.386894 0.366441 0.387853 0.366441 0.389939
0 0.234279 0.283398 0.228355 0.283898 0.226161 0.281575 0.22061 0.274863 0.225387 0.267247 0.232357 0.266602 0.237262 0.27099 0.238553 0.279381
0 0.237569 0.268349 0.230476 0.264369 0.231514 0.255891 0.237743 0.253122 0.242415 0.257448 0.242588 0.265234
1 0.280446 0.228888 0.279369 0.219499 0.279984 0.207803 0.283217 0.201646 0.291527 0.209034 0.298453 0.210111 0.306918 0.207803 0.314306 0.208418 0.318462 0.214112 0.322001 0.220115 0.325233 0.223501 0.319692 0.237199 0.313383 0.243817 0.303687 0.245664 0.293683 0.242586 0.29045 0.241816 0.287834 0.24905 0.284756 0.248588 0.279369 0.239508
0 0.340484 0.244141 0.334783 0.244037 0.331466 0.240202 0.332398 0.234086 0.336131 0.230769 0.341521 0.23222 0.343491 0.236988 0.34546 0.240306
0 0.350599 0.236796 0.345087 0.234959 0.341675 0.228922 0.3443 0.220523 0.349155 0.219211 0.354798 0.220785 0.358735 0.226429 0.357423 0.233516
0 0.373827 0.235746 0.367528 0.237059 0.36346 0.230365 0.366347 0.223279 0.374483 0.219474 0.37947 0.221311 0.379339 0.231021 0.377633 0.232597
0 0.375927 0.250444 0.371071 0.248345 0.368578 0.24257 0.370021 0.236402 0.378552 0.23194 0.385638 0.238371 0.383801 0.246376
0 0.343469 0.273433 0.338053 0.272957 0.336343 0.268776 0.339003 0.263835 0.344799 0.26412 0.347935 0.267256 0.346604 0.270297
0 0.349452 0.301849 0.346318 0.300871 0.343929 0.298552 0.344069 0.295179 0.346037 0.292578 0.348146 0.292086 0.351097 0.293 0.352011 0.296232 0.351589 0.298763
1 0.363284 0.295202 0.359994 0.294502 0.357895 0.292052 0.353835 0.290932 0.349984 0.288272 0.347744 0.284072 0.348654 0.280152 0.352364 0.275952 0.354255 0.275672 0.355864 0.277282 0.357194 0.280292 0.362234 0.280502 0.364895 0.277352 0.372175 0.271822 0.377774 0.272312 0.379875 0.275882 0.377915 0.280222 0.372805 0.280152 0.371125 0.285472 0.367484 0.291212
0 0.358623 0.260284 0.355284 0.259192 0.353101 0.256688 0.353872 0.25245 0.357596 0.24879 0.35965 0.248597 0.363375 0.249945 0.364596 0.252321 0.363504 0.257716
0 0.334771 0.180279 0.331596 0.176574 0.330562 0.172005 0.333838 0.166745 0.339098 0.166142 0.341167 0.169591 0.342719 0.174333 0.340735 0.179938
0 0.345573 0.163336 0.342693 0.161536 0.338613 0.158655 0.338973 0.150855 0.342813 0.147615 0.347373 0.150976 0.349653 0.154455 0.349894 0.159855
0 0.359235 0.194778 0.345757 0.190903 0.342099 0.182854 0.345465 0.172169 0.35249 0.16851 0.360247 0.170559 0.366395 0.17612 0.365809 0.191488
0 0.407854 0.184186 0.394072 0.182169 0.383988 0.169396 0.38735 0.150572 0.402139 0.158976 0.417937 0.165026 0.42029 0.182841
0 0.388379 0.144659 0.381232 0.14246 0.376559 0.13064 0.37326 0.117445 0.369137 0.112222 0.384806 0.10425 0.394427 0.110848 0.398275 0.130915
0 0.415835 0.149133 0.410641 0.147213 0.408043 0.141905 0.413464 0.138179 0.417643 0.141453 0.418207 0.145632
0 0.413628 0.130295 0.409882 0.128462 0.409563 0.123918 0.411954 0.12097 0.415939 0.121368 0.416577 0.124716 0.417294 0.127106
0 0.425074 0.110753 0.421429 0.110677 0.419303 0.107563 0.418619 0.103993 0.420821 0.100272 0.424923 0.0992852 0.428947 0.0995127 0.431226 0.101563 0.430163 0.106651
0 0.4549 0.16256 0.449178 0.161679 0.443308 0.156983 0.442134 0.147886 0.444775 0.142457 0.449911 0.141283 0.455634 0.145245 0.459009 0.150674 0.462236 0.154343
0 0.497244 0.150617 0.492764 0.151736 0.486682 0.141534 0.491194 0.133489 0.499435 0.134471 0.504731 0.140553 0.501985 0.149382
0 0.487074 0.124856 0.482107 0.12481 0.47965 0.121177 0.479223 0.115942 0.483924 0.112845 0.48809 0.114874 0.490439 0.117973
0 0.526563 0.176948 0.521271 0.176771 0.514919 0.175184 0.517212 0.158069 0.524446 0.156834 0.53168 0.158951 0.535562 0.163892 0.537149 0.170597
0 0.49973 0.173555 0.494555 0.172778 0.492226 0.166437 0.49352 0.159319 0.497014 0.155179 0.502319 0.157767 0.505555 0.161261 0.50439 0.168119
1 0.595285 0.186768 0.589467 0.182517 0.583873 0.181174 0.577384 0.180056 0.567763 0.183188 0.55926 0.172671 0.565524 0.160588 0.579397 0.153428 0.580293 0.137317 0.593047 0.133513 0.606249 0.135975 0.609829 0.145372 0.609382 0.158574 0.615647 0.169763 0.616989 0.180056 0.611619 0.1899
0 0.548783 0.227653 0.54191 0.223773 0.540691 0.215016 0.546455 0.211357 0.551 0.21169 0.55355 0.2169 0.552996 0.223552
0 0.566853 0.226988 0.562196 0.225104 0.561975 0.21823 0.566409 0.211801 0.571729 0.210914 0.574834 0.215349 0.574612 0.221557 0.574279 0.225769
0 0.591995 0.228197 0.58633 0.226309 0.582284 0.220104 0.584037 0.212687 0.590916 0.20945 0.596985 0.212417 0.597659 0.22051 0.594692 0.226579
0 0.638043 0.223559 0.62974 0.217476 0.62823 0.205556 0.631098 0.197407 0.636832 0.194541 0.63985 0.203443 0.640755 0.212949 0.639246 0.221701
0 0.683943 0.200515 0.680509 0.199628 0.678071 0.19409 0.682725 0.189437 0.68627 0.191874 0.688596 0.194865
0 0.669727 0.189844 0.665809 0.189903 0.662843 0.187227 0.663132 0.182668 0.665881 0.180426 0.669354 0.181728 0.671235 0.18426 0.671235 0.188384
0 0.675478 0.174196 0.670451 0.173093 0.667876 0.166473 0.669838 0.160098 0.677071 0.155929 0.681853 0.159239 0.682834 0.165246 0.679523 0.169905
0 0.666856 0.162433 0.660582 0.16204 0.658752 0.155766 0.661759 0.148969 0.667249 0.145569 0.673523 0.146615 0.674046 0.153936 0.669863 0.160603
0 0.659798 0.148838 0.655745 0.148838 0.652608 0.145831 0.65117 0.139426 0.654438 0.134589 0.662674 0.134459 0.666464 0.138772 0.663458 0.144263
1 0.634669 0.168515 0.625826 0.164757 0.616983 0.156135 0.615878 0.141322 0.620299 0.1285 0.630469 0.125184 0.637543 0.130932 0.644396 0.142428 0.645723 0.156576
0 0.537728 0.0566807 0.532012 0.0599434 0.526979 0.0579307 0.518728 0.0567236 0.513695 0.0545098 0.516312 0.0432373 0.524363 0.0404199 0.532616 0.0390107 0.541673 0.0353877 0.54429 0.0424326 0.543283 0.0482695
0 0.574481 0.0597422 0.564688 0.0578398 0.559265 0.0574121 0.553555 0.0522734 0.553698 0.043709 0.55484 0.0358584 0.559836 0.0338604 0.563689 0.0362871 0.566401 0.0405684 0.571825 0.0431377 0.580817 0.0409971 0.585528 0.044708 0.585386 0.0518447 0.581389 0.0564121
0 0.602777 0.0594248 0.593822 0.0555576 0.589345 0.0396826 0.601149 0.0364258 0.612344 0.0376475 0.61214 0.0498594 0.608884 0.059832
0 0.583174 0.00958301 0.579651 0.00837988 0.579651 0.00288086 0.5824 0.000389648 0.587298 0.00399805 0.58704 0.00631738
0 0.580924 0.0197041 0.57762 0.0204385 0.576702 0.0149316 0.580282 0.0127285 0.582668 0.0152988 0.582393 0.0177764
0 0.580226 0.0302129 0.576666 0.0300225 0.575077 0.0273525 0.577429 0.0244287 0.581052 0.0242383 0.581242 0.0281152
0 0.651954 0.115634 0.645414 0.11279 0.641149 0.0991406 0.653945 0.0926006 0.663328 0.0968662 0.665035 0.102269 0.660485 0.111937
0 0.627216 0.100848 0.619594 0.100677 0.616035 0.0951055 0.620522 0.087833 0.627486 0.0862852 0.630735 0.091082 0.629652 0.0982012
0 0.626712 0.117234 0.620059 0.115687 0.619439 0.107331 0.6247 0.102069 0.630426 0.1047 0.631974 0.109343 0.630581 0.115378
0 0.596236 0.11784 0.589329 0.119566 0.586644 0.109974 0.589138 0.100764 0.597771 0.100572 0.602185 0.106712 0.603144 0.113618
0 0.597771 0.0859902 0.5948 0.0878066 0.591838 0.0881357 0.588655 0.0847344 0.589533 0.079249 0.592386 0.0781514 0.595568 0.079249 0.598311 0.0812236
0 0.575411 0.0784619 0.571469 0.0765947 0.569601 0.0710957 0.570431 0.0660117 0.57593 0.0648701 0.57925 0.0674639 0.579977 0.0734814 0.579043 0.0771133
0 0.554848 0.0773018 0.549982 0.0765527 0.548983 0.0701904 0.552852 0.0649502 0.559714 0.0638271 0.562084 0.0685684 0.560088 0.0745566
0 0.538753 0.0776758 0.534761 0.0756797 0.532141 0.0698154 0.535135 0.0642012 0.541997 0.0618311 0.546738 0.0676943 0.545365 0.0759287
0 0.559327 0.135716 0.556158 0.134019 0.55299 0.130851 0.55514 0.125871 0.560232 0.126438 0.562495 0.130511 0.562608 0.133905
0 0.482271 0.154953 0.478764 0.153653 0.478894 0.145729 0.4837 0.14534 0.485909 0.148457 0.487078 0.150536
1 0.261425 0.210014 0.256395 0.208577 0.253281 0.198996 0.247293 0.195164 0.237234 0.196841 0.230768 0.194686 0.235558 0.183907 0.245377 0.181752 0.256635 0.183668 0.267892 0.186062 0.26885 0.199235 0.26885 0.199235
0 0.263911 0.264556 0.255591 0.264168 0.249785 0.256622 0.249398 0.247333 0.258493 0.236497 0.26546 0.239593 0.269523 0.248107 0.268556 0.259718
0 0.28769 0.277121 0.285066 0.280354 0.279271 0.28286 0.27238 0.281921 0.267682 0.276282 0.271127 0.270957 0.280211 0.266415 0.289295 0.268295 0.288199 0.273307
0 0.320651 0.28591 0.315066 0.276803 0.314922 0.267254 0.32021 0.262553 0.323589 0.268576 0.326086 0.275627
0 0.394879 0.310587 0.390821 0.310408 0.386248 0.309138 0.382563 0.30304 0.383453 0.297069 0.389551 0.293131 0.395395 0.29618 0.397935 0.300753 0.39857 0.306597
1 0.429821 0.298381 0.4235 0.299339 0.410474 0.299147 0.399556 0.297231 0.393617 0.290719 0.388062 0.283822 0.385188 0.27367 0.391701 0.270222 0.399363 0.276543 0.40626 0.283439 0.416029 0.28593 0.426757 0.292635
0 0.422744 0.264988 0.418724 0.265423 0.415356 0.260969 0.418289 0.255754 0.423179 0.254885 0.426764 0.258253 0.426655 0.262381
0 0.397358 0.329018 0.395375 0.329134 0.393741 0.326392 0.395608 0.323183 0.397242 0.323592 0.3987 0.326042
0 0.427468 0.379148 0.420546 0.380722 0.415354 0.376002 0.413309 0.369395 0.418343 0.364518 0.426682 0.365462 0.434547 0.364675 0.435177 0.371598 0.433918 0.375845
0 0.459707 0.439898 0.452255 0.434791 0.453507 0.42887 0.460452 0.42591 0.464779 0.429668 0.464438 0.435588
0 0.444693 0.425587 0.440489 0.425001 0.438143 0.419721 0.441858 0.414832 0.447627 0.416689 0.450071 0.420796 0.448507 0.423339
0 0.462063 0.4084 0.457892 0.40808 0.455967 0.403267 0.458534 0.399523 0.464951 0.400807 0.46431 0.405299
0 0.500896 0.458233 0.498283 0.458621 0.495863 0.454556 0.498187 0.450686 0.50109 0.450395 0.502831 0.452911 0.502541 0.456298
0 0.500412 0.469072 0.49781 0.467631 0.497147 0.464189 0.49867 0.462534 0.501119 0.462534 0.502707 0.463858 0.50284 0.466241
0 0.502178 0.481465 0.499597 0.481994 0.497015 0.478685 0.497479 0.475574 0.499928 0.474448 0.502773 0.476501 0.503898 0.479148
0 0.490511 0.209893 0.478148 0.210869 0.477604 0.197342 0.483074 0.187893 0.490037 0.19212 0.491778 0.204306
0 0.485181 0.240036 0.481729 0.239687 0.478099 0.233417 0.480078 0.225332 0.487173 0.224838 0.493607 0.221868 0.497237 0.226817 0.493937 0.231107
0 0.459858 0.241622 0.454458 0.241622 0.451813 0.237984 0.453466 0.232143 0.459308 0.23082 0.462725 0.232805 0.463937 0.238866
0 0.453024 0.259918 0.446963 0.258265 0.442113 0.252533 0.447073 0.245921 0.451813 0.245039 0.456662 0.247573 0.457434 0.252975 0.457323 0.256281
0 0.431718 0.229159 0.427135 0.227632 0.425034 0.217893 0.427325 0.216365 0.429617 0.214838 0.439929 0.215792 0.440311 0.225531
1 0.373066 0.0955693 0.366759 0.0859424 0.3568 0.0842822 0.344517 0.0832861 0.338209 0.0739912 0.354808 0.0643643 0.374063 0.0666875 0.390329 0.0726631 0.390329 0.0902578
0 0.487078 0.107145 0.484206 0.107667 0.481073 0.106013 0.480203 0.101836 0.48203 0.100096 0.485859 0.10027 0.486773 0.100748 0.487687 0.101227
0 0.487687 0.0949609 0.485076 0.0953965 0.482813 0.0914795 0.484119 0.0876504 0.487948 0.0881729 0.491081 0.0898262 0.489428 0.0933076
0 0.488318 0.0811602 0.486741 0.0837617 0.484368 0.0834316 0.483182 0.0821787 0.482654 0.076707 0.486478 0.0755869 0.488587 0.0778936
0 0.500879 0.100164 0.49771 0.101584 0.495397 0.100565 0.494159 0.0963018 0.496085 0.0923135 0.499111 0.0914189 0.501794 0.094583 0.501931 0.0993281
0 0.51242 0.298726 0.507758 0.297094 0.502396 0.293598 0.4982 0.28777 0.505893 0.281941 0.511487 0.285438 0.515684 0.291499
0 0.520255 0.242224 0.517117 0.242628 0.514232 0.241772 0.511775 0.238781 0.51466 0.234079 0.518827 0.23098 0.522994 0.231515 0.5262 0.234079 0.524704 0.239102
0 0.550931 0.237766 0.548925 0.236818 0.547142 0.233086 0.548702 0.2303 0.551488 0.229575 0.553717 0.2303 0.554608 0.234534 0.553271 0.236986
0 0.591499 0.264665 0.584743 0.262098 0.581365 0.25345 0.582312 0.245344 0.590147 0.242506 0.596228 0.242776 0.600416 0.248856 0.601902 0.254261 0.601497 0.263043 0.59839 0.265881
0 0.606577 0.289487 0.595755 0.286079 0.591347 0.279283 0.593918 0.269915 0.602734 0.267527 0.608245 0.27616 0.610634 0.285528 0.608429 0.290487
0 0.574219 0.35232 0.566019 0.350782 0.562431 0.341387 0.569947 0.336774 0.57866 0.33592 0.582418 0.343437 0.579002 0.351808
0 0.571144 0.333187 0.562772 0.334895 0.557306 0.3296 0.554743 0.319521 0.55816 0.314054 0.567214 0.314054 0.573193 0.316445 0.575756 0.325328 0.573193 0.329771
0 0.596559 0.312753 0.590029 0.312193 0.585738 0.303052 0.580328 0.293165 0.58406 0.285889 0.589843 0.286262 0.595439 0.292418 0.601223 0.296896 0.602342 0.309208
0 0.563981 0.306021 0.556622 0.307247 0.549507 0.302095 0.551961 0.28713 0.563981 0.284431 0.567662 0.293018 0.567171 0.301113
0 0.692231 0.265891 0.689562 0.258215 0.687964 0.245654 0.6903 0.236521 0.698584 0.229298 0.708993 0.234396 0.712816 0.246079 0.711755 0.255214 0.705169 0.261374
0 0.676918 0.268596 0.671183 0.265409 0.668421 0.255851 0.675431 0.250328 0.68414 0.253938 0.686052 0.262224
0 0.685758 0.305126 0.681222 0.302858 0.679764 0.295687 0.682781 0.29188 0.686876 0.291305 0.690108 0.293245 0.690971 0.29813 0.690037 0.303087
1 0.638996 0.322278 0.631217 0.322001 0.622327 0.314777 0.615104 0.303387 0.619271 0.287829 0.634829 0.278384 0.650108 0.278939 0.658999 0.285329 0.650942 0.297553 0.64483 0.300887 0.647887 0.313666 0.644274 0.318111
0 0.646775 0.253658 0.639986 0.253648 0.636498 0.246253 0.64208 0.24109 0.64808 0.242624 0.649336 0.248206
0 0.628164 0.255674 0.623054 0.254293 0.62043 0.246973 0.625954 0.244487 0.629407 0.246697 0.628993 0.253603
0 0.617529 0.256917 0.612972 0.255536 0.612695 0.247939 0.616148 0.247939 0.619463 0.251116 0.619463 0.255536
0 0.724286 0.244123 0.717959 0.242973 0.717672 0.23607 0.72026 0.23003 0.727019 0.231037 0.730039 0.238371
0 0.745152 0.274938 0.740684 0.274168 0.74075 0.268595 0.744385 0.265122 0.748746 0.266898 0.749797 0.271019
1 0.777924 0.276918 0.772277 0.270687 0.768188 0.260756 0.767799 0.25063 0.768383 0.240504 0.772667 0.234078 0.78143 0.236414 0.781624 0.247903 0.783571 0.259587 0.785324 0.271855 0.786298 0.278671
0 0.841837 0.285261 0.83698 0.284746 0.833717 0.280687 0.832842 0.275434 0.834513 0.271375 0.840004 0.27042 0.843347 0.272728 0.844302 0.27814 0.844143 0.283552
0 0.818397 0.287352 0.809926 0.283998 0.808337 0.274643 0.812145 0.269754 0.817462 0.266522 0.820381 0.267669 0.820381 0.272777 0.822257 0.277156 0.822466 0.284871
0 0.84798 0.240074 0.842046 0.240778 0.837621 0.237358 0.837722 0.232028 0.841543 0.230117 0.847176 0.230318 0.850293 0.232732 0.849689 0.237358
0 0.826664 0.249071 0.822273 0.248653 0.818509 0.244993 0.822691 0.239975 0.826979 0.239766 0.830847 0.244157 0.828756 0.247503
0 0.820391 0.239975 0.815581 0.238302 0.814222 0.231923 0.818404 0.229205 0.8229 0.23025 0.823842 0.234642 0.823527 0.238197
0 0.803001 0.249601 0.798882 0.249029 0.794991 0.244909 0.799568 0.238272 0.805061 0.239417 0.807578 0.245139
0 0.863629 0.26046 0.860834 0.260543 0.857464 0.256515 0.860505 0.252075 0.864862 0.253226 0.866342 0.25783
0 0.860244 0.248387 0.85767 0.248027 0.856832 0.244436 0.858448 0.242161 0.861202 0.241862 0.863117 0.244376 0.863117 0.244376
0 0.883503 0.252423 0.879298 0.253158 0.878036 0.248848 0.881296 0.24275 0.886553 0.243696 0.886553 0.247481
0 0.914238 0.25742 0.91176 0.257109 0.908508 0.253471 0.911373 0.249211 0.915555 0.247895 0.918109 0.250295 0.917258 0.254399
0 0.881393 0.283398 0.876026 0.27982 0.877637 0.26873 0.884434 0.268373 0.88658 0.274991 0.887117 0.282325
0 0.900175 0.285724 0.892841 0.286439 0.8898 0.279463 0.896776 0.27517 0.901427 0.27839 0.900354 0.284113
0 0.905746 0.238051 0.900236 0.228133 0.896931 0.210227 0.912357 0.209124 0.921449 0.216562 0.91649 0.232541 0.913185 0.238326
0 0.888391 0.213532 0.878473 0.222072 0.869657 0.21546 0.863872 0.203063 0.86883 0.194523 0.877095 0.194248 0.889217 0.198104 0.888391 0.209675
0 0.864127 0.157514 0.85856 0.15343 0.855048 0.145704 0.853644 0.135346 0.86014 0.133063 0.865759 0.139384 0.868217 0.145704 0.870147 0.152025
0 0.877369 0.162357 0.877502 0.170042 0.871672 0.176005 0.863722 0.174944 0.86147 0.168452 0.861337 0.162092 0.869154 0.159045
0 0.874587 0.174017 0.878164 0.17839 0.883332 0.177595 0.884789 0.170837 0.881609 0.169512 0.878562 0.170572 0.877635 0.16938
0 0.894462 0.185677 0.888765 0.183425 0.885187 0.177064 0.885187 0.169114 0.88956 0.163814 0.899231 0.162622 0.904267 0.169512 0.904267 0.176534 0.901617 0.182895
0 0.843827 0.149846 0.835927 0.151717 0.828649 0.145479 0.832392 0.133628 0.843619 0.131965 0.848401 0.138618 0.849025 0.145479
0 0.783312 0.154353 0.779858 0.153061 0.773992 0.149786 0.771264 0.142419 0.773582 0.136689 0.779176 0.134916 0.783541 0.137235 0.785451 0.143102 0.78627 0.150604
0 0.782779 0.181068 0.776859 0.178813 0.774322 0.173739 0.777423 0.169087 0.782779 0.167255 0.787431 0.171202 0.78729 0.177263
0 0.780665 0.207003 0.773759 0.20503 0.771222 0.198687 0.771645 0.19164 0.777282 0.187975 0.783484 0.192626 0.786726 0.198687 0.787008 0.204466
0 0.798216 0.190136 0.793694 0.187987 0.791547 0.181771 0.794712 0.174536 0.799686 0.172389 0.803303 0.176458 0.80398 0.183014 0.801381 0.18731
0 0.816009 0.175128 0.813529 0.174665 0.811112 0.172624 0.810468 0.169186 0.812348 0.166876 0.815033 0.166446 0.816859 0.168111 0.817289 0.171389
0 0.594227 0.44493 0.588065 0.442968 0.581204 0.443825 0.577345 0.436393 0.578917 0.429103 0.58635 0.4241 0.59707 0.42267 0.602502 0.425814 0.605075 0.432818 0.601216 0.441967
0 0.561678 0.431994 0.556391 0.430628 0.55496 0.423118 0.560443 0.419661 0.565808 0.422761 0.567596 0.424906 0.564854 0.43182
0 0.595812 0.412279 0.591602 0.412447 0.586046 0.408238 0.586719 0.396284 0.595979 0.394264 0.601367 0.398978 0.60322 0.407901
0 0.541923 0.395096 0.537018 0.392152 0.54055 0.378419 0.549378 0.378615 0.550359 0.385678 0.548201 0.391172
0 0.527214 0.403567 0.525021 0.401531 0.523925 0.397146 0.525961 0.394328 0.529719 0.394876 0.532303 0.397146 0.532538 0.401062
0 0.535085 0.435063 0.53057 0.431727 0.531061 0.425739 0.536459 0.424071 0.539306 0.427702 0.541171 0.43104
0 0.517356 0.400728 0.51316 0.400082 0.513591 0.393734 0.517894 0.392013 0.520368 0.394811 0.520584 0.399437
1 0.71561 0.444326 0.707677 0.44121 0.708811 0.423644 0.708226 0.409115 0.705976 0.398351 0.705976 0.38871 0.709832 0.380837 0.716901 0.381158 0.721239 0.388229 0.723489 0.39594 0.722847 0.414257 0.724453 0.422612 0.724453 0.422612 0.724453 0.422612 0.722686 0.439321
1 0.609456 0.342389 0.618967 0.334556 0.629883 0.334961 0.645508 0.339844 0.657227 0.350586 0.65625 0.360352 0.645508 0.369141 0.646942 0.383232 0.652257 0.391904 0.652257 0.391904 0.669602 0.394143 0.669602 0.394143 0.669602 0.394143 0.678554 0.394143 0.677994 0.40785 0.658691 0.411207 0.643585 0.401136 0.634073 0.386869 0.619807 0.382673 0.610016 0.36337 0.609375 0.34668
0 0.624433 0.409755 0.615869 0.40847 0.612657 0.396267 0.62015 0.393698 0.628286 0.397979 0.627644 0.406329
0 0.764602 0.319271 0.753847 0.3174 0.745195 0.313191 0.75408 0.298461 0.766706 0.300331 0.771383 0.31249
0 0.793325 0.314073 0.788631 0.31272 0.786194 0.308748 0.78809 0.304054 0.791972 0.30279 0.795131 0.305047 0.796665 0.310192
0 0.745121 0.332576 0.737456 0.335602 0.727775 0.334997 0.727775 0.32229 0.736045 0.319869 0.745928 0.321685 0.752382 0.327332
0 0.738298 0.296222 0.735423 0.293274 0.733877 0.288927 0.736969 0.286222 0.741316 0.287768 0.743538 0.294145
0 0.733884 0.170291 0.729857 0.169687 0.728549 0.165459 0.729052 0.158614 0.73479 0.157205 0.737709 0.161735 0.738212 0.16697
0 0.711413 0.18435 0.710043 0.18436 0.709169 0.182936 0.709428 0.181059 0.71111 0.180022 0.713053 0.180508 0.7137 0.182159 0.713409 0.18381
0 0.723211 0.186112 0.719354 0.18491 0.718252 0.181654 0.720756 0.178499 0.723912 0.17885 0.725465 0.180402 0.725965 0.183106 0.725865 0.184059
0 0.753308 0.188689 0.75065 0.188158 0.747993 0.183552 0.751802 0.180186 0.756939 0.18116 0.758003 0.186563
1 0.717258 0.171906 0.712585 0.175084 0.702118 0.177514 0.692959 0.174336 0.688473 0.169289 0.686604 0.161626 0.691464 0.158635 0.698006 0.162561 0.705482 0.162373 0.705482 0.162373 0.705482 0.162373
0 0.883997 0.137614 0.877062 0.136029 0.871516 0.130878 0.875874 0.12216 0.885582 0.124934 0.886375 0.133058
0 0.887766 0.159004 0.88053 0.158011 0.878401 0.153187 0.879111 0.144815 0.885779 0.142262 0.891171 0.144815 0.89486 0.148788 0.89259 0.153754
0 0.912816 0.136152 0.910889 0.13545 0.910153 0.133979 0.910038 0.132083 0.911393 0.130845 0.913521 0.131271 0.914721 0.13247 0.914488 0.135683
0 0.913188 0.125144 0.910077 0.123446 0.910855 0.119345 0.91326 0.117506 0.915522 0.118496 0.917078 0.121112 0.916654 0.123588
0 0.925611 0.118521 0.923716 0.117722 0.923506 0.115615 0.924222 0.112626 0.926496 0.11212 0.928391 0.113342 0.929191 0.115405 0.927717 0.117722
0 0.968963 0.156818 0.965474 0.155867 0.963094 0.152219 0.964839 0.148967 0.967694 0.146587 0.972374 0.14635 0.975309 0.147618 0.975467 0.153726 0.974118 0.156104
0 0.93918 0.189733 0.937989 0.188074 0.937484 0.185802 0.938892 0.184034 0.941236 0.183781 0.942318 0.185333 0.942354 0.187353 0.942427 0.187786 0.942102 0.189265
1 0.814115 0.373877 0.806701 0.3719 0.801759 0.364486 0.802253 0.352129 0.807195 0.342985 0.810545 0.34155 0.816376 0.343265 0.814775 0.350011 0.815232 0.359729 0.816604 0.368761
0 0.898223 0.307835 0.89641 0.306022 0.895824 0.302559 0.897583 0.29968 0.900621 0.298881 0.903339 0.300319 0.904139 0.303145 0.904512 0.304477 0.903925 0.306981 0.902539 0.307994
0 0.892146 0.304477 0.889002 0.303624 0.887883 0.299573 0.890388 0.296855 0.894226 0.297921 0.896357 0.299946 0.896357 0.299946 0.894972 0.304317
0 0.865203 0.306721 0.860132 0.307319 0.857699 0.305049 0.857861 0.299535 0.861673 0.297833 0.866699 0.30059 0.866699 0.305454
0 0.868722 0.319857 0.865269 0.319155 0.86363 0.315995 0.864741 0.311547 0.868253 0.309791 0.870887 0.311254 0.872116 0.315469
0 0.882787 0.32146 0.8807 0.321057 0.879556 0.317623 0.879893 0.313921 0.882854 0.311564 0.885479 0.311834 0.887096 0.31419 0.887163 0.318296 0.885884 0.320315
0 0.887972 0.336994 0.884528 0.336175 0.883573 0.331718 0.885162 0.328893 0.888517 0.328893 0.890341 0.3306 0.890459 0.333895 0.889518 0.335896
0 0.902784 0.330753 0.899444 0.329343 0.899222 0.324444 0.902784 0.322959 0.905976 0.324593 0.90553 0.328675
0 0.87717 0.380668 0.874696 0.378631 0.876006 0.374702 0.880371 0.373828 0.881463 0.376812 0.880299 0.378776
0 0.870785 0.372295 0.86632 0.368157 0.863208 0.359341 0.869432 0.352079 0.875482 0.352771 0.879286 0.359341 0.87894 0.366602
0 0.88014 0.345758 0.877021 0.345676 0.874313 0.343132 0.876282 0.339767 0.879893 0.339521 0.881288 0.342229
0 0.842291 0.439179 0.835159 0.43751 0.831973 0.429164 0.838042 0.424764 0.845629 0.426433 0.850637 0.431896
0 0.86333 0.406018 0.857226 0.410405 0.846734 0.41155 0.838723 0.405445 0.838913 0.394572 0.853602 0.389994 0.863521 0.393618 0.87096 0.395717 0.868862 0.402584
0 0.739828 0.466666 0.737711 0.46439 0.736573 0.461483 0.739038 0.458767 0.742008 0.459146 0.744472 0.462179 0.743776 0.465085
0 0.763867 0.465671 0.758345 0.463319 0.756708 0.458205 0.760186 0.45258 0.767447 0.452375 0.769697 0.458717 0.76847 0.462501
1 0.811932 0.495063 0.807341 0.490584 0.80555 0.483865 0.801183 0.480842 0.799055 0.47446 0.800623 0.46763 0.804989 0.462367 0.813275 0.461807 0.81753 0.467294 0.819098 0.473899 0.816747 0.480395 0.815627 0.48644 0.819882 0.488345 0.818314 0.493271
0 0.787755 0.493102 0.78455 0.49199 0.784157 0.488262 0.78782 0.485842 0.791025 0.487149 0.792071 0.490093 0.79024 0.491532
0 0.786512 0.485122 0.783372 0.484271 0.784092 0.480347 0.787362 0.4776 0.79096 0.477927 0.791875 0.481524 0.790502 0.484141
0 0.777485 0.491663 0.774999 0.490093 0.774542 0.486888 0.777551 0.483355 0.780494 0.485057 0.782652 0.486822 0.780887 0.490616
0 0.796614 0.522932 0.793397 0.522395 0.791253 0.518553 0.792146 0.514174 0.79724 0.512297 0.80001 0.516497 0.79867 0.521144
0 0.812477 0.444693 0.804795 0.442671 0.800311 0.438621 0.803638 0.432111 0.810437 0.429797 0.813329 0.435149 0.815644 0.440067
0 0.779229 0.434538 0.776692 0.434473 0.775977 0.431024 0.777343 0.429269 0.780336 0.43031 0.781116 0.433237
0 0.777738 0.429165 0.776312 0.428749 0.776133 0.425894 0.777679 0.424942 0.77982 0.425062 0.78101 0.427084 0.780178 0.429047
0 0.763017 0.424552 0.761519 0.424227 0.760802 0.419731 0.763798 0.419275 0.765622 0.420774 0.765296 0.423575
0 0.765603 0.416612 0.76289 0.415216 0.762562 0.410449 0.765931 0.408723 0.769629 0.409299 0.77004 0.413079 0.768643 0.415955
1 0.677786 0.374312 0.671229 0.376498 0.670864 0.364293 0.667221 0.361925 0.661209 0.367572 0.659205 0.348262 0.669771 0.339336 0.682158 0.34225 0.689627 0.349901 0.693999 0.357734 0.68653 0.360285 0.682888 0.36575
0 0.703448 0.3375 0.698654 0.336268 0.698106 0.329282 0.702216 0.326405 0.706872 0.329282 0.707146 0.335583
0 0.704949 0.363171 0.701498 0.361445 0.701826 0.357362 0.703215 0.354438 0.706505 0.354804 0.707089 0.359043 0.706066 0.36204
0 0.762472 0.370765 0.758986 0.36928 0.756684 0.366636 0.75728 0.362201 0.760777 0.359046 0.764018 0.359046 0.765639 0.363396 0.765297 0.367574
0 0.754932 0.391081 0.75271 0.390035 0.752645 0.386637 0.754735 0.385199 0.757089 0.386571 0.757677 0.388989
0 0.746064 0.445004 0.738175 0.440695 0.736774 0.432115 0.742729 0.427912 0.748857 0.430188 0.754286 0.434217 0.75411 0.440695
0 0.939485 0.262893 0.933183 0.261271 0.931742 0.250827 0.937865 0.247586 0.943447 0.250827 0.945608 0.256949
0 0.97432 0.2223 0.970082 0.221631 0.968855 0.216389 0.972313 0.213823 0.972313 0.213823 0.979786 0.216723 0.981683 0.219512
0 0.960693 0.281688 0.957279 0.279381 0.956075 0.274061 0.960392 0.270949 0.963704 0.273258 0.9626 0.27908
0 0.964137 0.245776 0.960451 0.244874 0.960902 0.240586 0.964663 0.239081 0.966394 0.24179 0.965491 0.244423
0 0.857914 0.0207031 0.855623 0.0203984 0.857228 0.0147461 0.860588 0.0130664 0.863261 0.0143643 0.864941 0.0164268 0.864101 0.0186416 0.862268 0.0194053
0 0.818838 0.0611895 0.813448 0.0636133 0.811169 0.0587705 0.808891 0.0556367 0.802054 0.0572041 0.793792 0.0569189 0.791086 0.0499395 0.790231 0.0425332 0.797638 0.0368359 0.805045 0.0388301 0.805045 0.0388301 0.815869 0.0385449 0.817863 0.0452393 0.817863 0.0452393 0.822279 0.0540703
0 0.777514 0.0516152 0.77473 0.0504043 0.77001 0.0484678 0.773157 0.0397549 0.777271 0.0379395 0.778845 0.0435059 0.778845 0.0483467
0 0.92915 0.0590088 0.926926 0.0585137 0.92382 0.0560879 0.923738 0.0513936 0.927115 0.0518047 0.930903 0.0540283 0.931728 0.0573232
0 0.986519 0.0707295 0.982947 0.0689805 0.980104 0.0651172 0.983457 0.0590674 0.989288 0.0584111 0.993808 0.0613994 0.99337 0.0673037
1 0.963882 0 0.963263 0.00834375 0.962335 0.0207129 0.970066 0.0281348 0.985837 0.0296807 0.977488 0.0457607 0.977488 0.0457607 0.959861 0.0643145 0.959861 0.0643145 0.946255 0.0386484 0.942235 0.0238057 0.940689 0.0219502 0.932649 0.0306084 0.924609 0.0234961 0.940689 0
0 0.984142 0 0.986487 0.00528418 0.994303 0.00430762 1 0
0 0.853987 0.0462637 0.848905 0.0451484 0.849153 0.0393232 0.851756 0.0354805 0.856962 0.038207 0.859812 0.0442813
0 0.743941 0.0255068 0.739295 0.023623 0.73716 0.0177207 0.742812 0.0130742 0.74796 0.0159629 0.74796 0.0209863
0 0.741528 0.0119453 0.737749 0.0116426 0.736464 0.00695703 0.740621 0.00431152 0.745231 0.00483984 0.746743 0.00786328 0.744174 0.0114912
0 0.282937 0.300824 0.278278 0.299271 0.279313 0.29073 0.282937 0.291248 0.286431 0.294742 0.284489 0.298365
0 0.299192 0.291092 0.291232 0.288492 0.288633 0.279232 0.295293 0.271272 0.304554 0.272409 0.307803 0.276309 0.305203 0.285405 0.303254 0.288979
0 0.0687402 0.754235 0.0609883 0.751727 0.0539199 0.743291 0.0559717 0.730979 0.0655479 0.72756 0.0739834 0.734855 0.0739834 0.746483
0 0.0436836 0.763656 0.04046 0.762475 0.039707 0.75463 0.0433613 0.751299 0.0492705 0.751729 0.0533545 0.754415 0.0537842 0.761399 0.052709 0.763334 0.0488408 0.764193
1 0.0692129 0.83644 0.0581836 0.833248 0.0517979 0.825411 0.0454121 0.829475 0.036123 0.832958 0.0285771 0.83586 0.0262549 0.818444 0.0404775 0.805964 0.0502314 0.807697 0.0660439 0.811822 0.0781895 0.81228 0.08896 0.807468 0.097668 0.80426 0.0992725 0.811593 0.107751 0.816635 0.107751 0.827635 0.0946885 0.831301 0.081627 0.832676
1 0.139265 0.828267 0.132517 0.830149 0.126554 0.826541 0.120277 0.829522 0.115256 0.828267 0.11196 0.819009 0.115569 0.813046 0.122631 0.81383 0.130006 0.81587 0.138637 0.81791 0.145228 0.818694 0.147424 0.825128
0 0.163869 0.825162 0.167219 0.821281 0.169526 0.822397 0.170941 0.825078 0.169824 0.828056 0.166847 0.827684 0.164911 0.82478
0 0.239396 0.771847 0.236598 0.768589 0.234228 0.766567 0.235552 0.764407 0.237992 0.763501 0.240013 0.763501 0.241128 0.764756 0.241407 0.768311 0.24085 0.769773
0 0.242731 0.795771 0.23834 0.795284 0.236737 0.792008 0.236877 0.786432 0.240013 0.78706 0.242383 0.790266 0.243986 0.793472
0 0.251583 0.782319 0.24761 0.779113 0.246007 0.775629 0.247959 0.772701 0.250538 0.771586 0.251653 0.773886 0.253256 0.780786
0 0.266726 0.782285 0.264134 0.781307 0.264191 0.7786 0.265056 0.77693 0.267302 0.776123 0.269202 0.777735 0.268856 0.780788
0 0.268329 0.718403 0.264361 0.718066 0.262082 0.713592 0.263938 0.708948 0.267315 0.707936 0.270692 0.70937 0.27255 0.713761 0.271621 0.7168
1 1 0.361297 1 0.405323 0.987698 0.458485 0.975461 0.467226 0.963661 0.462855 0.956231 0.444937 0.964098 0.416529 0.971965 0.386811 0.984201 0.373699 1 0.35884
0 0.949554 0.688182 0.942583 0.685544 0.945409 0.672733 0.957278 0.669907 0.965003 0.675183 0.959728 0.684603 0.954641 0.687805
0 0.946352 0.671979 0.940511 0.667458 0.941453 0.657284 0.950685 0.653894 0.955771 0.661617 0.953134 0.667081
0 0.937685 0.651067 0.929772 0.646546 0.92883 0.636749 0.935801 0.629401 0.942395 0.632416 0.944467 0.633923 0.944467 0.647864
0 0.999646 0.729023 0.988476 0.726141 0.989557 0.704521 0.993881 0.697675 1 0.692631
0 0.974063 0.753886 0.965369 0.752029 0.958297 0.741837 0.958921 0.727484 0.972025 0.724364 0.982218 0.726444 0.989082 0.730812 0.98201 0.743085 0.97681 0.750989
0 0.985583 0.8109 0.978411 0.806456 0.976427 0.799178 0.982547 0.795705 0.989328 0.799675 0.991313 0.807944
0 0.972788 0.795705 0.970412 0.795742 0.967996 0.792084 0.968756 0.787597 0.972828 0.785388 0.975935 0.788701 0.976418 0.793533
0 0.967996 0.806233 0.9642 0.806303 0.961508 0.803196 0.960956 0.798503 0.965581 0.796915 0.969032 0.798503 0.969791 0.803128
0 0.951109 0.542409 0.94165 0.544466 0.935276 0.536652 0.941856 0.525138 0.941856 0.525138 0.951932 0.530689 0.953987 0.536857
0 0.0344287 0.874701 0.0279033 0.869722 0.026998 0.860366 0.0307705 0.852822 0.0366543 0.854331 0.0383145 0.861271 0.0377109 0.871683
0 0 0.871736 0.00933594 0.87374 0.00800098 0.882645 0.00889062 0.891104 0.00866797 0.895557 0.00466113 0.897561 0.000654297 0.900009
0 0.21038 0.891413 0.201083 0.891408 0.195013 0.88519 0.193236 0.876012 0.196197 0.868757 0.206856 0.869054 0.216184 0.870534 0.222253 0.87838 0.221661 0.885338 0.2187 0.890815
1 0.199491 0.974861 0.190246 0.974132 0.185137 0.961967 0.191463 0.951262 0.190732 0.936664 0.178567 0.931067 0.173945 0.917687 0.180027 0.907954 0.198032 0.907468 0.206791 0.909171 0.218712 0.907468 0.224064 0.918173 0.221146 0.931311 0.211899 0.94372 0.214819 0.958074 0.210927 0.969509
0 0.0509326 0.788937 0.040625 0.793276 0.0297754 0.781613 0.0259775 0.766965 0.040625 0.765609 0.0569004 0.764253 0.0582568 0.775374 0.0558154 0.781884
0 0.0934883 0.791354 0.0880957 0.788426 0.0853223 0.779644 0.08979 0.774713 0.094875 0.778257 0.0970322 0.783958 0.0959531 0.788271
1 0 0.753045 0.0180859 0.746004 0.032168 0.726994 0.049418 0.716433 0.0687803 0.721009 0.0860303 0.720657 0.0913105 0.700942 0.0860303 0.699183 0 0.698126
0 0.138174 0.942155 0.132231 0.938321 0.127056 0.934104 0.129654 0.924803 0.131917 0.919293 0.138312 0.918211 0.139787 0.922048 0.141459 0.926573 0.146378 0.929032 0.148542 0.934738 0.14382 0.940936
0 0.124342 0.925982 0.120997 0.924113 0.120801 0.918211 0.124047 0.916735 0.127981 0.919392 0.127687 0.923229
0 0.124964 0.970886 0.120239 0.967606 0.116789 0.962134 0.118455 0.954639 0.126426 0.95095 0.131779 0.954995 0.133564 0.961538 0.131542 0.966773
0 0.163993 0.966068 0.155999 0.965895 0.153914 0.955294 0.162255 0.950255 0.165904 0.95512 0.166078 0.961724
0 0.037 0.979013 0.0305029 0.977931 0.0264424 0.973058 0.0277959 0.966425 0.0344287 0.962771 0.0382188 0.966154 0.0393018 0.971704 0.0388955 0.976982
1 0.00115039 0.932697 0.0117334 0.937489 0.0183223 0.941083 0.0213174 0.951066 0.0183223 0.962049 0.0119326 0.970834 0.00714063 0.974628 0.000551758 0.976226 0 0.980219 0 0.933496
0 0.0200459 0.930312 0.0148887 0.928103 0.0147412 0.919705 0.0194561 0.915432 0.0262334 0.916905 0.0285908 0.922209 0.0265283 0.927808
0 0.0593945 0.93993 0.0561279 0.94044 0.0525537 0.936867 0.0503076 0.931149 0.0569443 0.92727 0.0622539 0.928699 0.0651123 0.93217 0.0628662 0.937479
0 0.0746074 0.930435 0.0702178 0.929516 0.0669502 0.925738 0.066542 0.919816 0.0671543 0.914507 0.0719531 0.911342 0.0759355 0.911648 0.0786914 0.915018 0.079917 0.918795 0.0788955 0.924615 0.0750166 0.930026
0 0.107451 0.93752 0.100682 0.935827 0.0911436 0.931827 0.0854512 0.923673 0.0865273 0.915365 0.0916045 0.911827 0.0985283 0.912442 0.105297 0.913673 0.108374 0.919212 0.110682 0.92752 0.112221 0.933827
0 0.099999 0.974324 0.0930518 0.973356 0.0926602 0.966575 0.0974854 0.961358 0.103875 0.963054 0.105962 0.968923
0 0.0909648 0.967097 0.0843135 0.967488 0.0805322 0.962141 0.0801406 0.955099 0.0860088 0.950926 0.0912256 0.953013 0.0940947 0.955882 0.093834 0.96188
1 0.0626396 0.999641 0.0673906 0.992083 0.0796982 0.987333 0.0879033 0.990356 0.0969727 0.994243 0.100644 1 0.102803 1 0.0637197 1
0 0.130381 0.898486 0.124589 0.897005 0.119472 0.891618 0.117721 0.882864 0.124051 0.879901 0.129303 0.883402 0.132805 0.888655 0.138326 0.8931 0.137249 0.897947
0 0.286522 0.986128 0.279371 0.988682 0.273496 0.979486 0.278349 0.965438 0.287033 0.964672 0.291631 0.973867 0.289588 0.978465
0 0.316127 0.97129 0.307141 0.968782 0.30505 0.956869 0.311947 0.953315 0.319054 0.957078 0.31989 0.964811
0 0.283575 0.951987 0.279378 0.951463 0.276007 0.946826 0.278572 0.941696 0.283596 0.941055 0.287122 0.945864
0 0.319614 0.943513 0.314483 0.942123 0.311063 0.936138 0.314057 0.931436 0.319294 0.92919 0.324104 0.931863 0.326989 0.936138 0.326348 0.940734
0 0.299736 0.961781 0.295773 0.96043 0.296224 0.953226 0.301087 0.950885 0.304059 0.953767 0.303158 0.959169
1 0.296272 0.999883 0.313423 0.983805 0.331288 0.979874 0.343794 0.99095 0.351297 1
0 0.0391455 0.619753 0.0330322 0.618197 0.0293652 0.612508 0.0321475 0.60606 0.037584 0.604289 0.0431475 0.608209 0.0434004 0.616681
0 0.0549062 0.61883 0.0501016 0.615922 0.0478252 0.608462 0.0511133 0.602772 0.0571816 0.601634 0.0638828 0.604542 0.0699521 0.608841 0.0689404 0.616301 0.0624922 0.618703
0 0.269775 0.644747 0.260703 0.638008 0.254839 0.62787 0.261612 0.616944 0.274067 0.617382 0.279312 0.627215 0.274067 0.641417
0 0.253091 0.625248 0.24588 0.621097 0.245443 0.609734 0.25768 0.601431 0.264016 0.60733 0.264016 0.614322 0.259209 0.6235
0 0.247628 0.605364 0.240854 0.608423 0.234299 0.600994 0.239762 0.589413 0.250688 0.586791 0.252872 0.59575
0 0.31276 0.568373 0.306448 0.567139 0.302469 0.566315 0.297255 0.563708 0.295334 0.556573 0.297255 0.547929 0.303704 0.545459 0.308781 0.547105 0.313446 0.552594 0.315367 0.55671 0.317837 0.561102 0.316465 0.565903
1 0.273324 0.583416 0.294814 0.591206 0.301529 0.597653 0.314692 0.60007 0.327049 0.589595 0.341018 0.57482 0.333765 0.565955 0.327854 0.56327 0.314155 0.5767 0.303947 0.579924 0.290517 0.571597 0.282457 0.564612 0.27413 0.576432
1 0.267777 0.548728 0.272259 0.558438 0.266283 0.565159 0.257818 0.561923 0.245868 0.558687 0.227942 0.543499 0.225203 0.527315 0.229685 0.515614 0.247361 0.5069 0.26479 0.508892 0.276242 0.518851 0.279479 0.526817 0.270018 0.545988
0 0.339499 0.632624 0.334383 0.632459 0.327616 0.625362 0.326625 0.615789 0.330092 0.611828 0.336693 0.613313 0.34214 0.616779 0.343955 0.624042 0.34214 0.629818
0 0.350693 0.64041 0.346808 0.638539 0.346376 0.630479 0.350838 0.626882 0.356595 0.628608 0.360769 0.632062 0.356595 0.637388
1 0.288923 0.711173 0.281098 0.707672 0.27492 0.696552 0.269978 0.683167 0.270595 0.667311 0.278009 0.665045 0.283156 0.669987 0.287275 0.676989 0.290158 0.688727 0.29407 0.703348
0 0.353434 0.742588 0.347989 0.743022 0.34235 0.739958 0.337814 0.734319 0.340021 0.727331 0.347866 0.723041 0.355222 0.726228 0.358899 0.730764 0.35939 0.7353 0.358287 0.739958
0 0.334749 0.732971 0.32813 0.731132 0.324084 0.725737 0.3258 0.716298 0.333155 0.714459 0.339898 0.716666 0.343453 0.720466 0.341492 0.730396
0 0.324409 0.717253 0.319213 0.715562 0.318488 0.709641 0.318488 0.709641 0.325496 0.703116 0.330088 0.704083 0.330088 0.704083 0.332867 0.712299 0.331538 0.714837
0 0.387155 0.788999 0.382274 0.789095 0.379499 0.78431 0.379403 0.778279 0.383614 0.775025 0.387921 0.777227 0.390888 0.780577 0.389739 0.787181
0 0.349491 0.693067 0.344533 0.691495 0.342599 0.686296 0.345259 0.681821 0.350217 0.681701 0.35203 0.685328 0.35203 0.685328 0.352514 0.690165
0 0.372973 0.682017 0.368355 0.680854 0.3664 0.676197 0.367238 0.669772 0.372546 0.666979 0.372546 0.666979 0.379902 0.670518 0.381112 0.674521 0.37925 0.678897
0 0.361983 0.697924 0.358521 0.698277 0.355481 0.696228 0.35428 0.692765 0.356117 0.688949 0.358944 0.688101 0.362266 0.68902 0.364527 0.691281 0.364386 0.69531
1 0.41626 0.722195 0.420528 0.727489 0.425479 0.734319 0.435213 0.743369 0.442726 0.746442 0.45058 0.74149 0.45058 0.74149 0.448873 0.73227 0.451434 0.726123 0.445116 0.722025 0.443067 0.721 0.428895 0.717073 0.423431 0.716049
0 0.451213 0.79665 0.448472 0.795736 0.444639 0.793509 0.445358 0.787029 0.449678 0.783591 0.454316 0.784311 0.454316 0.784311 0.454316 0.784311 0.454956 0.794549
0 0.485614 0.776582 0.481966 0.776862 0.479347 0.77153 0.482153 0.76498 0.487018 0.765262 0.48786 0.77022 0.487673 0.774805
1 0.5275 0.854445 0.523018 0.852018 0.51592 0.84959 0.510878 0.843987 0.503034 0.842306 0.503968 0.830913 0.509197 0.826805 0.516107 0.829793 0.527126 0.830166 0.53553 0.829793 0.540199 0.842306 0.535717 0.851645
1 0.502145 0.76931 0.485837 0.763776 0.47681 0.755623 0.473023 0.752128 0.480013 0.736111 0.489623 0.746304 0.49865 0.755331 0.521947 0.775134 0.540293 0.782996 0.550485 0.792315 0.560678 0.801343 0.560678 0.8127 0.547282 0.810661 0.536216 0.802508 0.523112 0.816194 0.51059 0.809205 0.51787 0.796975 0.50826 0.787073
0 0.48507 0.807383 0.475395 0.806231 0.470096 0.798168 0.474473 0.788952 0.482767 0.790104 0.486683 0.798859
0 0.4961 0.717501 0.48979 0.714577 0.481788 0.711191 0.481634 0.700728 0.488251 0.694572 0.495176 0.69688 0.501793 0.69965 0.501793 0.69965 0.504563 0.714423
0 0.482711 0.73289 0.47594 0.73089 0.47594 0.72104 0.481941 0.719502 0.487481 0.723349 0.486251 0.729966
0 0.41184 0.694406 0.406972 0.69215 0.409466 0.686095 0.414452 0.684076 0.419439 0.686926 0.418371 0.693575
0 0.425893 0.703423 0.420948 0.699686 0.424687 0.692089 0.42951 0.693656 0.431801 0.697877 0.429871 0.703062
0 0.44 0.71729 0.435177 0.713311 0.433127 0.708005 0.438553 0.702699 0.442652 0.702458 0.446632 0.706438 0.446993 0.711622 0.445426 0.713913
0 0.404833 0.902502 0.397257 0.897199 0.390944 0.887098 0.386146 0.873462 0.395489 0.866391 0.402055 0.870432 0.409378 0.878765 0.415187 0.887855 0.414682 0.898209
0 0.431615 0.945449 0.42027 0.937533 0.413937 0.924077 0.421061 0.91748 0.430823 0.928034 0.442697 0.938853 0.440586 0.94624
1 0.43789 0.813615 0.449468 0.807627 0.455257 0.811021 0.453062 0.820603 0.445675 0.829984 0.435494 0.832779 0.431303 0.828787 0.435095 0.816609
1 0.44957 0.929863 0.440604 0.925167 0.435693 0.916414 0.430356 0.908301 0.435053 0.898267 0.440604 0.905952 0.447222 0.913425 0.453627 0.919616 0.453413 0.928155
0 0.471747 0.890415 0.469062 0.88759 0.468339 0.884039 0.470575 0.882 0.473731 0.882197 0.47577 0.883775 0.476361 0.886735 0.475047 0.8893
0 0.48103 0.894034 0.478269 0.892785 0.477939 0.8893 0.479979 0.887458 0.483332 0.888839 0.483332 0.892062
1 0.540413 0.934103 0.547197 0.937269 0.547649 0.944053 0.542675 0.955134 0.531594 0.961014 0.520513 0.958074 0.525487 0.946993 0.527297 0.936816 0.523679 0.935686 0.518025 0.93365 0.512598 0.935686 0.505587 0.938626 0.500838 0.936816 0.496994 0.933198 0.499934 0.921439 0.509432 0.912394 0.514407 0.914429 0.516895 0.918726 0.524357 0.920534 0.524357 0.920534 0.524357 0.920534 0.535664 0.927318
0 0.514673 0.986547 0.507866 0.984021 0.504787 0.976884 0.508007 0.970726 0.516264 0.969466 0.519202 0.973805 0.519062 0.979822 0.520042 0.982481
0 0.552642 0.97674 0.545349 0.974366 0.540262 0.965887 0.549928 0.958765 0.556372 0.959951 0.560272 0.967243 0.56112 0.974875
0 0.530073 1 0.531701 0.989839 0.539116 0.987307 0.547799 0.992009 0.551959 0.996893 0.552863 1
0 0.617729 0.997026 0.613911 0.996122 0.612103 0.990596 0.617127 0.984265 0.621548 0.986174 0.623256 0.989892 0.621146 0.994112
0 0.716918 0.945435 0.709249 0.941717 0.702044 0.932652 0.710875 0.922194 0.720637 0.924054 0.722728 0.933814 0.722728 0.941717
0 0.694563 0.955956 0.689988 0.95193 0.694381 0.939303 0.701151 0.939303 0.704445 0.946439 0.702799 0.953577
0 0.682668 0.941864 0.676629 0.93857 0.673335 0.92942 0.680655 0.923381 0.686512 0.925028 0.690721 0.930519 0.686694 0.937839
0 0.655405 0.964201 0.651316 0.96177 0.648554 0.953702 0.654521 0.947624 0.661594 0.947072 0.667782 0.947293 0.668335 0.954587 0.66524 0.961217
0 0.6772 0.976192 0.671482 0.974576 0.670239 0.964756 0.674466 0.95966 0.68093 0.958914 0.686398 0.962768 0.686274 0.968485 0.68441 0.974203 0.681551 0.976067
0 0.722932 0.98009 0.71585 0.974499 0.710072 0.964249 0.716036 0.959962 0.722559 0.96313 0.728336 0.967976 0.726659 0.976549
0 0.739607 0.989509 0.733492 0.987879 0.730436 0.982171 0.732474 0.976566 0.73869 0.97412 0.74348 0.976566 0.745417 0.98156 0.744296 0.986146
0 0.755539 0.981847 0.752053 0.978708 0.750135 0.973392 0.75397 0.968598 0.759287 0.969121 0.762773 0.972171 0.763122 0.97714 0.759112 0.981759
0 0.72782 0.960276 0.724626 0.955485 0.727288 0.945637 0.733543 0.947367 0.734341 0.953355 0.735272 0.957215 0.731812 0.959478
0 0.734741 0.929085 0.727915 0.927196 0.724139 0.922259 0.724139 0.914852 0.726317 0.909478 0.732708 0.906718 0.73968 0.908461 0.746215 0.911946 0.746069 0.918772 0.742584 0.924728
0 0.762137 0.942266 0.759996 0.932129 0.766277 0.926989 0.771988 0.928988 0.769133 0.938696 0.765278 0.942123
0 0.787835 0.973245 0.782695 0.970391 0.785693 0.958969 0.791404 0.95954 0.794545 0.961682 0.795973 0.967678 0.793831 0.971817
0 0.813628 0.939931 0.808957 0.936661 0.805688 0.930589 0.810241 0.926386 0.815963 0.925685 0.819699 0.927553 0.819934 0.933158 0.818999 0.938413
0 0.795106 0.937145 0.789598 0.931637 0.788873 0.921489 0.791338 0.91598 0.79757 0.914097 0.802354 0.916996 0.805108 0.921634 0.805398 0.928013 0.804238 0.934245 0.802645 0.938305
0 0.807718 0.956134 0.803406 0.953055 0.801384 0.949433 0.803911 0.945137 0.807449 0.944462 0.810734 0.945305 0.813515 0.948169 0.812167 0.951875 0.810903 0.954739
1 0.769626 0.868757 0.774179 0.880822 0.786244 0.893115 0.799447 0.901993 0.81083 0.909277 0.819253 0.915424 0.83109 0.921798 0.839319 0.916879 0.838604 0.909292 0.848864 0.907783 0.85049 0.898675 0.844735 0.896148 0.838701 0.894604 0.835613 0.887307 0.82724 0.879674 0.808245 0.866583 0.804396 0.848872 0.798235 0.843481 0.784374 0.849129
0 0.836874 0.852491 0.831391 0.850346 0.830914 0.843074 0.834132 0.839737 0.840331 0.840571 0.844025 0.842121 0.842118 0.847485
0 0.852153 0.886696 0.84331 0.882717 0.846626 0.870114 0.855912 0.862376 0.861882 0.861934 0.862103 0.871662 0.856133 0.882717
0 0.823216 0.8665 0.819954 0.866642 0.819387 0.862812 0.821939 0.860259 0.824706 0.861535 0.826266 0.863663
0 0.871832 0.861112 0.867497 0.858694 0.866497 0.852525 0.869581 0.849274 0.874083 0.850691 0.876001 0.854276 0.87425 0.859778
0 0.864259 0.835903 0.859441 0.83368 0.862282 0.824415 0.866729 0.821573 0.872535 0.824785 0.872288 0.830715 0.872658 0.834915
0 0.875896 0.815895 0.87452 0.812196 0.877874 0.809961 0.88011 0.811164 0.881486 0.814003 0.879422 0.816583
0 0.895544 0.836132 0.892921 0.832537 0.893893 0.827872 0.898362 0.826512 0.901278 0.829427 0.901181 0.834092 0.899237 0.836132
0 0.875339 0.825786 0.872169 0.823741 0.87043 0.820265 0.873191 0.816787 0.876873 0.817196 0.876873 0.817196 0.88035 0.821082 0.87943 0.824969
0 0.875787 0.807638 0.873613 0.805046 0.875034 0.80145 0.878463 0.80053 0.881473 0.802871 0.88047 0.806634 0.879466 0.807805
0 0.894744 0.822277 0.890143 0.820207 0.892674 0.813188 0.896355 0.813073 0.899116 0.81526 0.899462 0.818711 0.897966 0.820552
0 0.859103 0.800005 0.856577 0.797771 0.856223 0.792968 0.858081 0.791171 0.860746 0.790736 0.862668 0.791729 0.864155 0.793897 0.864465 0.796562 0.864713 0.798483 0.861676 0.801148 0.861428 0.801396
0 0.848839 0.78727 0.84633 0.785673 0.845475 0.782479 0.847071 0.779059 0.849865 0.776664 0.852031 0.777234 0.854198 0.778375 0.854369 0.781738 0.852031 0.786471 0.851119 0.787611
0 0.801946 0.797306 0.798 0.792866 0.80655 0.78481 0.814113 0.785632 0.812469 0.792208 0.809181 0.795332
0 0.803766 0.743498 0.79911 0.741945 0.800532 0.733539 0.804024 0.73328 0.80687 0.736384 0.807581 0.737937 0.808293 0.739488
0 0.78115 0.725002 0.778116 0.722542 0.77828 0.71672 0.782135 0.714669 0.785579 0.716884 0.787794 0.719262 0.78681 0.723034
0 0.569846 0.787203 0.564809 0.783499 0.567624 0.77461 0.575031 0.770018 0.576661 0.776388 0.575031 0.783351
0 0.616093 0.763147 0.609376 0.757061 0.610845 0.742789 0.614203 0.729146 0.624278 0.731245 0.624278 0.731245 0.630574 0.745937 0.630574 0.745937 0.621759 0.762309
0 0.558187 0.688852 0.549926 0.684991 0.541497 0.678114 0.537282 0.665914 0.546599 0.653936 0.559242 0.651274 0.56856 0.656376 0.575436 0.663475 0.578319 0.673234 0.575879 0.683217 0.56745 0.689205
1 0.504422 0.687146 0.498904 0.683229 0.503889 0.672906 0.512609 0.663651 0.520619 0.657066 0.528806 0.655108 0.532365 0.659202 0.52845 0.665965 0.523822 0.673618 0.515991 0.684653 0.507448 0.688747
0 0.479087 0.649623 0.472909 0.647971 0.470385 0.644228 0.471517 0.637003 0.475521 0.632998 0.480657 0.632389 0.485009 0.634392 0.484748 0.641007 0.484226 0.646056 0.483529 0.647448
0 0.4676 0.660331 0.462986 0.658416 0.462726 0.654238 0.466816 0.65006 0.470473 0.651278 0.472997 0.655631 0.470733 0.661027
0 0.472609 0.618555 0.467102 0.613753 0.467385 0.605703 0.472751 0.601607 0.479812 0.605703 0.483625 0.608951 0.480659 0.617566
0 0.48718 0.678482 0.475071 0.671963 0.479495 0.657759 0.489974 0.654965 0.498123 0.662649 0.500219 0.672661 0.496959 0.676619
0 0.441729 0.620562 0.436522 0.616059 0.436522 0.605929 0.443417 0.606491 0.446653 0.611557 0.446935 0.61817
0 0.503792 0.619898 0.50008 0.61598 0.500389 0.609587 0.504102 0.606185 0.508433 0.606391 0.510082 0.612062 0.509979 0.617527 0.507917 0.619692
0 0.495646 0.609071 0.490387 0.610618 0.487809 0.605153 0.487706 0.598863 0.492759 0.594429 0.498224 0.597522 0.501317 0.600719 0.498843 0.607422
0 0.411511 0.587216 0.408664 0.584683 0.408986 0.580941 0.41176 0.578426 0.41492 0.579265 0.416726 0.581199 0.415371 0.58494 0.414727 0.586295
0 0.381437 0.542646 0.378425 0.542814 0.376361 0.539635 0.377477 0.535339 0.379764 0.534391 0.382776 0.535228 0.38484 0.537682 0.385565 0.540248 0.385397 0.542814
0 0.558098 0.521455 0.554207 0.519763 0.551788 0.515763 0.554394 0.511762 0.557277 0.511762 0.560068 0.512692 0.561371 0.51753 0.55979 0.519856
0 0.524994 0.520042 0.523877 0.515948 0.526018 0.51325 0.532902 0.515204 0.533367 0.515948 0.53132 0.521252 0.529273 0.52274
0 0.498812 0.520959 0.4949 0.518024 0.49627 0.512448 0.501259 0.511177 0.504878 0.512155 0.50566 0.516264 0.502433 0.520665
0 0.735151 0.788867 0.730531 0.786586 0.728189 0.780381 0.731468 0.772418 0.736972 0.767383 0.742943 0.768086 0.747041 0.773121 0.74587 0.782723 0.74189 0.78764
0 0.703376 0.760823 0.697922 0.757817 0.695027 0.746352 0.696141 0.736443 0.701929 0.731656 0.709388 0.731879 0.715399 0.735553 0.718516 0.739449 0.719184 0.747798 0.718516 0.753364 0.715065 0.756927 0.713173 0.758819
0 0.710714 0.847506 0.703115 0.84189 0.702784 0.831647 0.709062 0.828674 0.713356 0.8333 0.716 0.838751
0 0.722442 0.876579 0.716165 0.874267 0.713563 0.868545 0.717854 0.863904 0.724159 0.860839 0.727399 0.863203 0.729238 0.868107 0.726437 0.872398
0 0.731644 0.835645 0.723371 0.831811 0.719739 0.823739 0.728415 0.81688 0.734468 0.821924 0.734872 0.831003
0 0.740723 0.855417 0.730836 0.850172 0.732249 0.837863 0.740723 0.835039 0.750206 0.841495 0.750206 0.850373 0.745969 0.853804
0 0.699731 0.809248 0.6958 0.807166 0.691868 0.80046 0.69765 0.794216 0.702738 0.795372 0.705282 0.803004 0.705744 0.808092
0 0.652379 0.767981 0.658602 0.759229 0.664301 0.756811 0.669481 0.759401 0.671554 0.769764 0.669309 0.777189 0.663438 0.778226 0.663438 0.778226 0.65532 0.775462
0 0.65646 0.768403 0.646993 0.771019 0.641337 0.762626 0.647175 0.753139 0.654473 0.752773 0.659399 0.759159
0 0.592338 0.663199 0.58493 0.663199 0.580641 0.658325 0.580835 0.648772 0.590193 0.645264 0.596236 0.649553 0.597991 0.657155
0 0.662723 0.674051 0.655832 0.674877 0.653352 0.659995 0.656659 0.64649 0.668785 0.64208 0.680085 0.644561 0.682842 0.663026 0.677604 0.669916
0 0.0859375 0.135742 0.0898438 0.137695 0.0888672 0.144531 0.0830078 0.141602
0 0.152344 0.128906 0.151367 0.137695 0.146484 0.138672 0.145508 0.129883
0 0.235352 0.102539 0.243164 0.104492 0.242188 0.112305 0.231445 0.111328 0.231445 0.104492
0 0.248047 0.103516 0.25293 0.103516 0.251953 0.111328 0.243164 0.110352
0 0.255859 0.102539 0.262695 0.106445 0.260742 0.112305 0.253906 0.109375
0 0.205078 0.128906 0.211914 0.131836 0.210938 0.148438 0.205078 0.149414 0.202148 0.140625
1 0.28418 0.141602 0.285156 0.149414 0.291016 0.151367 0.290039 0.15918 0.283203 0.160156 0.269531 0.155273 0.272461 0.142578
1 0.283203 0.169922 0.294922 0.168945 0.301758 0.168945 0.3125 0.167969 0.317383 0.171875 0.317383 0.178711 0.304688 0.180664 0.304688 0.180664 0.3125 0.183594 0.319336 0.185547 0.319336 0.192383 0.301758 0.189453 0.296875 0.194336 0.286133 0.192383 0.282227 0.180664
1 0.342773 0.0400391 0.354492 0.0439453 0.362305 0.0458984 0.371094 0.0527344 0.369141 0.0595703 0.353516 0.0556641 0.347656 0.0595703 0.34082 0.0527344 0.335938 0.0595703 0.330078 0.0634766 0.324219 0.0517578 0.330078 0.0478516 0.333984 0.0361328
1 0.361328 0.136719 0.367188 0.138672 0.375977 0.140625 0.375977 0.149414 0.383789 0.150391 0.385742 0.163086 0.381836 0.167969 0.37207 0.166992 0.369141 0.158203 0.367188 0.151367 0.358398 0.150391
0 0.396484 0.0917969 0.40332 0.09375 0.40332 0.102539 0.394531 0.100586
0 0.395508 0.0625 0.400391 0.0673828 0.395508 0.0751953 0.391602 0.0664062
0 0.405273 0.0625 0.412109 0.0664062 0.412109 0.0751953 0.404297 0.0732422
1 0.450195 0.166016 0.458008 0.166992 0.463867 0.163086 0.472656 0.163086 0.478516 0.158203 0.487305 0.158203 0.487305 0.167969 0.486328 0.172852 0.480469 0.168945 0.475586 0.177734 0.466797 0.176758 0.455078 0.178711 0.450195 0.175781
1 0.477539 0 0.488281 0.000976562 0.492188 0.0126953 0.491211 0.0214844 0.491211 0.0302734 0.491211 0.0302734 0.487305 0.0390625 0.488281 0.0556641 0.473633 0.0576172 0.460938 0.0498047 0.457031 0.0419922 0.460938 0.0341797 0.472656 0.0351562 0.478516 0.0263672 0.477539 0.0078125
0 0.441406 0.0341797 0.442383 0.0478516 0.438477 0.0498047 0.43457 0.0390625 0.435547 0.0332031
0 0.552734 0.164062 0.555664 0.167969 0.553711 0.173828 0.548828 0.170898 0.548828 0.166016
0 0.601562 0.0664062 0.604492 0.0722656 0.603516 0.0791016 0.59668 0.0771484 0.595703 0.0693359
0 0.615234 0.0683594 0.619141 0.0683594 0.620117 0.0742188 0.614258 0.0761719 0.610352 0.0712891
0 0.644531 0.163086 0.651367 0.168945 0.649414 0.175781 0.649414 0.175781 0.640625 0.172852 0.640625 0.167969
0 0.836914 0.0419922 0.835938 0.0498047 0.833984 0.0507812 0.827148 0.0498047 0.827148 0.0429688
0 0.737305 0.175781 0.740234 0.179688 0.739258 0.183594 0.732422 0.180664
0 0.748047 0.166992 0.756836 0.167969 0.755859 0.175781 0.749023 0.176758
0 0.762695 0.15332 0.768555 0.154297 0.768555 0.160156 0.768555 0.160156 0.761719 0.15918
0 0.777344 0.124023 0.78418 0.125 0.783203 0.132812 0.783203 0.132812 0.777344 0.131836
0 0.928711 0.142578 0.931641 0.149414 0.928711 0.154297 0.922852 0.148438 0.922852 0.148438
1 0.924805 0.173828 0.932617 0.181641 0.936523 0.188477 0.932617 0.194336 0.931641 0.202148 0.923828 0.197266 0.914062 0.191406 0.912109 0.183594 0.917969 0.173828
0 0.900391 0.117188 0.899414 0.123047 0.893555 0.12207 0.893555 0.116211
0 0.894531 0.126953 0.902344 0.126953 0.901367 0.134766 0.894531 0.133789
0 0.911133 0.141602 0.917969 0.141602 0.921875 0.149414 0.919922 0.152344 0.910156 0.149414
0 0.962891 0.25 0.964844 0.255859 0.963867 0.260742 0.958984 0.256836
0 0.856445 0.272461 0.861328 0.275391 0.861328 0.275391 0.860352 0.283203 0.854492 0.282227
0 0.873047 0.288086 0.878906 0.289062 0.87793 0.294922 0.87207 0.294922
0 0.792969 0.21875 0.802734 0.21875 0.802734 0.225586 0.797852 0.227539
0 0.758789 0.210938 0.767578 0.211914 0.767578 0.217773 0.767578 0.217773 0.760742 0.216797
0 0.756836 0.130859 0.760742 0.137695 0.754883 0.142578 0.750977 0.134766
0 0.756836 0.139648 0.759766 0.143555 0.759766 0.152344 0.755859 0.151367 0.75293 0.146484
0 0.700195 0.178711 0.708008 0.185547 0.706055 0.193359 0.695312 0.191406 0.698242 0.183594
0 0.733398 0.229492 0.739258 0.233398 0.737305 0.240234 0.730469 0.237305
1 0.723633 0.271484 0.731445 0.275391 0.733398 0.282227 0.730469 0.291016 0.730469 0.291016 0.72168 0.293945 0.717773 0.288086 0.72168 0.28125
0 0.78418 0.285156 0.785156 0.290039 0.785156 0.293945 0.779297 0.291992 0.779297 0.287109
0 0.792969 0.287109 0.794922 0.290039 0.793945 0.296875 0.789062 0.292969
0 0.797852 0.288086 0.803711 0.289062 0.803711 0.294922 0.798828 0.293945
0 0.722656 0.251953 0.726562 0.258789 0.720703 0.263672 0.716797 0.257812 0.716797 0.25293
1 0.682617 0.270508 0.6875 0.269531 0.6875 0.283203 0.6875 0.283203 0.68457 0.285156 0.682617 0.291992 0.678711 0.296875 0.673828 0.288086 0.678711 0.270508
0 0.50293 0.186523 0.509766 0.1875 0.510742 0.194336 0.505859 0.197266 0.5 0.192383
0 0.549805 0.181641 0.556641 0.18457 0.556641 0.191406 0.550781 0.19043
1 0.619141 0.258789 0.624023 0.253906 0.628906 0.256836 0.62793 0.265625 0.632812 0.273438 0.633789 0.27832 0.629883 0.28418 0.623047 0.288086 0.613281 0.288086 0.609375 0.280273 0.605469 0.268555 0.612305 0.268555
0 0.762695 0.243164 0.762695 0.253906 0.757812 0.256836 0.753906 0.248047
0 0.610352 0.244141 0.613281 0.253906 0.608398 0.259766 0.601562 0.256836 0.600586 0.249023
1 0.533203 0.273438 0.541992 0.273438 0.541016 0.280273 0.535156 0.286133 0.542969 0.289062 0.541992 0.297852 0.536133 0.297852 0.536133 0.297852 0.53125 0.292969 0.522461 0.289062 0.522461 0.280273
0 0.49707 0.241211 0.50293 0.243164 0.50293 0.25 0.49707 0.249023
0 0.498047 0.254883 0.501953 0.255859 0.500977 0.263672 0.496094 0.262695
1 0.451172 0.259766 0.461914 0.261719 0.46582 0.266602 0.472656 0.269531 0.481445 0.264648 0.486328 0.258789 0.495117 0.260742 0.494141 0.269531 0.489258 0.268555 0.491211 0.275391 0.489258 0.280273 0.478516 0.286133 0.477539 0.290039 0.483398 0.295898 0.483398 0.295898 0.479492 0.302734 0.479492 0.302734 0.47168 0.299805 0.460938 0.303711 0.446289 0.303711 0.446289 0.287109 0.450195 0.275391
1 0.490234 0.293945 0.501953 0.291016 0.501953 0.291016 0.507812 0.300781 0.507812 0.300781 0.50293 0.302734 0.500977 0.31543 0.503906 0.318359 0.515625 0.318359 0.521484 0.323242 0.518555 0.328125 0.509766 0.326172 0.50293 0.327148 0.499023 0.333984 0.496094 0.328125 0.490234 0.326172 0.489258 0.338867 0.479492 0.337891 0.477539 0.327148 0.482422 0.31543 0.483398 0.307617 0.490234 0.306641 0.492188 0.299805
0 0.451172 0.325195 0.457031 0.326172 0.457031 0.333984 0.451172 0.334961
0 0.458984 0.34082 0.464844 0.345703 0.463867 0.354492 0.456055 0.351562 0.456055 0.351562 0.455078 0.34375
0 0.444336 0.200195 0.452148 0.200195 0.451172 0.208008 0.445312 0.210938 0.443359 0.205078
0 0.461914 0.183594 0.457031 0.18457 0.458008 0.191406 0.463867 0.189453
1 0.385742 0.192383 0.395508 0.193359 0.396484 0.203125 0.391602 0.209961 0.388672 0.212891 0.37793 0.207031 0.378906 0.213867 0.375977 0.219727 0.37207 0.216797 0.368164 0.205078 0.375 0.195312
0 0.379883 0.307617 0.379883 0.314453 0.374023 0.31543 0.374023 0.31543 0.37207 0.307617
0 0.373047 0.321289 0.378906 0.320312 0.378906 0.328125 0.374023 0.327148
1 0.37207 0.329102 0.379883 0.332031 0.381836 0.34082 0.380859 0.349609 0.375977 0.353516 0.37793 0.358398 0.380859 0.360352 0.379883 0.369141 0.371094 0.368164 0.371094 0.368164 0.365234 0.359375 0.368164 0.349609 0.371094 0.338867
0 0.416992 0.327148 0.418945 0.333984 0.411133 0.335938 0.412109 0.329102
0 0.393555 0.34668 0.395508 0.353516 0.388672 0.357422 0.388672 0.357422 0.386719 0.350586
0 0.391602 0.360352 0.394531 0.364258 0.394531 0.369141 0.387695 0.370117 0.387695 0.363281
1 0.302734 0.289062 0.308594 0.289062 0.308594 0.298828 0.308594 0.304688 0.30957 0.311523 0.30957 0.319336 0.300781 0.316406 0.296875 0.308594 0.296875 0.299805
1 0.289062 0.335938 0.300781 0.334961 0.305664 0.345703 0.304688 0.356445 0.297852 0.362305 0.289062 0.360352 0.286133 0.347656
0 0.405273 0.30957 0.405273 0.31543 0.399414 0.317383 0.397461 0.311523
0 0.263672 0.260742 0.269531 0.266602 0.269531 0.266602 0.268555 0.277344 0.263672 0.280273 0.255859 0.273438 0.255859 0.264648
0 0.204102 0.275391 0.208008 0.280273 0.205078 0.28418 0.199219 0.283203 0.197266 0.277344
0 0.145508 0.253906 0.151367 0.253906 0.152344 0.259766 0.145508 0.261719
0 0.0322266 0.350586 0.0390625 0.354492 0.0400391 0.362305 0.0332031 0.366211 0.0332031 0.366211 0.0253906 0.361328 0.0253906 0.354492
0 0.321289 0.379883 0.327148 0.380859 0.326172 0.387695 0.319336 0.390625 0.316406 0.383789
0 0.302734 0.395508 0.303711 0.402344 0.297852 0.40625 0.294922 0.401367
0 0.313477 0.397461 0.313477 0.404297 0.308594 0.40625 0.307617 0.400391
0 0.358398 0.371094 0.361328 0.373047 0.361328 0.378906 0.356445 0.379883 0.354492 0.375
0 0.374023 0.378906 0.380859 0.378906 0.381836 0.384766 0.375 0.386719
0 0.518555 0.347656 0.523438 0.350586 0.523438 0.360352 0.516602 0.362305 0.512695 0.354492
0 0.514648 0.381836 0.521484 0.386719 0.519531 0.391602 0.513672 0.392578 0.510742 0.386719
0 0.474609 0.398438 0.476562 0.405273 0.46875 0.40625 0.466797 0.401367
0 0.451172 0.396484 0.454102 0.402344 0.453125 0.408203 0.445312 0.408203 0.445312 0.398438
0 0.569336 0.380859 0.572266 0.385742 0.570312 0.392578 0.564453 0.393555 0.5625 0.386719
0 0.581055 0.380859 0.584961 0.383789 0.584961 0.390625 0.580078 0.392578 0.576172 0.386719 0.576172 0.386719
0 0.603516 0.383789 0.608398 0.384766 0.608398 0.393555 0.601562 0.392578
0 0.625 0.414062 0.628906 0.416992 0.628906 0.421875 0.62207 0.420898
0 0.641602 0.447266 0.651367 0.446289 0.658203 0.448242 0.658203 0.454102 0.65332 0.458984 0.644531 0.458984 0.637695 0.453125
0 0.768555 0.374023 0.766602 0.383789 0.760742 0.378906 0.763672 0.374023
0 0.75 0.398438 0.761719 0.395508 0.766602 0.399414 0.766602 0.399414 0.763672 0.402344 0.753906 0.40625 0.749023 0.40332
0 0.732422 0.392578 0.734375 0.397461 0.730469 0.401367 0.725586 0.398438 0.724609 0.393555
1 0.773438 0.34668 0.78418 0.34668 0.791992 0.350586 0.795898 0.358398 0.792969 0.367188 0.78418 0.368164 0.78125 0.375 0.773438 0.375 0.770508 0.364258 0.777344 0.361328 0.776367 0.356445
0 0.821289 0.448242 0.827148 0.452148 0.827148 0.457031 0.821289 0.455078
0 0.867188 0.40332 0.873047 0.40332 0.873047 0.407227 0.867188 0.407227
0 0.867188 0.408203 0.871094 0.412109 0.871094 0.412109 0.871094 0.417969 0.871094 0.417969 0.864258 0.416016
1 0.961914 0.541992 0.97168 0.544922 0.977539 0.558594 0.97168 0.577148 0.974609 0.588867 0.981445 0.595703 0.991211 0.607422 0.991211 0.635742 0.989258 0.646484 0.973633 0.652344 0.958008 0.645508 0.949219 0.625 0.951172 0.610352 0.958984 0.595703 0.948242 0.586914 0.949219 0.566406 0.954102 0.557617
0 0.586914 0.483398 0.591797 0.491211 0.584961 0.49707 0.576172 0.489258
0 0.607422 0.483398 0.616211 0.488281 0.615234 0.495117 0.605469 0.494141 0.605469 0.494141
0 0.642578 0.510742 0.652344 0.514648 0.651367 0.524414 0.640625 0.523438 0.635742 0.514648
0 0.628906 0.46582 0.630859 0.47168 0.625977 0.475586 0.624023 0.46875
0 0.616211 0.576172 0.624023 0.578125 0.625977 0.586914 0.616211 0.587891
0 0.615234 0.59082 0.619141 0.601562 0.614258 0.605469 0.608398 0.599609 0.608398 0.592773
0 0.749023 0.510742 0.75293 0.512695 0.75293 0.518555 0.746094 0.515625
0 0.645508 0.603516 0.658203 0.605469 0.664062 0.618164 0.658203 0.623047 0.646484 0.612305
0 0.668945 0.620117 0.672852 0.624023 0.670898 0.62793 0.665039 0.625
0 0.683594 0.633789 0.694336 0.643555 0.692383 0.651367 0.680664 0.648438 0.677734 0.637695 0.677734 0.637695
0 0.6875 0.618164 0.69043 0.62207 0.6875 0.625 0.68457 0.620117
0 0.697266 0.625 0.701172 0.629883 0.697266 0.634766 0.693359 0.629883
0 0.634766 0.56543 0.635742 0.573242 0.626953 0.575195 0.626953 0.575195 0.625977 0.567383
1 0.608398 0.650391 0.615234 0.647461 0.619141 0.655273 0.613281 0.664062 0.606445 0.671875 0.600586 0.677734 0.59668 0.681641 0.589844 0.678711 0.585938 0.670898 0.585938 0.663086 0.602539 0.657227
1 0.625977 0.664062 0.633789 0.662109 0.634766 0.666992 0.634766 0.666992 0.620117 0.68457 0.615234 0.686523 0.612305 0.678711 0.621094 0.672852
0 0.514648 0.636719 0.515625 0.642578 0.508789 0.648438 0.504883 0.639648
0 0.458008 0.572266 0.466797 0.571289 0.466797 0.581055 0.457031 0.583984 0.453125 0.579102
0 0.376953 0.648438 0.383789 0.65332 0.380859 0.663086 0.370117 0.662109 0.369141 0.65332
0 0.385742 0.654297 0.391602 0.658203 0.389648 0.666016 0.381836 0.664062 0.380859 0.65625
0 0.40918 0.526367 0.413086 0.533203 0.410156 0.536133 0.40625 0.532227
1 0.397461 0.577148 0.402344 0.583008 0.396484 0.591797 0.390625 0.589844 0.384766 0.584961 0.387695 0.576172 0.393555 0.572266
0 0.362305 0.613281 0.369141 0.620117 0.366211 0.62793 0.361328 0.62793 0.354492 0.621094 0.356445 0.614258
0 0.304688 0.609375 0.313477 0.615234 0.3125 0.624023 0.302734 0.623047 0.299805 0.613281
1 0.245117 0.567383 0.256836 0.566406 0.265625 0.571289 0.273438 0.581055 0.285156 0.585938 0.286133 0.592773 0.291992 0.59668 0.293945 0.606445 0.288086 0.610352 0.275391 0.600586 0.263672 0.592773 0.251953 0.588867 0.248047 0.575195
0 0.229492 0.541992 0.233398 0.551758 0.225586 0.555664 0.21875 0.548828 0.22168 0.541992
0 0.107422 0.516602 0.108398 0.526367 0.102539 0.529297 0.0966797 0.521484
0 0.0810547 0.592773 0.0869141 0.595703 0.0859375 0.602539 0.0791016 0.601562 0.0761719 0.595703
0 0.0136719 0.537109 0.0195312 0.538086 0.0195312 0.543945 0.0136719 0.543945
0 0.117188 0.628906 0.120117 0.632812 0.119141 0.637695 0.114258 0.632812
0 0.0292969 0.680664 0.03125 0.693359 0.0253906 0.698242 0.015625 0.698242 0.0146484 0.68457 0.0214844 0.678711
0 0.212891 0.644531 0.22168 0.650391 0.216797 0.65332 0.209961 0.647461
0 0.239258 0.668945 0.246094 0.675781 0.240234 0.680664 0.236328 0.673828
0 0.186523 0.664062 0.188477 0.668945 0.185547 0.672852 0.180664 0.667969
0 0.180664 0.675781 0.183594 0.681641 0.180664 0.685547 0.175781 0.678711
0 0.199219 0.695312 0.206055 0.697266 0.206055 0.701172 0.198242 0.701172
0 0.116211 0.682617 0.121094 0.685547 0.121094 0.689453 0.114258 0.689453
0 0.154297 0.686523 0.15918 0.69043 0.15625 0.693359 0.15332 0.69043
0 0.154297 0.65918 0.15918 0.662109 0.15918 0.666016 0.15625 0.666016
0 0.206055 0.607422 0.206055 0.614258 0.201172 0.614258 0.201172 0.607422
1 0.307617 0.624023 0.317383 0.634766 0.331055 0.644531 0.331055 0.65332 0.323242 0.657227 0.317383 0.666016 0.323242 0.674805 0.3125 0.68457 0.310547 0.692383 0.300781 0.682617 0.30957 0.676758 0.306641 0.664062 0.297852 0.65625 0.287109 0.649414 0.285156 0.639648 0.27832 0.634766 0.274414 0.625977 0.271484 0.614258 0.280273 0.617188 0.285156 0.615234 0.287109 0.618164 0.286133 0.626953 0.291016 0.628906 0.299805 0.62207
0 0.397461 0.683594 0.400391 0.691406 0.395508 0.694336 0.391602 0.6875
0 0.537109 0.709961 0.541992 0.714844 0.541016 0.72168 0.53418 0.72168 0.532227 0.714844
0 0.592773 0.728516 0.597656 0.732422 0.59375 0.739258 0.584961 0.737305
0 0.599609 0.739258 0.599609 0.739258 0.595703 0.74707 0.59082 0.742188 0.592773 0.736328
0 0.665039 0.719727 0.670898 0.724609 0.666016 0.729492 0.662109 0.725586
0 0.674805 0.774414 0.685547 0.78125 0.688477 0.789062 0.683594 0.792969 0.675781 0.790039 0.672852 0.777344
0 0.689453 0.78418 0.696289 0.787109 0.697266 0.796875 0.691406 0.800781 0.68457 0.794922 0.685547 0.782227
0 0.726562 0.763672 0.725586 0.773438 0.71875 0.776367 0.716797 0.762695
1 0.777344 0.786133 0.773438 0.792969 0.776367 0.796875 0.78125 0.793945 0.785156 0.801758 0.776367 0.80957 0.767578 0.804688 0.765625 0.790039
1 0.767578 0.817383 0.766602 0.827148 0.773438 0.833008 0.779297 0.834961 0.783203 0.839844 0.777344 0.844727 0.768555 0.839844 0.761719 0.84082 0.754883 0.829102 0.758789 0.817383 0.764648 0.814453
0 0.902344 0.873047 0.905273 0.880859 0.901367 0.884766 0.894531 0.874023
0 0.889648 0.882812 0.889648 0.889648 0.884766 0.892578 0.881836 0.885742
0 0.882812 0.894531 0.879883 0.902344 0.869141 0.90332 0.87207 0.894531 0.876953 0.894531
0 0.899414 0.888672 0.910156 0.897461 0.907227 0.904297 0.900391 0.901367 0.895508 0.893555
0 0.899414 0.901367 0.898438 0.90918 0.898438 0.90918 0.892578 0.912109 0.886719 0.90625 0.891602 0.899414
1 0.970703 0.894531 0.981445 0.895508 0.985352 0.90332 0.985352 0.915039 0.977539 0.921875 0.975586 0.931641 0.969727 0.936523 0.962891 0.927734 0.960938 0.916992 0.956055 0.919922 0.951172 0.924805 0.947266 0.916992 0.949219 0.910156 0.957031 0.904297 0.961914 0.905273
1 0.857422 0.929688 0.866211 0.930664 0.865234 0.94043 0.875 0.939453 0.883789 0.947266 0.888672 0.954102 0.897461 0.956055 0.90332 0.948242 0.914062 0.943359 0.920898 0.944336 0.924805 0.954102 0.924805 0.960938 0.916992 0.963867 0.911133 0.957031 0.904297 0.959961 0.902344 0.96875 0.896484 0.972656 0.885742 0.966797 0.876953 0.96875 0.87207 0.961914 0.864258 0.966797 0.860352 0.958008 0.855469 0.944336 0.855469 0.944336 0.852539 0.936523
0 0.932617 0.96582 0.935547 0.973633 0.931641 0.982422 0.921875 0.987305 0.911133 0.989258 0.914062 0.978516 0.919922 0.97168 0.920898 0.96582 0.920898 0.96582
0 0.954102 0.982422 0.957031 0.989258 0.952148 0.99707 0.943359 0.994141 0.947266 0.983398 0.947266 0.983398
0 0.924805 0.986328 0.931641 0.987305 0.931641 0.994141 0.926758 0.996094 0.922852 0.992188
0 0.929688 0.93457 0.935547 0.939453 0.933594 0.945312 0.926758 0.941406
1 0.813477 0.96875 0.817383 0.975586 0.826172 0.980469 0.834961 0.987305 0.837891 0.993164 0.837891 1 0.790039 1 0.787109 0.994141 0.794922 0.989258 0.801758 0.981445 0.806641 0.974609 0.80957 0.970703
0 0.839844 0.96875 0.845703 0.97168 0.84375 0.975586 0.837891 0.975586
0 0.848633 0.97168 0.855469 0.973633 0.855469 0.978516 0.850586 0.981445
0 0.772461 0.969727 0.77832 0.97168 0.777344 0.979492 0.772461 0.979492 0.769531 0.973633
0 0.775391 0.980469 0.780273 0.984375 0.777344 0.991211 0.770508 0.988281 0.770508 0.983398
0 0.697266 0.984375 0.705078 0.985352 0.708008 0.991211 0.703125 0.996094 0.696289 0.991211
0 0.746094 0.978516 0.755859 0.980469 0.755859 0.988281 0.748047 0.991211 0.748047 0.991211 0.741211 0.987305
0 0.704102 0.955078 0.706055 0.962891 0.701172 0.966797 0.696289 0.959961
1 0.706055 0.878906 0.711914 0.881836 0.711914 0.890625 0.703125 0.898438 0.695312 0.904297 0.689453 0.908203 0.686523 0.899414 0.697266 0.891602 0.703125 0.883789
0 0.750977 0.87207 0.751953 0.87793 0.745117 0.883789 0.739258 0.878906 0.744141 0.870117
0 0.65332 0.895508 0.65625 0.901367 0.652344 0.912109 0.640625 0.911133 0.641602 0.897461
0 0.696289 0.916992 0.700195 0.925781 0.697266 0.931641 0.697266 0.931641 0.689453 0.923828
1 0.640625 0.920898 0.637695 0.931641 0.62793 0.936523 0.62207 0.933594 0.613281 0.927734 0.618164 0.920898 0.625 0.920898 0.634766 0.917969
0 0.574219 0.905273 0.583008 0.912109 0.582031 0.916016 0.573242 0.916016 0.570312 0.910156
0 0.601562 0.894531 0.601562 0.902344 0.595703 0.90332 0.59375 0.895508
0 0.620117 0.881836 0.629883 0.882812 0.632812 0.891602 0.626953 0.894531 0.62207 0.890625
1 0.608398 0.867188 0.623047 0.858398 0.632812 0.861328 0.641602 0.873047 0.645508 0.875977 0.654297 0.867188 0.654297 0.867188 0.665039 0.867188 0.65918 0.861328 0.660156 0.850586 0.666992 0.844727 0.676758 0.844727 0.678711 0.852539 0.670898 0.863281 0.670898 0.863281 0.666016 0.87207 0.664062 0.880859 0.666016 0.887695 0.658203 0.894531 0.643555 0.886719 0.62793 0.87793 0.621094 0.874023 0.614258 0.880859 0.606445 0.878906
1 0.613281 0.802734 0.623047 0.801758 0.625 0.80957 0.629883 0.808594 0.630859 0.814453 0.630859 0.814453 0.623047 0.824219 0.621094 0.833008 0.612305 0.838867 0.608398 0.842773 0.608398 0.842773 0.610352 0.848633 0.604492 0.853516 0.599609 0.853516 0.597656 0.844727 0.584961 0.839844 0.582031 0.831055 0.583008 0.820312 0.597656 0.823242 0.602539 0.811523
0 0.578125 0.837891 0.589844 0.845703 0.592773 0.853516 0.582031 0.855469 0.573242 0.848633 0.563477 0.848633 0.56543 0.84082
0 0.574219 0.852539 0.577148 0.862305 0.570312 0.866211 0.561523 0.864258 0.560547 0.851562
0 0.59082 0.793945 0.59082 0.799805 0.586914 0.798828 0.585938 0.792969
0 0.586914 0.799805 0.588867 0.803711 0.587891 0.808594 0.582031 0.807617 0.583008 0.800781
0 0.676758 0.750977 0.678711 0.757812 0.674805 0.763672 0.665039 0.759766 0.665039 0.75
1 0.568359 0.686523 0.578125 0.692383 0.587891 0.702148 0.597656 0.708984 0.597656 0.71582 0.59082 0.712891 0.581055 0.707031 0.569336 0.699219 0.55957 0.695312 0.560547 0.686523
0 0.442383 0.758789 0.441406 0.765625 0.435547 0.764648 0.433594 0.758789
0 0.499023 0.775391 0.504883 0.780273 0.511719 0.786133 0.509766 0.794922 0.496094 0.789062 0.492188 0.780273 0.492188 0.773438
0 0.31543 0.788086 0.318359 0.794922 0.313477 0.797852 0.308594 0.791016
0 0.198242 0.810547 0.197266 0.816406 0.192383 0.81543 0.192383 0.810547
0 0.21875 0.808594 0.222656 0.811523 0.220703 0.816406 0.21582 0.814453
0 0.265625 0.822266 0.266602 0.830078 0.266602 0.830078 0.262695 0.831055 0.260742 0.824219
0 0.25 0.821289 0.253906 0.824219 0.253906 0.830078 0.24707 0.827148
0 0.227539 0.821289 0.231445 0.822266 0.233398 0.829102 0.225586 0.826172
0 0.179688 0.810547 0.185547 0.810547 0.185547 0.81543 0.179688 0.814453
0 0.183594 0.823242 0.186523 0.824219 0.186523 0.829102 0.180664 0.826172
0 0.145508 0.807617 0.150391 0.808594 0.149414 0.813477 0.145508 0.813477
0 0.109375 0.803711 0.115234 0.803711 0.114258 0.808594 0.109375 0.808594
0 0.0996094 0.798828 0.104492 0.800781 0.104492 0.805664 0.0996094 0.805664
0 0.100586 0.786133 0.104492 0.789062 0.103516 0.794922 0.0986328 0.792969
0 0.100586 0.775391 0.104492 0.777344 0.104492 0.782227 0.0996094 0.78125
0 0.111328 0.790039 0.115234 0.791992 0.115234 0.799805 0.109375 0.796875
0 0.119141 0.757812 0.119141 0.766602 0.110352 0.765625 0.111328 0.757812
0 0.117188 0.78125 0.116211 0.789062 0.116211 0.789062 0.111328 0.787109 0.111328 0.787109 0.111328 0.77832
0 0.0966797 0.744141 0.105469 0.744141 0.104492 0.751953 0.0976562 0.753906
0 0.0693359 0.770508 0.0722656 0.777344 0.0712891 0.782227 0.0673828 0.78125 0.0644531 0.775391
0 0.0410156 0.734375 0.0419922 0.744141 0.0371094 0.750977 0.0351562 0.737305
1 0 0.805664 0.00878906 0.805664 0.0185547 0.802734 0.0244141 0.806641 0.0322266 0.804688 0.0332031 0.8125 0.0263672 0.817383 0.0214844 0.827148 0.0224609 0.833984 0.0117188 0.837891 0.00292969 0.833984 0 0.825195 0 0.821289
0 0.15332 0.863281 0.154297 0.868164 0.148438 0.869141 0.148438 0.863281
0 0.15918 0.874023 0.166992 0.875 0.166016 0.880859 0.161133 0.880859 0.15625 0.876953
0 0.0878906 0.84668 0.0947266 0.849609 0.0947266 0.856445 0.0869141 0.857422 0.0830078 0.851562
0 0.152344 0.910156 0.160156 0.916016 0.158203 0.922852 0.150391 0.923828 0.148438 0.916016
0 0.242188 0.914062 0.244141 0.923828 0.242188 0.928711 0.231445 0.927734 0.224609 0.921875 0.231445 0.915039
0 0.176758 0.938477 0.177734 0.943359 0.173828 0.946289 0.169922 0.941406
0 0.113281 0.986328 0.121094 0.992188 0.125977 1 0.112305 1
0 0.196289 0.998047 0.206055 0.987305 0.213867 0.994141 0.212891 1
0 0.163086 0.987305 0.164062 0.996094 0.15625 0.995117 0.157227 0.985352
0 0.150391 0.992188 0.142578 0.991211 0.142578 0.985352 0.149414 0.984375
0 0.130859 0.967773 0.136719 0.972656 0.132812 0.978516 0.123047 0.976562
0 0.116211 0.969727 0.118164 0.976562 0.112305 0.979492 0.108398 0.972656 0.108398 0.972656
0 0.160156 0.966797 0.165039 0.96875 0.165039 0.974609 0.158203 0.975586 0.158203 0.975586 0.15625 0.970703 0.15625 0.970703
0 0.173828 0.964844 0.178711 0.967773 0.177734 0.975586 0.169922 0.975586 0.167969 0.96875
0 0.265625 0.912109 0.266602 0.924805 0.261719 0.928711 0.256836 0.923828 0.260742 0.915039
0 0.288086 0.90918 0.291016 0.916016 0.285156 0.924805 0.275391 0.922852 0.275391 0.912109 0.280273 0.908203
0 0.271484 0.886719 0.271484 0.894531 0.267578 0.895508 0.263672 0.893555 0.265625 0.888672
0 0.355469 0.948242 0.354492 0.956055 0.348633 0.955078 0.347656 0.950195
0 0.380859 0.955078 0.37793 0.960938 0.374023 0.958984 0.376953 0.954102
1 0.34082 0.975586 0.353516 0.975586 0.360352 0.979492 0.363281 0.980469 0.379883 0.981445 0.387695 0.989258 0.395508 0.994141 0.400391 1 0.379883 1 0.370117 0.993164 0.360352 0.987305 0.348633 0.984375 0.34375 0.987305 0.333984 0.983398 0.333984 0.983398
0 0.453125 0.898438 0.449219 0.90332 0.443359 0.901367 0.443359 0.896484
0 0.455078 0.900391 0.457031 0.90332 0.453125 0.907227 0.448242 0.904297 0.451172 0.899414
0 0.483398 0.900391 0.481445 0.905273 0.475586 0.902344 0.475586 0.902344 0.479492 0.901367
0 0.535156 0.880859 0.532227 0.886719 0.532227 0.886719 0.526367 0.883789 0.52832 0.876953 0.532227 0.876953
0 0.566406 0.880859 0.5625 0.888672 0.554688 0.884766 0.555664 0.875977
0 0.581055 0.97168 0.579102 0.978516 0.573242 0.977539 0.570312 0.97168 0.577148 0.967773
0 0.59082 0.977539 0.59082 0.985352 0.584961 0.985352 0.581055 0.979492 0.585938 0.974609
1 0.541016 0.970703 0.537109 0.981445 0.532227 0.983398 0.532227 0.988281 0.527344 0.988281 0.519531 0.979492 0.530273 0.975586 0.537109 0.969727
0 0.966797 0.984375 0.966797 0.991211 0.958984 0.992188 0.961914 0.983398
0 0.96875 0.975586 0.976562 0.976562 0.975586 0.983398 0.96875 0.984375 0.966797 0.980469
0 0.979492 0.977539 0.986328 0.980469 0.984375 0.988281 0.978516 0.984375
0 0.975586 0.989258 0.978516 0.990234 0.975586 0.996094 0.970703 0.993164
0 0.941406 0.889648 0.945312 0.896484 0.941406 0.900391 0.9375 0.897461
0 0.952148 0.896484 0.953125 0.901367 0.949219 0.904297 0.944336 0.899414 0.947266 0.895508
