1 0.0723418 0.0936475 0.0642236 0.085791 0.0566299 0.0779346 0.0532256 0.0616982 0.0477256 0.046248 0.0540107 0.0386533 0.0642236 0.0402246 0.0720801 0.0548896 0.0744375 0.0658887 0.0791514 0.0781963 0.0770557 0.0884102
1 0.00244141 0.0126787 0.00820508 0.00830664 0.0175469 0.00393359 0.0249014 0.00651758 0.0274854 0.0148652 0.0217217 0.021623 0.0203301 0.029375 0.0193359 0.0367295 0.0247031 0.0436865 0.0300693 0.0502451 0.0368271 0.0552148 0.0412002 0.0625684 0.0396104 0.0693262 0.0340449 0.0707178 0.0233115 0.0627676 0.016752 0.0558105 0.0135723 0.0438848 0.00582031 0.0432891 0.00164648 0.0516367 0 0.0158594
0 0.0936436 0.0507656 0.0904609 0.0489473 0.0890059 0.0433994 0.0915518 0.0389434 0.0966445 0.0376699 0.101192 0.0396709 0.101556 0.044127 0.0994639 0.0481279
0 0.115002 0.120584 0.110819 0.119672 0.109229 0.116556 0.10956 0.112777 0.111681 0.110987 0.114598 0.110655 0.11725 0.112114 0.118178 0.114965 0.117515 0.118412
0 0.124576 0.0984355 0.120843 0.0918584 0.120487 0.0804824 0.127598 0.0728389 0.133819 0.0747939 0.134886 0.0831484 0.134708 0.0918584 0.130265 0.0986143
1 0.221362 0.241186 0.248896 0.236681 0.274927 0.230673 0.275928 0.205644 0.265916 0.195631 0.256905 0.17861 0.219209 0.0951436 0.229206 0.0768154 0.218098 0 0.149229 0 0.149229 0.0357168 0.154783 0.0918105 0.175888 0.101252 0.173111 0.165122 0.191994 0.197891 0.209212 0.218995
0 0.0915459 0.216824 0.0784893 0.215149 0.0741367 0.199414 0.0855195 0.188701 0.106611 0.185019 0.10862 0.198745 0.10226 0.208789
0 0.110294 0.23959 0.0995811 0.23825 0.0925508 0.233898 0.0975322 0.219943 0.106396 0.217144 0.113861 0.219943 0.115494 0.231141 0.114328 0.236506
0 0.0923994 0.258901 0.0847266 0.258303 0.0806719 0.253031 0.0794551 0.243841 0.0864834 0.240597 0.0918896 0.242083 0.0970264 0.246949 0.0956748 0.25587
0 0.00130469 0.208373 0.00755078 0.209234 0.0191826 0.209665 0.028875 0.21505 0.027582 0.226035 0.0198281 0.231204 0.00905859 0.230989 0.00238184 0.23142 0 0.230989 0.000658203 0.206649
0 0.0381162 0.247109 0.0337227 0.243814 0.0335859 0.236813 0.0397637 0.233243 0.0442939 0.23544 0.0444307 0.243128
0 0.0394883 0.260838 0.0348213 0.258504 0.0348213 0.251777 0.039626 0.25013 0.0427832 0.252326 0.0415479 0.258366
0 0.0490859 0.284938 0.0426875 0.282379 0.0372031 0.276346 0.0397627 0.26812 0.0452471 0.26227 0.0518281 0.261173 0.0551191 0.267389 0.0569473 0.274518 0.0547529 0.280186
0 0.0701094 0.280368 0.0635283 0.277443 0.0606035 0.270131 0.0587754 0.258796 0.0620654 0.250021 0.0708408 0.251484 0.0763242 0.25642 0.0797979 0.258613 0.0814434 0.262087 0.0777871 0.27598
0 0.0776045 0.302122 0.0753857 0.294783 0.0760576 0.287663 0.0803564 0.283767 0.0890898 0.284573 0.0941943 0.288335 0.0940605 0.294783 0.092582 0.301501 0.0864023 0.303919
1 0 0.298431 0.0244102 0.288552 0.0491055 0.289258 0.0695674 0.313601 0.0805039 0.313248 0.0910879 0.323831 0.104847 0.321362 0.107268 0.312146 0.106018 0.294637 0.115397 0.274001 0.118211 0.282756 0.125402 0.296825 0.139159 0.298389 0.155104 0.300265 0.154792 0.310582 0.146976 0.316522 0.14979 0.331843 0.152916 0.335907 0.16511 0.334345 0.179492 0.328717 0.180743 0.336533 0.175428 0.354354 0.167611 0.373739 0.157293 0.388435 0.143224 0.392812 0.13103 0.382807 0.117273 0.372176 0.122275 0.353417 0.10758 0.345913 0.10164 0.360607 0.0885078 0.362797 0.0801885 0.357259 0.0647041 0.354378 0.0549814 0.344295 0.038417 0.336733 0.0229326 0.348977 0.0294141 0.36374 0.0448984 0.371303 0.0596631 0.371663 0.0668652 0.381025 0.0621836 0.39903 0.0513809 0.426759 0.0362559 0.444764 0.0196914 0.455927 0 0.452686
1 0.0960332 0.376704 0.109357 0.376704 0.12088 0.381386 0.135645 0.388948 0.141046 0.400471 0.136005 0.419917 0.132403 0.440803 0.12016 0.455927 0.105396 0.447284 0.103235 0.43072 0.0992744 0.411994 0.0913516 0.412715 0.0852305 0.433601 0.0855898 0.442243 0.0639844 0.440803 0.0704658 0.405513 0.0809092 0.383546
0 0.105142 0.492832 0.0951123 0.489997 0.0911875 0.478878 0.0996904 0.468412 0.109502 0.469284 0.114517 0.478006 0.110374 0.488471
0 0.0970742 0.5118 0.0896611 0.511146 0.0839922 0.505695 0.0870449 0.493922 0.0940215 0.491523 0.102307 0.492832 0.103615 0.502643 0.100562 0.509402
0 0.0789775 0.511582 0.0715645 0.51071 0.06546 0.501771 0.0735273 0.480622 0.0835566 0.482803 0.0826846 0.497847 0.081376 0.505478
1 0.0907158 0.574435 0.0758154 0.566819 0.0635635 0.545628 0.0638945 0.522118 0.0844238 0.51351 0.0993242 0.521787 0.106609 0.536025 0.115549 0.548276 0.104291 0.566488
1 0.0614404 0.649468 0.0518223 0.643284 0.0550029 0.613437 0.0602529 0.585436 0.0749541 0.581936 0.0921055 0.590687 0.0914053 0.606437 0.0854551 0.623938 0.0777539 0.644239
1 0.037502 0.726494 0.0315518 0.709693 0.0312012 0.685191 0.0371523 0.663141 0.0536025 0.65894 0.0655039 0.666291 0.0686543 0.676091 0.0599033 0.700242 0.0613037 0.719844 0.0476523 0.728944
1 0.228997 0.280052 0.245944 0.271835 0.266487 0.280565 0.263405 0.340138 0.254162 0.364789 0.218213 0.4069 0.211022 0.441822 0.198697 0.472122 0.201266 0.496772 0.21051 0.509611 0.228305 0.512093 0.225534 0.526342 0.210098 0.541383 0.183975 0.54257 0.149144 0.531487 0.176417 0.43231 0.191393 0.390025 0.215177 0.342455
0 0.249245 0.43058 0.237922 0.428744 0.23425 0.409771 0.243431 0.401814 0.257508 0.401202 0.260262 0.411606 0.259344 0.423542
0 0.26706 0.380446 0.262831 0.379742 0.261069 0.37434 0.264476 0.368585 0.268469 0.36788 0.272227 0.370464 0.271874 0.375749
0 0.184118 0.57643 0.177401 0.57403 0.170925 0.564195 0.175962 0.550761 0.186277 0.549321 0.194914 0.555319 0.190355 0.566114
0 0.210746 0.581468 0.20115 0.581947 0.191555 0.57667 0.194914 0.561796 0.20187 0.55148 0.210026 0.554119 0.213146 0.562516 0.210507 0.572831
0 0.192125 0.613853 0.184762 0.612572 0.18204 0.605689 0.184762 0.597365 0.191965 0.596405 0.197247 0.598486 0.197087 0.606489
0 0.171943 0.590252 0.164949 0.58792 0.162784 0.579094 0.168446 0.575097 0.176773 0.574931 0.182436 0.578428 0.179271 0.585589 0.175773 0.588586
1 0.120201 0.737475 0.103369 0.724765 0.100277 0.700375 0.114705 0.684573 0.126041 0.669115 0.123637 0.650222 0.113675 0.645069 0.119171 0.615527 0.132812 0.574219 0.149414 0.560547 0.161133 0.579102 0.157301 0.625832 0.159706 0.650909 0.148868 0.675049 0.151095 0.690266 0.158889 0.700286 0.167054 0.710307 0.17225 0.727008 0.176332 0.743709 0.161116 0.754843 0.145157 0.749647 0.128085 0.739998
1 0.19084 0.679418 0.180531 0.677699 0.185256 0.6588 0.1875 0.643555 0.18139 0.638182 0.182617 0.616211 0.19043 0.615234 0.193359 0.628906 0.202148 0.62793 0.211888 0.605106 0.222626 0.603818 0.223056 0.618423 0.214844 0.626953 0.213605 0.641618 0.203125 0.643555 0.20029 0.66825
0 0.221369 0.749899 0.213732 0.744172 0.211277 0.727533 0.219733 0.717714 0.224643 0.723987 0.226279 0.732988 0.223006 0.741171
0 0.234218 0.673561 0.225419 0.668168 0.221555 0.65542 0.228208 0.647758 0.234862 0.64675 0.238089 0.650782 0.243533 0.658041 0.238896 0.668123
1 0.070707 0.926701 0.0577891 0.919031 0.0521377 0.900059 0.039624 0.892388 0.0291279 0.875837 0.0299355 0.851616 0.040835 0.82578 0.052542 0.817707 0.0634414 0.81367 0.064248 0.849194 0.0638447 0.865745 0.0763594 0.8827 0.0816064 0.907324 0.0759551 0.918628
0 0.0957168 0.958596 0.0844033 0.961573 0.0751738 0.95681 0.0665391 0.939243 0.0796396 0.92138 0.0960146 0.924654 0.103458 0.937755 0.102465 0.947909
1 0.209247 0.998189 0.203093 0.990326 0.196256 0.990668 0.182581 0.987591 0.164119 0.98554 0.161727 0.966737 0.189076 0.951353 0.220187 0.947592 0.245144 0.951694 0.253007 0.964686 0.258477 0.982463 0.253349 1 0.215059 1
0 0.431256 0.888087 0.424525 0.886356 0.420487 0.87578 0.423372 0.861552 0.434332 0.860205 0.442601 0.86732 0.444908 0.877127 0.439908 0.885011
0 0.320663 0.897119 0.315244 0.896322 0.3111 0.889946 0.314128 0.879267 0.32417 0.877673 0.329111 0.882614 0.331024 0.889309
0 0.339484 0.857518 0.333406 0.857985 0.327017 0.853154 0.327952 0.84053 0.334498 0.832738 0.342602 0.83305 0.347744 0.837413 0.347744 0.837413 0.346187 0.849413
0 0.370677 0.863965 0.365511 0.862505 0.363377 0.855879 0.366185 0.847906 0.371688 0.847794 0.377189 0.850602 0.377302 0.857451 0.374382 0.861606
0 0.392508 0.920826 0.386901 0.918423 0.381455 0.911695 0.379373 0.902565 0.384179 0.895197 0.391867 0.894396 0.397793 0.899202 0.401958 0.90593 0.402599 0.914419 0.397473 0.920185
0 0.440318 0.913311 0.436425 0.913533 0.433755 0.909862 0.436091 0.904633 0.43954 0.905523 0.442099 0.907859 0.440764 0.911642
1 0.290277 1 0.284229 0.975322 0.287686 0.948103 0.310152 0.932979 0.332188 0.916993 0.362433 0.910944 0.369347 0.926066 0.362433 0.944214 0.351199 0.964521 0.341262 0.981804 0.347311 1
1 0.451188 1 0.457429 0.982146 0.464362 0.963426 0.470602 0.955799 0.484122 0.940199 0.491304 0.932735 0.497906 0.934753 0.500475 0.941539 0.497906 0.949977 0.495889 0.95878 0.497356 0.968135 0.503592 0.976205 0.510012 0.982991 0.518082 0.991062 0.510929 0.995646 0.499557 0.991429 0.490569 0.985192 0.483233 0.98024 0.481766 0.990511 0.482683 0.999132 0.478281 1
1 0.527875 0.977256 0.522976 0.974316 0.518811 0.973091 0.511461 0.967946 0.504846 0.960842 0.50803 0.943447 0.515625 0.940997 0.518565 0.950062 0.523955 0.957901 0.53106 0.964271 0.53204 0.972111
0 0.551662 0.917678 0.54081 0.913731 0.529629 0.906825 0.515816 0.908141 0.511541 0.893999 0.519104 0.884134 0.531272 0.882489 0.544099 0.891697 0.544099 0.891697 0.557582 0.904523
0 0.54815 0.87196 0.544917 0.87099 0.543193 0.865603 0.546749 0.862046 0.551491 0.862046 0.553431 0.865817 0.552354 0.869158
0 0.553431 0.880797 0.549659 0.879827 0.547504 0.875732 0.549229 0.872068 0.551922 0.870344 0.556232 0.871529 0.559143 0.873361 0.556125 0.878642
0 0.582289 0.900132 0.577169 0.901187 0.573554 0.894409 0.571445 0.886126 0.576717 0.882361 0.584548 0.880854 0.589367 0.885373 0.590723 0.890343 0.588614 0.896819
0 0.58996 1 0.587464 0.991224 0.592746 0.987184 0.599893 0.987028 0.604554 0.992 0.606263 0.999924 0.603933 1
0 0.75657 0.999983 0.743426 0.988441 0.73541 0.970487 0.742784 0.958624 0.755288 0.965678 0.76651 0.972731 0.769074 0.982029 0.76106 0.997098
0 0.756662 0.892273 0.768202 0.895296 0.769851 0.900791 0.76518 0.911507 0.75364 0.913705 0.747046 0.909034 0.749794 0.89612
0 0.773973 0.905462 0.766554 0.898318 0.76146 0.889751 0.765354 0.881962 0.772436 0.880015 0.779693 0.883556 0.784827 0.889043 0.783588 0.896832 0.779693 0.902319
1 0.801413 0.85858 0.790096 0.856316 0.783809 0.841479 0.786574 0.81985 0.787832 0.802244 0.792862 0.789921 0.803425 0.783633 0.815497 0.787405 0.817509 0.801741 0.817258 0.815573 0.817509 0.833934 0.811977 0.85028
1 0.749345 0.831549 0.741229 0.829827 0.732377 0.82122 0.729918 0.804006 0.723524 0.798597 0.716393 0.803022 0.706311 0.804498 0.696966 0.800071 0.698195 0.786547 0.711475 0.78335 0.731147 0.785071 0.738771 0.795153 0.740492 0.806711 0.750083 0.812613 0.757952 0.816548 0.755984 0.829089
1 0.732869 0.876796 0.719344 0.878764 0.706064 0.876305 0.69672 0.865238 0.687375 0.862042 0.693523 0.842614 0.705572 0.835975 0.720327 0.835729 0.736804 0.844828 0.741968 0.859582
0 0.672233 0.837436 0.665777 0.833656 0.66499 0.825626 0.669714 0.820901 0.678689 0.819484 0.684043 0.823894 0.684043 0.831609 0.678847 0.83586
0 0.653262 0.787384 0.649901 0.785339 0.649755 0.777304 0.653554 0.771169 0.66042 0.768393 0.663049 0.774675 0.663779 0.781541 0.66115 0.784755
0 0.678876 0.788319 0.672827 0.787842 0.671236 0.78068 0.676488 0.770971 0.682059 0.769538 0.686037 0.771607 0.686515 0.778451 0.685083 0.784499
1 0.356879 0.772351 0.318984 0.783808 0.259058 0.772351 0.23967 0.754726 0.274039 0.722118 0.341897 0.715949 0.431787 0.683343 0.445006 0.715949 0.408874 0.739744 0.376267 0.752963
1 0.315515 0.592722 0.27686 0.598735 0.249312 0.580673 0.249916 0.542646 0.265625 0.532227 0.270508 0.518555 0.282227 0.517578 0.28418 0.532227 0.2976 0.532386 0.32114 0.519106 0.335938 0.510742 0.352539 0.522461 0.368164 0.537109 0.366211 0.557617 0.344076 0.569205 0.332031 0.573242 0.313477 0.579102
1 0.386931 0.552305 0.369427 0.536611 0.363391 0.528765 0.350111 0.498585 0.328986 0.484702 0.318121 0.459352 0.342265 0.431586 0.360373 0.441243 0.386327 0.458748 0.40021 0.48772 0.400813 0.526953
0 0.409119 0.489098 0.394226 0.476496 0.386971 0.456256 0.39919 0.445945 0.404919 0.454729 0.412938 0.465039 0.416375 0.48337
0 0.434332 0.485726 0.425245 0.483563 0.425895 0.472528 0.436928 0.464523 0.446015 0.471015 0.444284 0.48248
0 0.443787 0.562274 0.430635 0.555698 0.423365 0.535623 0.422674 0.518316 0.437903 0.512778 0.444479 0.520047 0.451056 0.530776 0.453825 0.547045 0.448287 0.559159
0 0.350888 0.417267 0.345369 0.413403 0.340035 0.404207 0.337276 0.39501 0.340035 0.388572 0.347393 0.391883 0.351808 0.399425 0.354935 0.40623 0.357142 0.414507
0 0.377054 0.419431 0.369586 0.419617 0.365479 0.412896 0.363425 0.403934 0.369772 0.394785 0.376307 0.397959 0.382469 0.403561 0.384896 0.409535 0.383775 0.418123
0 0.367876 0.352931 0.361841 0.353746 0.35809 0.350483 0.359558 0.341024 0.366407 0.335642 0.373258 0.337925 0.375541 0.344938 0.37391 0.349179
0 0.337773 0.346601 0.330922 0.346338 0.324647 0.341935 0.329177 0.332067 0.335162 0.323494 0.344221 0.316862 0.351823 0.320744 0.352955 0.327861 0.34875 0.335788
0 0.318965 0.331457 0.314812 0.327824 0.317278 0.320428 0.323767 0.31926 0.328179 0.322114 0.326492 0.328732 0.322988 0.331587
0 0.346593 0.651412 0.337097 0.651719 0.331583 0.644979 0.323926 0.635484 0.333115 0.622926 0.346593 0.621394 0.350574 0.632421 0.352412 0.642223
0 0.428361 0.612926 0.414532 0.612926 0.405543 0.601517 0.398628 0.58907 0.415224 0.57939 0.426979 0.58423 0.433547 0.592182 0.44461 0.592527 0.445994 0.602899
0 0.434321 0.657968 0.428096 0.652364 0.429548 0.636383 0.43868 0.636591 0.444699 0.643232 0.443038 0.651326
0 0.478033 0.703586 0.464983 0.697405 0.46258 0.67783 0.482498 0.672336 0.493144 0.682295 0.488336 0.695688
0 0.546913 0.567319 0.530895 0.554268 0.517249 0.531724 0.513097 0.501467 0.530301 0.472989 0.556405 0.484262 0.569457 0.504433 0.580136 0.526978 0.577763 0.563167
0 0.581428 0.835564 0.57111 0.832307 0.569844 0.821628 0.576722 0.818551 0.584323 0.823257 0.585229 0.830678
0 0.529719 0.825536 0.523906 0.824063 0.521295 0.820739 0.519396 0.814093 0.521414 0.808039 0.52711 0.805428 0.533639 0.807327 0.536962 0.811719 0.536962 0.819077
1 0.470124 0.846463 0.463216 0.858154 0.449665 0.855231 0.442757 0.83982 0.450462 0.821487 0.457104 0.807139 0.469593 0.793854 0.489521 0.797308 0.507323 0.810593 0.504666 0.823612 0.496694 0.835038 0.482612 0.83982
1 0.522733 0.784022 0.513699 0.777646 0.513699 0.760375 0.52114 0.741244 0.531768 0.722911 0.539738 0.710157 0.552227 0.718394 0.558338 0.730616 0.559135 0.744433 0.550101 0.757452 0.539473 0.767283
0 0.599126 0.96705 0.593451 0.966468 0.591851 0.958174 0.598253 0.952063 0.607565 0.950462 0.609166 0.955264 0.610039 0.959629 0.606401 0.963267
0 0.56068 0.861159 0.554979 0.860813 0.551698 0.853904 0.55757 0.848032 0.562925 0.849587 0.565688 0.854596
1 0.773728 0.763034 0.76503 0.757393 0.767146 0.74141 0.76315 0.729657 0.768321 0.709209 0.778193 0.706153 0.795116 0.709679 0.803107 0.717671 0.804048 0.728952 0.797937 0.741645 0.795352 0.753867 0.791591 0.763739 0.782894 0.766324
0 0.714415 0.681521 0.709353 0.679945 0.705303 0.67522 0.707327 0.670045 0.713515 0.666445 0.719253 0.668021 0.720827 0.672521 0.718915 0.67792
0 0.724221 0.719308 0.72033 0.717063 0.721377 0.708684 0.725717 0.70629 0.732001 0.708833 0.730355 0.717961
0 0.622711 0.646723 0.614775 0.646723 0.608428 0.639779 0.613586 0.628471 0.624496 0.63105 0.626679 0.638391
1 0.632013 0.709766 0.620848 0.70878 0.609025 0.701228 0.600158 0.689076 0.600815 0.673642 0.613951 0.672985 0.632998 0.677254 0.643507 0.686777 0.638909 0.701884
0 0.772397 0.641946 0.76722 0.639708 0.764142 0.632432 0.763861 0.625575 0.76722 0.619698 0.773797 0.618858 0.778554 0.622217 0.779813 0.628934 0.778134 0.638309
0 0.799543 0.682105 0.794506 0.678047 0.791427 0.670631 0.794226 0.665034 0.800103 0.663495 0.806399 0.665174 0.810177 0.670491 0.811156 0.676788 0.806959 0.681266
1 0.729071 0.660731 0.719047 0.661177 0.709914 0.657835 0.709914 0.657835 0.706127 0.656276 0.707018 0.644915 0.715928 0.639569 0.71526 0.62353 0.707463 0.620412 0.712142 0.611279 0.717265 0.605487 0.726397 0.608383 0.732635 0.614175 0.73553 0.624199 0.735754 0.636228 0.733526 0.650707
0 0.751347 0.633555 0.745924 0.632779 0.740861 0.630951 0.738471 0.624482 0.739736 0.618013 0.745361 0.613653 0.750846 0.616888 0.755627 0.621248 0.755346 0.630107
0 0.696992 0.615315 0.688306 0.611516 0.685952 0.60102 0.692286 0.5936 0.70224 0.595771 0.70423 0.605 0.702782 0.611696
0 0.675638 0.606811 0.668218 0.606086 0.664807 0.599085 0.665028 0.592531 0.670138 0.589755 0.674803 0.590421 0.678135 0.594642 0.678579 0.600528
0 0.680791 0.578383 0.676474 0.578999 0.672403 0.575422 0.671047 0.569132 0.675117 0.565308 0.682765 0.564568 0.686711 0.569009 0.685848 0.575299
0 0.694581 0.581184 0.690892 0.581259 0.687881 0.58013 0.686225 0.577194 0.68645 0.570118 0.689763 0.567784 0.693 0.568688 0.696237 0.570871 0.697216 0.576817
0 0.6399 0.624316 0.634393 0.621276 0.633071 0.613336 0.639499 0.608113 0.644453 0.609051 0.647399 0.613872 0.644855 0.620165
0 0.633473 0.5974 0.629185 0.596136 0.628414 0.590818 0.631651 0.58635 0.636429 0.58635 0.639049 0.589509 0.63797 0.594055
1 0.711862 0.713029 0.702884 0.716322 0.690312 0.716322 0.681932 0.705846 0.676844 0.693874 0.690013 0.688486 0.711563 0.690282 0.718148 0.699261
0 0.985003 0.78969 0.977364 0.786487 0.973669 0.774415 0.981307 0.768994 0.990423 0.770719 0.993626 0.777618 0.991655 0.784517
0 0.939382 0.709178 0.932222 0.708605 0.922196 0.706887 0.910453 0.700586 0.913604 0.685405 0.927639 0.681969 0.940527 0.686838 0.947401 0.697435
1 0.94574 0.678861 0.940533 0.667059 0.950253 0.651091 0.961361 0.631305 0.974205 0.627139 0.981494 0.633734 0.974205 0.645189 0.96865 0.656298 0.968998 0.667753 0.983229 0.669142 0.989479 0.685804 0.982188 0.692746 0.969345 0.691705 0.955112 0.68615
0 0.912262 0.65793 0.907439 0.656444 0.903654 0.653038 0.903528 0.646351 0.909585 0.642439 0.915894 0.643448 0.918417 0.648874 0.917533 0.653164
0 0.881496 0.673644 0.873989 0.669776 0.873029 0.660112 0.876636 0.653684 0.884161 0.649764 0.888238 0.653526 0.89059 0.659642 0.888238 0.668893
1 0.871659 0.755847 0.859231 0.769051 0.850688 0.761672 0.841367 0.765167 0.820396 0.774876 0.801754 0.765943 0.809133 0.744195 0.813017 0.727885 0.827386 0.727885 0.839037 0.707689 0.851465 0.71002 0.85729 0.724001 0.872437 0.722059 0.881757 0.742254
0 0.899876 0.606302 0.895194 0.605459 0.892666 0.60031 0.895194 0.593286 0.89997 0.593567 0.903621 0.596751 0.903809 0.60265
0 0.919914 0.612482 0.915607 0.611358 0.911955 0.606208 0.912892 0.599841 0.917105 0.598062 0.921132 0.599186 0.925252 0.601152 0.926656 0.604522 0.925532 0.609393
0 0.96844 0.584838 0.963761 0.583729 0.963141 0.579544 0.966473 0.576057 0.970348 0.577064 0.972905 0.580319 0.971046 0.583885
0 0.930981 0.585766 0.927742 0.582167 0.929302 0.577128 0.932661 0.574009 0.938419 0.574369 0.941299 0.579048 0.939739 0.584566 0.9365 0.586605
0 0.870997 0.563417 0.866021 0.562393 0.861777 0.556539 0.862948 0.54849 0.867777 0.546295 0.873046 0.549368 0.877582 0.552148 0.874362 0.560929
0 0.866461 0.604829 0.860314 0.60322 0.855339 0.597659 0.857241 0.588879 0.863241 0.588147 0.868948 0.589318 0.871729 0.597513 0.870411 0.603805
0 0.914911 0.515739 0.908377 0.514034 0.904115 0.509062 0.905251 0.501107 0.911075 0.497556 0.917042 0.498834 0.921162 0.50267 0.921729 0.510198 0.917042 0.514034
0 0.899143 0.507784 0.89204 0.50892 0.886926 0.505227 0.886357 0.49784 0.889341 0.493151 0.896159 0.49301 0.901132 0.495709 0.903404 0.500112 0.901273 0.504942
0 0.894394 0.429513 0.891032 0.428129 0.88945 0.423779 0.891823 0.420913 0.895975 0.420319 0.898842 0.42546
1 0.930666 0.476469 0.922495 0.476645 0.916395 0.473784 0.908769 0.470162 0.90648 0.461392 0.909912 0.449381 0.916585 0.443089 0.92383 0.444424 0.927452 0.451097 0.931838 0.4551 0.94118 0.450524 0.94118 0.450524 0.949187 0.457007 0.944803 0.465205 0.937558 0.471306
1 1 0.508957 0.987414 0.508957 0.975125 0.49956 0.973317 0.481849 0.98127 0.465945 0.992836 0.457993 0.982716 0.441006 1 0.432331
0 0.915592 0.543893 0.90672 0.542218 0.907488 0.528199 0.918818 0.53012 0.921314 0.536073 0.920931 0.541642
0 0.929221 0.999786 0.93168 0.992529 0.937584 0.987856 0.943487 0.986872 0.948038 0.988594 0.950129 0.994129 0.952097 0.999171 0.952466 1
1 0.962101 0.999553 0.962101 0.98498 0.964613 0.971914 0.970644 0.959352 0.979939 0.950558 0.986724 0.942015 0.996021 0.936989 1 0.933974 1 0.960105 0.993005 0.972166 0.985216 0.980709 0.980944 0.991262 0.979437 1 0.963356 1
0 0.782513 0.941654 0.775771 0.938864 0.77089 0.932123 0.764846 0.922592 0.769263 0.913759 0.776469 0.913526 0.781118 0.920035 0.784605 0.927241 0.783907 0.935843
0 0.727074 0.926043 0.71983 0.925661 0.71767 0.919688 0.721609 0.914225 0.726565 0.914225 0.729234 0.916766 0.730887 0.921341 0.729234 0.923883
1 0.916108 0.770049 0.91133 0.771454 0.897838 0.773141 0.887157 0.765551 0.884627 0.752059 0.891654 0.74194 0.908801 0.734069 0.919481 0.740815 0.930444 0.749248 0.941406 0.752621 0.951807 0.751216 0.958553 0.755713 0.964455 0.764708 0.966704 0.784946 0.969796 0.798157 0.965579 0.821768 0.965018 0.833293 0.959677 0.836946 0.950963 0.833854 0.95012 0.816989 0.937752 0.784103
0 0.665981 0.993597 0.659687 0.994565 0.653715 0.990207 0.655167 0.981008 0.661785 0.979555 0.665013 0.983913 0.667434 0.989239
0 0.573617 0.814571 0.563805 0.817082 0.556274 0.816169 0.556959 0.804531 0.569967 0.801336 0.574759 0.807041
0 0.860596 0.649449 0.85481 0.647653 0.852074 0.64428 0.852165 0.638172 0.855903 0.635072 0.860644 0.634525 0.863744 0.636987 0.864655 0.64036 0.864382 0.643733
0 0.846904 0.609702 0.84483 0.609218 0.843724 0.605415 0.84566 0.603963 0.847734 0.604446 0.849395 0.605483 0.849256 0.607144
0 0.873236 0.619819 0.869644 0.620169 0.866924 0.617378 0.868439 0.613086 0.872227 0.611907 0.874835 0.614601 0.874667 0.618052
0 0.895889 0.390534 0.89156 0.391336 0.886106 0.388629 0.885516 0.38124 0.890097 0.377693 0.896304 0.377693 0.901181 0.380944 0.901476 0.386413
0 0.890836 0.406363 0.886204 0.405245 0.882986 0.40265 0.883609 0.396733 0.887346 0.394241 0.891291 0.395591 0.893367 0.397667 0.893679 0.402131
0 0.901464 0.411993 0.898143 0.411785 0.896273 0.406906 0.897 0.399951 0.903229 0.398083 0.9079 0.400366 0.909457 0.404415 0.908107 0.408256
0 0.903517 0.356826 0.898556 0.35872 0.893686 0.356669 0.892275 0.35039 0.894454 0.344622 0.898171 0.340008 0.902785 0.339239 0.905732 0.342059 0.904964 0.347954
0 0.929567 0.348395 0.926241 0.348085 0.924539 0.344449 0.925468 0.339886 0.930419 0.337951 0.934209 0.339034 0.933822 0.34414
0 0.956427 0.392171 0.949118 0.389887 0.946986 0.382273 0.951098 0.374356 0.960386 0.371311 0.966934 0.37466 0.968456 0.382122 0.962975 0.387451
0 0.924391 0.388232 0.91879 0.387044 0.920317 0.37754 0.927955 0.37686 0.932538 0.380935 0.930331 0.383989
0 0.977523 0.404128 0.970441 0.402196 0.965505 0.395114 0.970227 0.382022 0.977309 0.383739 0.985035 0.379447 0.991902 0.37773 0.991902 0.37773 0.995336 0.391895 0.989327 0.398977
0 0.680922 0.528428 0.673241 0.524039 0.664463 0.516906 0.659525 0.504837 0.67187 0.493864 0.688055 0.497704 0.693267 0.505659 0.694912 0.516906 0.689151 0.522941
0 0.730299 0.538303 0.720424 0.53748 0.711646 0.528428 0.710273 0.511969 0.719326 0.508402 0.730299 0.510323 0.744838 0.512518 0.753067 0.518553 0.747032 0.531994 0.738803 0.536108
0 0.779401 0.551471 0.771721 0.545436 0.773641 0.530073 0.783516 0.52541 0.793392 0.531994 0.796684 0.541869 0.788728 0.548728
0 0.807382 0.544612 0.802979 0.540366 0.802786 0.526694 0.811836 0.526116 0.81742 0.530738 0.814532 0.539403
0 0.805247 0.512811 0.799099 0.511188 0.796529 0.508846 0.797965 0.504539 0.802952 0.502952 0.807107 0.504539 0.807787 0.509072
0 0.633271 0.547162 0.625576 0.546437 0.622673 0.537436 0.625576 0.530322 0.631093 0.528435 0.633851 0.533661 0.634432 0.539323
0 0.643302 0.454166 0.6339 0.451887 0.625354 0.446759 0.625923 0.439637 0.63618 0.431375 0.642731 0.435078 0.649854 0.440776 0.650424 0.448753
0 0.693271 0.464096 0.68612 0.462188 0.678491 0.45313 0.684213 0.446693 0.688742 0.447408 0.69637 0.45003 0.700423 0.458136
0 0.723453 0.467378 0.71851 0.465673 0.715441 0.463286 0.720044 0.453911 0.726011 0.456639 0.727715 0.462604
1 0.722867 0.440293 0.704596 0.434088 0.685979 0.425814 0.676327 0.420298 0.670812 0.389961 0.688394 0.371345 0.697356 0.378929 0.699425 0.399269 0.71287 0.409267 0.730452 0.404785 0.743552 0.399613 0.752516 0.40513 0.762857 0.415472 0.751481 0.43202
1 0.849178 0.453298 0.84286 0.451078 0.836031 0.445614 0.831592 0.436053 0.830738 0.425979 0.832957 0.414539 0.839104 0.405319 0.852422 0.400367 0.85891 0.403782 0.858398 0.414881 0.852764 0.428711 0.854471 0.439809 0.858398 0.4492
0 0.836596 0.478823 0.834726 0.478397 0.830389 0.478058 0.826988 0.473807 0.826903 0.466155 0.832515 0.461904 0.838126 0.461904 0.842632 0.464795 0.844332 0.469896 0.843482 0.473722
0 0.778244 0.481289 0.774752 0.481553 0.772643 0.477401 0.773895 0.472985 0.776531 0.471733 0.780024 0.472458 0.782133 0.475819 0.780485 0.479708
0 0.806235 0.48017 0.8037 0.478415 0.803505 0.47367 0.806105 0.47055 0.808706 0.471395 0.81098 0.474125 0.810786 0.4777
0 0.822734 0.472863 0.81979 0.472863 0.817078 0.470074 0.816924 0.466045 0.820333 0.463101 0.824129 0.463333 0.825136 0.466742 0.824981 0.470307
0 0.821096 0.482648 0.817502 0.480308 0.818087 0.47521 0.822266 0.474541 0.824271 0.47755 0.825023 0.48081
0 0.854141 0.470042 0.850804 0.46881 0.849644 0.463731 0.851747 0.460758 0.855373 0.46054 0.85813 0.461266 0.858492 0.466271 0.856824 0.468736
0 0.790231 0.408644 0.784923 0.408537 0.779189 0.40514 0.778128 0.395479 0.785136 0.391868 0.79002 0.395159 0.792143 0.399938 0.791187 0.404396
0 0.79422 0.385327 0.785619 0.388734 0.778967 0.383542 0.778317 0.375429 0.788864 0.368938 0.796978 0.372833 0.798925 0.379647
0 0.849751 0.391602 0.844655 0.392091 0.841828 0.390415 0.840571 0.385493 0.843189 0.380257 0.849577 0.37764 0.853557 0.378582 0.853348 0.383923 0.85251 0.388426
0 0.869788 0.400782 0.865914 0.396594 0.865285 0.389996 0.86895 0.384236 0.876805 0.383398 0.881727 0.385074 0.881831 0.391462 0.879842 0.397851 0.875129 0.400678
0 0.752956 0.352962 0.747632 0.351943 0.742195 0.348432 0.741629 0.343108 0.748312 0.337105 0.754994 0.339823 0.756014 0.3456
0 0.747591 0.379353 0.742168 0.375436 0.734334 0.373326 0.732978 0.365644 0.739606 0.360672 0.746085 0.359918 0.749248 0.36489 0.751057 0.370916 0.751057 0.370916
0 0.65456 0.359784 0.649127 0.356782 0.648983 0.348918 0.653845 0.344486 0.660278 0.348633 0.661565 0.354208
0 0.40727 1 0.413739 0.98755 0.418183 0.982684 0.426646 0.981414 0.435745 0.985223 0.438284 0.996648 0.439978 1
1 0.117583 0.830051 0.106366 0.834057 0.0899404 0.826445 0.0851328 0.807616 0.0995557 0.785583 0.113176 0.78398 0.140818 0.773965 0.154439 0.781978 0.16125 0.801207 0.150032 0.820436
0 0.210097 0.81569 0.194805 0.813987 0.186853 0.809706 0.176148 0.802671 0.181348 0.789826 0.199087 0.781568 0.21499 0.78218 0.221107 0.79472 0.221413 0.810623
0 0.487816 0.647974 0.480341 0.647649 0.476604 0.643261 0.472053 0.634647 0.475628 0.625223 0.483429 0.620021 0.487979 0.623272 0.490417 0.632535 0.491229 0.642286
0 0.496755 0.612221 0.492692 0.607509 0.494805 0.600032 0.500817 0.59857 0.506506 0.601658 0.503418 0.608646
0 0.591208 0.642873 0.585513 0.640325 0.583414 0.63298 0.58851 0.627735 0.595405 0.628484 0.598402 0.631932 0.597803 0.639276
0 0.113259 1 0.102644 0.987373 0.110937 0.977421 0.123543 0.983061 0.130177 0.991021 0.12686 1
0 0.214024 0.940207 0.209554 0.937259 0.206303 0.930867 0.208881 0.923691 0.215272 0.922795 0.219421 0.927728 0.22043 0.934231 0.218748 0.939725
0 0.194063 0.936332 0.189751 0.933566 0.189972 0.927042 0.194617 0.926047 0.198045 0.92859 0.196718 0.932793
0 0.195534 0.927146 0.192032 0.92466 0.191919 0.918672 0.195534 0.915961 0.199602 0.91743 0.201296 0.919915 0.200392 0.924208 0.197906 0.926693
0 0.153402 0.89833 0.147922 0.895668 0.145573 0.89144 0.149331 0.884551 0.155751 0.884707 0.159509 0.890657 0.157473 0.894102
0 0.19169 0.887262 0.18748 0.885998 0.187375 0.879156 0.190533 0.877261 0.194533 0.878313 0.196322 0.881788 0.193901 0.88442
0 0.254307 0.924031 0.25012 0.923134 0.247828 0.919047 0.25012 0.914362 0.254107 0.91197 0.257696 0.912568 0.259391 0.915857 0.258194 0.920243
0 0.266709 0.896464 0.262802 0.894674 0.262069 0.889709 0.264756 0.885639 0.269313 0.886046 0.271348 0.888895 0.271186 0.893615 0.269721 0.89508
0 0.251234 0.860619 0.248855 0.85875 0.249025 0.854587 0.253443 0.854247 0.254633 0.857815 0.253868 0.8596
0 0.262706 0.820161 0.259771 0.819155 0.258599 0.815131 0.261532 0.8127 0.26564 0.813371 0.266981 0.816137 0.265976 0.818819
0 0.228784 0.827257 0.224307 0.827162 0.221925 0.823637 0.225068 0.817921 0.229547 0.818969 0.230595 0.82459
0 0.318097 0.815817 0.314864 0.814935 0.314811 0.811969 0.315997 0.809326 0.319502 0.808895 0.321659 0.810674 0.321659 0.813964
0 0.297775 0.799863 0.294294 0.797995 0.292596 0.793664 0.296162 0.789334 0.301597 0.788569 0.304739 0.791372 0.305078 0.795957 0.302616 0.799948
1 0.851973 0.177588 0.837752 0.185953 0.81684 0.196827 0.791745 0.192645 0.770833 0.175078 0.718134 0.177588 0.679688 0.168945 0.680664 0.141602 0.713867 0.131836 0.765625 0.126953 0.799805 0.124023 0.839844 0.12207 0.884766 0.117188 0.908854 0.0914297 0.933111 0.0939385 0.969917 0.0972852 0.999194 0.0997939 1 0.189299 0.978282 0.216902 0.96875 0.209961 0.954102 0.217773 0.915039 0.219727 0.916382 0.205192 0.903835 0.187626 0.894633 0.171732 0.877903 0.160021 0.861174 0.160021
0 0.892946 0.27799 0.880936 0.276068 0.873969 0.268622 0.878053 0.259013 0.885739 0.258052 0.894147 0.258772 0.901594 0.262616 0.899672 0.271023 0.895348 0.274627
0 0.881341 0.244277 0.872075 0.239953 0.874855 0.224819 0.885665 0.225438 0.893077 0.230996 0.88968 0.242733
0 0.849838 0.277016 0.836866 0.272692 0.834396 0.256632 0.846749 0.251072 0.860647 0.259103 0.85756 0.270839
1 0.756322 0.311965 0.741406 0.314947 0.727386 0.305998 0.717242 0.288696 0.714558 0.275271 0.722016 0.266919 0.737229 0.266919 0.748565 0.27736 0.754532 0.2881 0.766166 0.291082 0.766465 0.304208
0 0.774078 0.224511 0.770233 0.224222 0.768599 0.2198 0.771867 0.218069 0.775521 0.218935 0.776481 0.222396
0 0.85885 0.305452 0.853777 0.305315 0.848566 0.303259 0.847333 0.295718 0.851583 0.292427 0.860906 0.295854 0.863375 0.301888
0 0.604456 0.444043 0.59725 0.443858 0.594108 0.437391 0.597805 0.431478 0.605195 0.430738 0.608337 0.436836 0.608152 0.440348
0 0.590229 0.439423 0.582837 0.439608 0.578587 0.433325 0.584869 0.422607 0.590782 0.42501 0.593 0.431847
0 0.530994 0.425648 0.522228 0.422228 0.514103 0.416027 0.505764 0.406833 0.509612 0.397854 0.517096 0.396998 0.524365 0.402984 0.530566 0.408116 0.534415 0.419234
1 0.515927 0.369423 0.509322 0.378566 0.498909 0.376535 0.489511 0.364089 0.496115 0.350119 0.498909 0.33234 0.511608 0.327514 0.524309 0.325481 0.530404 0.33488 0.533198 0.34377 0.540563 0.352151 0.54793 0.358755 0.545897 0.369423 0.535992 0.371201 0.525832 0.361803
0 0.538303 0.31264 0.536508 0.311347 0.536651 0.305601 0.540314 0.30438 0.542972 0.305889 0.54333 0.309407 0.54175 0.312208
0 0.549942 0.30704 0.547396 0.305812 0.545729 0.299141 0.549152 0.29721 0.551785 0.298088 0.554155 0.302915 0.552312 0.307216
0 0.57355 0.298575 0.567912 0.29965 0.563344 0.298252 0.562504 0.292378 0.566793 0.288742 0.571642 0.288742 0.574065 0.292099 0.575185 0.295455
0 0.56123 0.335538 0.556776 0.335652 0.554865 0.336989 0.551427 0.334697 0.545695 0.328774 0.553146 0.319414 0.560788 0.321133 0.563271 0.330112
0 0.56386 0.350152 0.56035 0.35023 0.559569 0.345472 0.560193 0.341648 0.564017 0.340868 0.566825 0.342975 0.568308 0.346485 0.567995 0.349061
0 0.585 0.341402 0.577706 0.340679 0.572654 0.335469 0.57376 0.327891 0.580232 0.326943 0.585284 0.330101 0.586705 0.336731
1 0.645822 0.321497 0.654549 0.307745 0.663804 0.302457 0.667771 0.308804 0.677026 0.327314 0.684695 0.325199 0.691307 0.324935 0.680464 0.296639 0.672267 0.280508 0.667507 0.274954 0.660631 0.285532 0.64873 0.283417 0.64212 0.287384 0.637624 0.30801
1 0.635884 0.252202 0.641094 0.253547 0.646135 0.255899 0.651849 0.258757 0.657059 0.263966 0.653529 0.268504 0.647815 0.275227 0.64143 0.281612 0.637396 0.280268 0.636724 0.272033 0.633026 0.273378 0.628489 0.27136 0.63353 0.261445
0 0.601805 0.288985 0.596575 0.289123 0.591345 0.28527 0.595611 0.277562 0.601805 0.279902 0.607034 0.283618 0.605521 0.286508
1 0.407104 0.271508 0.396108 0.26507 0.38699 0.250052 0.385381 0.232888 0.396108 0.221087 0.414077 0.224306 0.423732 0.233692 0.424537 0.249784 0.422123 0.259707
0 0.526779 0.292831 0.522299 0.292486 0.520059 0.284042 0.525573 0.277148 0.532983 0.278699 0.534879 0.287488
1 0.541333 0.151261 0.536969 0.158462 0.53304 0.167191 0.536096 0.17614 0.527366 0.179413 0.520164 0.173302 0.519946 0.156498 0.531076 0.142749 0.551809 0.141003 0.558574 0.147769 0.559229 0.160645 0.553118 0.173302 0.547881 0.179413 0.542643 0.171993 0.546353 0.164573
0 0.538528 0.212881 0.534647 0.211155 0.534108 0.205227 0.537234 0.202101 0.541331 0.201346 0.544564 0.204257 0.54284 0.209539
1 0.494356 0.141438 0.484771 0.14453 0.470856 0.145148 0.460961 0.134326 0.478896 0.122267 0.499613 0.120411 0.511673 0.117319 0.536411 0.118865 0.534246 0.129379 0.528681 0.134017 0.518785 0.134635
0 0.368833 0.149878 0.355574 0.142449 0.352729 0.129516 0.356092 0.11503 0.366956 0.107012 0.37187 0.119687 0.373164 0.132879 0.373164 0.14219
0 0.328155 0.10158 0.320665 0.0989668 0.318069 0.0913545 0.322741 0.0872031 0.32897 0.0880674 0.331219 0.0965449
0 0.370551 0.0955283 0.362258 0.0945811 0.361073 0.0815498 0.361073 0.0682813 0.369604 0.0692285 0.373395 0.0784697 0.374104 0.0900791
0 0.3927 0.0371504 0.387309 0.031875 0.387635 0.0241563 0.392418 0.0230693 0.39731 0.0253525 0.399918 0.0303525 0.396657 0.0354619
0 0.364372 0.0410547 0.358644 0.0405771 0.358007 0.031666 0.365327 0.023709 0.370261 0.0260967 0.372329 0.0324619 0.371056 0.0377129
0 0.356894 0.029916 0.350369 0.0262559 0.347027 0.0160713 0.3483 0.00588672 0.355461 0.0044541 0.360553 0.00715918 0.365486 0.0130479 0.365486 0.0225957 0.364213 0.026415
0 0.446887 0.0268896 0.442575 0.0285713 0.440351 0.023875 0.440969 0.0178184 0.4448 0.0178184 0.449003 0.0212793 0.448138 0.0256055
0 0.458767 0.0479766 0.452958 0.0462461 0.449868 0.0373467 0.449126 0.0269648 0.453576 0.0228857 0.45988 0.023751 0.463217 0.0294365 0.465565 0.0370996 0.46297 0.0456279
0 0.44109 0.0697949 0.437269 0.0662471 0.438497 0.0547842 0.445047 0.0539658 0.448868 0.057377 0.448322 0.0642002
0 0.428448 0.123906 0.423977 0.122912 0.420332 0.117777 0.419835 0.112312 0.423645 0.111152 0.427786 0.110406 0.430768 0.115376 0.43143 0.12018
0 0.472734 0.0705566 0.468196 0.0702949 0.467672 0.0658438 0.470727 0.0616543 0.474044 0.0626143 0.476226 0.0660176 0.474916 0.0701201
0 0.483068 0.0706465 0.480705 0.0695869 0.478423 0.0666533 0.479401 0.0619268 0.482253 0.0599717 0.48535 0.0611934 0.486816 0.0636387 0.486735 0.0675498
0 0.491467 0.0695459 0.489051 0.0690234 0.487744 0.0655625 0.489246 0.0611221 0.491729 0.0622314 0.494667 0.064583 0.49336 0.0685664
0 0.505336 0.067627 0.50279 0.0658848 0.50212 0.0614629 0.504465 0.0597207 0.507011 0.0599893 0.508753 0.0607256 0.50949 0.0641426 0.508418 0.0666885
0 0.527901 0.0661426 0.525453 0.0640654 0.523895 0.0590928 0.527159 0.0558281 0.531167 0.0559766 0.533913 0.0584248 0.534729 0.06221 0.531909 0.065623
0 0.543973 0.0639014 0.540824 0.0622305 0.539232 0.0602275 0.540413 0.0564258 0.542571 0.0545771 0.546013 0.0551934 0.547861 0.0562715 0.548324 0.0598672 0.547143 0.0626924
0 0.516299 0.0663105 0.514334 0.0643906 0.513753 0.0616211 0.514869 0.0574238 0.518576 0.0566191 0.52081 0.0584502 0.522104 0.0611748 0.522507 0.0636309 0.52072 0.0658193
0 0.30199 0.19827 0.297275 0.197665 0.296207 0.193638 0.298509 0.190186 0.301057 0.191337 0.302864 0.19372 0.302125 0.197008
0 0.318471 0.199512 0.314772 0.199227 0.313119 0.196069 0.315374 0.19156 0.317704 0.19186 0.319884 0.193288 0.320185 0.197197
0 0.317457 0.211592 0.315479 0.211159 0.314056 0.206274 0.315787 0.203925 0.318508 0.20343 0.320734 0.205656 0.321105 0.209552
0 0.3135 0.225999 0.31047 0.224763 0.308615 0.220558 0.310717 0.217651 0.313376 0.217095 0.315664 0.21827 0.316468 0.221979 0.31554 0.224763
0 0.323708 0.224127 0.321277 0.22368 0.320894 0.219714 0.322749 0.218051 0.325179 0.217539 0.327737 0.21901 0.326842 0.2224
0 0.350501 0.222451 0.348627 0.221701 0.348064 0.218702 0.349814 0.216578 0.352438 0.217391 0.352938 0.219952
0 0.379455 0.200159 0.376944 0.200159 0.375004 0.197077 0.376146 0.193141 0.380368 0.191771 0.382993 0.193482 0.383221 0.197934
0 0.094666 0.177976 0.0889414 0.175373 0.0882471 0.167219 0.0929316 0.163575 0.0972686 0.165831 0.100565 0.169475 0.0986563 0.174679
0 0.133012 0.145027 0.129813 0.145579 0.127985 0.143366 0.130201 0.139727 0.133524 0.140676 0.133683 0.144078
0 0.068875 0.222634 0.0639248 0.220983 0.0617246 0.216473 0.0643652 0.211853 0.0682158 0.208992 0.0723955 0.209212 0.0751465 0.211082 0.0777871 0.215373 0.0777871 0.215373 0.074376 0.221424
0 0.134442 0.226625 0.129333 0.229566 0.126236 0.225387 0.128404 0.216717 0.13599 0.214085 0.138313 0.219968
0 0.147648 0.259297 0.145061 0.257817 0.145309 0.254257 0.147146 0.252715 0.148866 0.252893 0.150587 0.25402 0.150705 0.256629 0.149993 0.258764
0 0.12688 0.266759 0.12445 0.265357 0.124357 0.260125 0.127721 0.25891 0.130149 0.260872 0.13043 0.265357 0.128001 0.266291
0 0.157644 0.123777 0.154295 0.117032 0.159086 0.109854 0.167085 0.10696 0.169808 0.114959 0.167085 0.122617
0 0.145007 0.100407 0.13803 0.0997461 0.135168 0.0944238 0.137562 0.0855166 0.144076 0.0844521 0.149262 0.0893721 0.148464 0.0954873
0 0.633922 0.409761 0.624946 0.410159 0.622353 0.398191 0.632526 0.393803 0.63472 0.401383
0 0.645292 0.420332 0.63851 0.420531 0.635917 0.409761 0.645891 0.405571 0.648483 0.412154
1 0.137695 0.104492 0.140625 0.113281 0.135742 0.116211 0.128906 0.113281 0.128906 0.106445
0 0.131836 0.00585938 0.130859 0.0175781 0.130859 0.0175781 0.125 0.015625 0.123047 0.00683594 0.123047 0.00683594
0 0.111328 0.0175781 0.12207 0.0205078 0.121094 0.0283203 0.121094 0.0283203 0.111328 0.0283203
0 0.0351562 0.100586 0.0332031 0.109375 0.0253906 0.110352 0.0244141 0.100586
0 0.0126953 0.173828 0.0126953 0.181641 0.0078125 0.181641 0.00585938 0.173828
0 0.00683594 0.181641 0.0136719 0.18457 0.0126953 0.194336 0.00683594 0.193359
0 0.00195312 0.196289 0.0107422 0.196289 0.0107422 0.208008 0.00195312 0.206055
0 0.0332031 0.208008 0.0419922 0.211914 0.0419922 0.222656 0.0322266 0.22168
1 0.115234 0.196289 0.124023 0.198242 0.131836 0.195312 0.143555 0.194336 0.147461 0.200195 0.135742 0.205078 0.129883 0.207031 0.129883 0.210938 0.143555 0.208008 0.151367 0.22168 0.152344 0.235352 0.144531 0.234375 0.139648 0.228516 0.133789 0.225586 0.139648 0.21875 0.134766 0.214844 0.12793 0.216797 0.126953 0.222656 0.12207 0.222656 0.111328 0.222656 0.103516 0.216797 0.101562 0.204102
1 0.179688 0.318359 0.191406 0.3125 0.199219 0.300781 0.203125 0.288086 0.216797 0.275391 0.217773 0.264648 0.243164 0.255859 0.254883 0.248047 0.267578 0.250977 0.280273 0.256836 0.283203 0.269531 0.268555 0.271484 0.25293 0.266602 0.230469 0.275391 0.217773 0.292969 0.207031 0.31543 0.191406 0.329102 0.191406 0.329102 0.182617 0.339844 0.172852 0.331055
0 0.338867 0.248047 0.344727 0.250977 0.34668 0.257812 0.334961 0.270508 0.328125 0.271484 0.326172 0.261719
0 0.324219 0.303711 0.323242 0.316406 0.311523 0.318359 0.311523 0.318359 0.308594 0.308594 0.314453 0.301758
0 0.0458984 0.353516 0.0556641 0.351562 0.0654297 0.361328 0.0625 0.371094 0.0488281 0.370117 0.0341797 0.366211 0.0292969 0.357422
0 0.291992 0.376953 0.294922 0.388672 0.289062 0.393555 0.280273 0.390625 0.280273 0.379883 0.280273 0.379883 0.283203 0.37207
1 0.317383 0.402344 0.327148 0.40625 0.326172 0.414062 0.318359 0.417969 0.320312 0.425781 0.329102 0.421875 0.334961 0.423828 0.334961 0.423828 0.333984 0.433594 0.321289 0.441406 0.311523 0.439453 0.302734 0.431641 0.302734 0.415039 0.311523 0.405273
0 0.0683594 0.443359 0.0742188 0.449219 0.0732422 0.460938 0.0654297 0.469727 0.0595703 0.46582 0.0595703 0.452148
0 0.0625 0.473633 0.0625 0.482422 0.0537109 0.484375 0.0507812 0.475586 0.0556641 0.472656
0 0.0361328 0.509766 0.0341797 0.517578 0.0263672 0.514648 0.0253906 0.505859 0.0332031 0.503906
0 0.0332031 0.513672 0.0371094 0.522461 0.03125 0.530273 0.0195312 0.530273 0.0185547 0.517578 0.0253906 0.515625
0 0 0.525391 0.00683594 0.529297 0.0107422 0.540039 0.00488281 0.546875 0.00488281 0.546875 0 0.548828
0 0.0488281 0.536133 0.0546875 0.543945 0.0517578 0.556641 0.0390625 0.553711 0.0371094 0.540039 0.0371094 0.540039 0.0429688 0.53418 0.0429688 0.53418
0 0.0292969 0.532227 0.0283203 0.541992 0.0185547 0.546875 0.0107422 0.538086 0.0166016 0.529297
0 0.0175781 0.563477 0.0224609 0.564453 0.0234375 0.571289 0.0234375 0.571289 0.0175781 0.574219 0.0126953 0.568359
0 0.0117188 0.574219 0.0166016 0.576172 0.0185547 0.583008 0.0136719 0.586914 0.00585938 0.581055 0.00585938 0.581055 0.0078125 0.578125
1 0.25293 0.480469 0.263672 0.488281 0.271484 0.493164 0.275391 0.501953 0.271484 0.509766 0.256836 0.504883 0.249023 0.510742 0.24707 0.516602 0.236328 0.509766 0.236328 0.490234
0 0.235352 0.518555 0.246094 0.527344 0.240234 0.537109 0.232422 0.532227
0 0.24707 0.530273 0.251953 0.532227 0.255859 0.539062 0.25293 0.546875 0.242188 0.544922 0.241211 0.53418
0 0.232422 0.572266 0.236328 0.581055 0.227539 0.586914 0.220703 0.579102
0 0.240234 0.580078 0.248047 0.586914 0.24707 0.597656 0.234375 0.595703 0.230469 0.588867
0 0.306641 0.507812 0.320312 0.509766 0.322266 0.523438 0.310547 0.52832 0.300781 0.522461 0.300781 0.511719
0 0.282227 0.507812 0.282227 0.519531 0.276367 0.527344 0.268555 0.522461 0.268555 0.522461 0.273438 0.508789
1 0.1875 0.712891 0.19043 0.719727 0.189453 0.727539 0.195312 0.731445 0.208008 0.736328 0.208984 0.749023 0.201172 0.750977 0.198242 0.742188 0.185547 0.741211 0.181641 0.731445 0.181641 0.714844
0 0.246094 0.734375 0.249023 0.745117 0.237305 0.75293 0.227539 0.746094 0.233398 0.734375
0 0.0449219 0.743164 0.0449219 0.754883 0.0341797 0.754883 0.0341797 0.754883 0.0322266 0.745117 0.0380859 0.741211
0 0.176758 0.658203 0.163086 0.657227 0.15918 0.666016 0.165039 0.674805 0.165039 0.674805 0.175781 0.674805 0.178711 0.666992
0 0.236328 0.691406 0.241211 0.699219 0.238281 0.707031 0.225586 0.706055 0.220703 0.698242 0.227539 0.695312
0 0.147461 0.831055 0.169922 0.831055 0.175781 0.839844 0.167969 0.851562 0.149414 0.853516 0.142578 0.844727
0 0.137695 0.845703 0.139648 0.855469 0.132812 0.862305 0.125 0.854492 0.128906 0.84668
0 0.172852 0.868164 0.166992 0.876953 0.161133 0.87207 0.161133 0.87207 0.163086 0.865234
0 0.180664 0.854492 0.197266 0.853516 0.203125 0.865234 0.203125 0.873047 0.189453 0.878906 0.177734 0.871094 0.179688 0.862305
0 0.240234 0.782227 0.245117 0.789062 0.25293 0.795898 0.25293 0.795898 0.248047 0.802734 0.229492 0.797852 0.225586 0.787109 0.225586 0.776367
0 0.155273 0.767578 0.164062 0.773438 0.177734 0.775391 0.180664 0.789062 0.166016 0.792969 0.154297 0.77832
0 0.104492 0.886719 0.110352 0.894531 0.104492 0.90332 0.0957031 0.896484
0 0.12207 0.900391 0.130859 0.907227 0.126953 0.916992 0.119141 0.910156 0.119141 0.910156
0 0.137695 0.911133 0.141602 0.916016 0.141602 0.916016 0.138672 0.923828 0.133789 0.919922
0 0.15918 0.913086 0.174805 0.915039 0.171875 0.926758 0.15918 0.924805
0 0.177734 0.898438 0.185547 0.900391 0.185547 0.900391 0.183594 0.910156 0.173828 0.907227
0 0.211914 0.893555 0.198242 0.894531 0.194336 0.90625 0.201172 0.912109 0.210938 0.90625
0 0.228516 0.912109 0.237305 0.915039 0.240234 0.922852 0.228516 0.925781 0.22168 0.917969
1 0.28418 0.914062 0.291992 0.917969 0.298828 0.921875 0.291016 0.936523 0.277344 0.952148 0.263672 0.953125 0.262695 0.935547 0.273438 0.929688 0.271484 0.919922
0 0.238281 0.939453 0.25293 0.939453 0.256836 0.951172 0.24707 0.960938 0.24707 0.960938 0.235352 0.951172
0 0.228516 0.932617 0.231445 0.946289 0.225586 0.951172 0.214844 0.950195 0.211914 0.94043 0.211914 0.94043 0.220703 0.936523
1 0.0976562 0.946289 0.108398 0.952148 0.113281 0.942383 0.12793 0.939453 0.135742 0.943359 0.135742 0.943359 0.133789 0.953125 0.141602 0.958008 0.147461 0.964844 0.135742 0.969727 0.121094 0.966797 0.114258 0.960938 0.101562 0.969727 0.0869141 0.967773 0.0869141 0.967773 0.0849609 0.955078
1 0.379883 0.863281 0.394531 0.857422 0.405273 0.855469 0.404297 0.865234 0.395508 0.87207 0.395508 0.87207 0.383789 0.882812 0.373047 0.881836 0.37207 0.871094 0.37207 0.871094
0 0.293945 0.890625 0.291992 0.898438 0.285156 0.896484 0.288086 0.890625
0 0.297852 0.887695 0.302734 0.889648 0.303711 0.897461 0.296875 0.897461
0 0.351562 0.808594 0.364258 0.811523 0.362305 0.817383 0.356445 0.822266 0.350586 0.817383
0 0.286133 0.808594 0.294922 0.80957 0.294922 0.80957 0.292969 0.818359 0.289062 0.817383
0 0.407227 0.80957 0.412109 0.813477 0.40918 0.821289 0.400391 0.816406
0 0.426758 0.817383 0.430664 0.825195 0.426758 0.830078 0.421875 0.825195
0 0.421875 0.793945 0.422852 0.802734 0.417969 0.806641 0.413086 0.800781 0.414062 0.794922 0.414062 0.794922
0 0.452148 0.759766 0.458984 0.765625 0.460938 0.773438 0.451172 0.779297 0.443359 0.770508 0.448242 0.764648
0 0.4375 0.758789 0.444336 0.763672 0.443359 0.770508 0.435547 0.770508 0.435547 0.770508 0.432617 0.767578
0 0.404297 0.753906 0.402344 0.763672 0.391602 0.765625 0.385742 0.757812 0.390625 0.75
0 0.401367 0.763672 0.40625 0.766602 0.40625 0.772461 0.399414 0.773438 0.399414 0.773438 0.394531 0.768555
1 0.43457 0.685547 0.4375 0.708984 0.43457 0.71875 0.4375 0.724609 0.44043 0.737305 0.449219 0.740234 0.457031 0.736328 0.470703 0.736328 0.470703 0.736328 0.466797 0.748047 0.476562 0.748047 0.486328 0.731445 0.486328 0.731445 0.479492 0.719727 0.479492 0.719727 0.47168 0.713867 0.47168 0.702148 0.47168 0.702148 0.457031 0.697266 0.449219 0.689453
1 0.511719 0.74707 0.507812 0.763672 0.49707 0.761719 0.487305 0.767578 0.481445 0.762695 0.481445 0.762695 0.491211 0.751953 0.49707 0.741211
0 0.43457 0.65918 0.450195 0.664062 0.452148 0.676758 0.441406 0.680664 0.429688 0.675781 0.429688 0.675781 0.429688 0.665039
0 0.383789 0.682617 0.394531 0.678711 0.397461 0.6875 0.388672 0.692383 0.378906 0.688477
0 0.268555 0.695312 0.274414 0.696289 0.274414 0.701172 0.269531 0.704102
0 0.280273 0.699219 0.282227 0.708008 0.28125 0.71582 0.275391 0.712891 0.275391 0.702148
0 0.242188 0.606445 0.240234 0.619141 0.228516 0.620117 0.226562 0.607422 0.234375 0.602539
0 0.249023 0.604492 0.266602 0.603516 0.269531 0.613281 0.262695 0.623047 0.246094 0.618164 0.246094 0.608398
1 0.241211 0.617188 0.246094 0.624023 0.246094 0.624023 0.243164 0.630859 0.256836 0.634766 0.263672 0.62793 0.27832 0.62793 0.292969 0.629883 0.301758 0.630859 0.30957 0.640625 0.314453 0.649414 0.311523 0.65625 0.295898 0.65625 0.285156 0.663086 0.264648 0.658203 0.259766 0.649414 0.259766 0.65625 0.244141 0.65625 0.236328 0.642578 0.226562 0.638672 0.231445 0.62207
0 0.394531 0.606445 0.394531 0.615234 0.394531 0.615234 0.382812 0.616211 0.381836 0.608398
1 0.370117 0.625 0.37207 0.632812 0.368164 0.639648 0.368164 0.639648 0.37207 0.648438 0.376953 0.655273 0.375977 0.666016 0.37207 0.670898 0.37207 0.670898 0.364258 0.664062 0.370117 0.661133 0.365234 0.65332 0.359375 0.640625 0.363281 0.626953
0 0.245117 0.674805 0.245117 0.680664 0.235352 0.681641 0.237305 0.672852
0 0.269531 0.664062 0.270508 0.677734 0.268555 0.68457 0.261719 0.68457 0.262695 0.665039
0 0.305664 0.669922 0.3125 0.671875 0.311523 0.681641 0.300781 0.681641 0.298828 0.675781 0.298828 0.675781
0 0.347656 0.668945 0.349609 0.676758 0.345703 0.6875 0.333984 0.68457 0.333984 0.68457 0.331055 0.672852 0.338867 0.666992
0 0.329102 0.582031 0.335938 0.586914 0.333008 0.59668 0.317383 0.597656 0.317383 0.582031
0 0.354492 0.578125 0.353516 0.587891 0.344727 0.586914
0 0.357422 0.571289 0.367188 0.571289 0.367188 0.579102 0.357422 0.579102
0 0.375977 0.555664 0.386719 0.561523 0.387695 0.572266 0.378906 0.576172 0.371094 0.567383
0 0.400391 0.553711 0.407227 0.55957 0.404297 0.566406 0.404297 0.566406 0.393555 0.568359 0.393555 0.568359 0.389648 0.558594
0 0.417969 0.542969 0.419922 0.551758 0.414062 0.561523 0.408203 0.556641 0.408203 0.544922
1 0.442383 0.500977 0.452148 0.494141 0.463867 0.495117 0.472656 0.516602 0.476562 0.52832 0.483398 0.539062 0.489258 0.555664 0.489258 0.555664 0.484375 0.567383 0.47168 0.566406 0.458984 0.560547 0.454102 0.542969 0.455078 0.526367 0.44043 0.511719
1 0.400391 0.387695 0.416992 0.399414 0.416992 0.399414 0.422852 0.40918 0.425781 0.419922 0.416992 0.427734 0.40625 0.431641 0.394531 0.428711 0.394531 0.428711 0.389648 0.408203 0.396484 0.395508
1 0.415039 0.430664 0.432617 0.430664 0.441406 0.448242 0.448242 0.458008 0.436523 0.466797 0.417969 0.459961 0.40918 0.451172 0.407227 0.44043
0 0.474609 0.363281 0.474609 0.37207 0.466797 0.375 0.463867 0.365234
0 0.479492 0.373047 0.488281 0.391602 0.481445 0.396484 0.47168 0.391602 0.466797 0.37793
0 0.507812 0.382812 0.513672 0.389648 0.505859 0.396484 0.496094 0.396484 0.496094 0.387695
0 0.493164 0.404297 0.49707 0.416992 0.487305 0.418945 0.487305 0.418945 0.482422 0.410156 0.488281 0.40332
0 0.484375 0.427734 0.482422 0.439453 0.477539 0.44043 0.472656 0.430664 0.474609 0.425781
0 0.479492 0.230469 0.482422 0.236328 0.480469 0.243164 0.472656 0.244141 0.46875 0.235352
0 0.480469 0.242188 0.486328 0.249023 0.482422 0.253906 0.475586 0.250977
1 0.458984 0.0927734 0.46582 0.0996094 0.463867 0.115234 0.46582 0.129883 0.46582 0.129883 0.456055 0.131836 0.447266 0.125 0.44043 0.121094 0.435547 0.114258 0.442383 0.108398
0 0.398438 0.0449219 0.398438 0.0595703 0.389648 0.0576172 0.390625 0.0449219
0 0.368164 0 0.373047 0.0146484 0.385742 0.0166016 0.399414 0.00976562 0.395508 0
0 0.444336 0 0.445312 0.0126953 0.454102 0.0166016 0.460938 0.0107422 0.460938 0.0107422 0.466797 0.00585938 0.458008 0.00390625 0.458984 0
0 0.462891 0.00878906 0.467773 0.0107422 0.467773 0.0185547 0.459961 0.0166016
0 0.480469 0.0361328 0.491211 0.0351562 0.492188 0.0429688 0.492188 0.0429688 0.483398 0.0449219 0.479492 0.0400391
0 0.582031 0.0224609 0.582031 0.0283203 0.582031 0.0283203 0.574219 0.0273438 0.574219 0.0214844
0 0.576172 0.0322266 0.583984 0.0351562 0.583984 0.0517578 0.582031 0.0585938 0.572266 0.0556641 0.572266 0.0400391
0 0.476562 0.0136719 0.488281 0.0126953 0.488281 0.0214844 0.478516 0.0205078
0 0.49707 0.00976562 0.504883 0.0117188 0.505859 0.0175781 0.495117 0.0175781
0 0.514648 0.00878906 0.525391 0.00878906 0.525391 0.0146484 0.513672 0.015625
0 0.538086 0.00683594 0.545898 0.0078125 0.545898 0.0126953 0.536133 0.0146484 0.536133 0.0146484 0.533203 0.00878906
0 0.5 0.0351562 0.507812 0.0371094 0.507812 0.0371094 0.507812 0.0419922 0.499023 0.0419922 0.499023 0.0419922
0 0.512695 0.0351562 0.518555 0.0341797 0.519531 0.0410156 0.519531 0.0410156 0.512695 0.0410156
0 0.526367 0.0341797 0.532227 0.0341797 0.532227 0.0390625 0.524414 0.0380859
0 0.539062 0.0322266 0.548828 0.03125 0.548828 0.0351562 0.539062 0.0371094
0 0.560547 0.0283203 0.5625 0.0361328 0.556641 0.0371094 0.554688 0.03125
0 0.456055 0.0722656 0.461914 0.0761719 0.459961 0.0820312 0.455078 0.0800781
0 0.387695 0.0908203 0.386719 0.0996094 0.376953 0.0986328 0.37793 0.0917969
0 0.452148 0.151367 0.451172 0.163086 0.442383 0.165039 0.4375 0.155273 0.444336 0.150391
0 0.59082 0.0800781 0.591797 0.0859375 0.585938 0.0869141 0.582031 0.0791016
0 0.606445 0.0898438 0.614258 0.0947266 0.612305 0.107422 0.603516 0.110352 0.59668 0.102539 0.59668 0.102539 0.59668 0.0927734
0 0.594727 0.105469 0.59668 0.110352 0.59375 0.118164 0.586914 0.118164 0.586914 0.118164 0.584961 0.108398
0 0.617188 0.108398 0.620117 0.113281 0.618164 0.120117 0.610352 0.116211 0.610352 0.116211 0.609375 0.110352
0 0.637695 0.0927734 0.640625 0.101562 0.633789 0.107422 0.625977 0.103516 0.628906 0.09375
0 0.643555 0.0917969 0.648438 0.0947266 0.650391 0.101562 0.644531 0.105469 0.638672 0.0966797 0.638672 0.0966797
1 0.648438 0.106445 0.65332 0.107422 0.65332 0.107422 0.664062 0.106445 0.669922 0.108398 0.682617 0.106445 0.693359 0.107422 0.706055 0.106445 0.716797 0.107422 0.717773 0.114258 0.717773 0.114258 0.709961 0.116211 0.674805 0.115234 0.665039 0.116211 0.665039 0.116211 0.65625 0.118164 0.643555 0.119141 0.641602 0.111328
0 0.594727 0.175781 0.599609 0.176758 0.599609 0.186523 0.594727 0.182617
0 0.650391 0.204102 0.650391 0.209961 0.642578 0.209961 0.642578 0.209961 0.642578 0.203125
0 0.691406 0.229492 0.694336 0.236328 0.693359 0.239258 0.6875 0.239258 0.68457 0.233398
0 0.708984 0.210938 0.720703 0.212891 0.720703 0.212891 0.720703 0.22168 0.708984 0.22168
1 0.742188 0.106445 0.754883 0.102539 0.770508 0.0996094 0.785156 0.0976562 0.796875 0.101562 0.807617 0.0996094 0.825195 0.0947266 0.842773 0.0947266 0.863281 0.09375 0.878906 0.0908203 0.892578 0.09375 0.891602 0.104492 0.870117 0.104492 0.837891 0.104492 0.81543 0.107422 0.791992 0.107422 0.764648 0.110352 0.75 0.114258
0 0.962891 0.0800781 0.969727 0.0839844 0.966797 0.0908203 0.958984 0.0898438
0 0.661133 0.150391 0.666992 0.155273 0.665039 0.163086 0.654297 0.161133 0.65332 0.151367 0.65332 0.151367
0 0.663086 0.172852 0.668945 0.176758 0.666992 0.18457 0.657227 0.178711 0.657227 0.178711
0 0.6875 0.251953 0.689453 0.258789 0.681641 0.268555 0.677734 0.260742
0 0.6875 0.264648 0.689453 0.272461 0.682617 0.274414 0.682617 0.268555
0 0.688477 0.273438 0.692383 0.279297 0.6875 0.28418 0.683594 0.279297
0 0.691406 0.285156 0.695312 0.292969 0.695312 0.292969 0.692383 0.297852 0.685547 0.292969
0 0.723633 0.385742 0.722656 0.396484 0.711914 0.398438 0.708984 0.385742
0 0.75293 0.458008 0.744141 0.460938 0.741211 0.470703 0.748047 0.473633 0.754883 0.466797
0 0.797852 0.46875 0.801758 0.469727 0.800781 0.477539 0.800781 0.477539 0.793945 0.475586
0 0.601562 0.455078 0.609375 0.458008 0.607422 0.463867 0.599609 0.461914
0 0.577148 0.420898 0.577148 0.430664 0.568359 0.431641 0.567383 0.420898 0.567383 0.420898
0 0.626953 0.417969 0.631836 0.426758 0.630859 0.438477 0.623047 0.44043 0.623047 0.44043 0.618164 0.428711 0.619141 0.417969
1 0.643555 0.584961 0.65332 0.592773 0.660156 0.598633 0.662109 0.606445 0.652344 0.614258 0.642578 0.614258 0.636719 0.605469 0.636719 0.605469 0.635742 0.589844 0.635742 0.589844
0 0.655273 0.651367 0.662109 0.654297 0.662109 0.654297 0.664062 0.666016 0.654297 0.671875 0.645508 0.663086
0 0.739258 0.670898 0.737305 0.678711 0.728516 0.679688 0.723633 0.670898 0.723633 0.670898 0.733398 0.666992
0 0.748047 0.65332 0.746094 0.664062 0.734375 0.665039 0.730469 0.655273 0.736328 0.649414 0.736328 0.649414
0 0.762695 0.65625 0.770508 0.665039 0.763672 0.671875 0.763672 0.671875 0.751953 0.667969 0.75 0.65625
0 0.641602 0.742188 0.647461 0.749023 0.645508 0.753906 0.633789 0.75293 0.632812 0.746094
0 0.678711 0.726562 0.673828 0.736328 0.666992 0.734375 0.666992 0.724609
0 0.77832 0.772461 0.786133 0.774414 0.786133 0.78418 0.786133 0.78418 0.777344 0.780273
1 0.777344 0.78418 0.78418 0.786133 0.78418 0.786133 0.78125 0.804688 0.77832 0.817383 0.770508 0.817383 0.771484 0.794922
0 0.683594 0.750977 0.689453 0.753906 0.689453 0.761719 0.682617 0.758789
0 0.635742 0.87793 0.633789 0.884766 0.625977 0.886719 0.625 0.875977
0 0.536133 0.930664 0.547852 0.931641 0.548828 0.94043 0.548828 0.94043 0.541016 0.945312 0.53125 0.9375 0.532227 0.933594
0 0.603516 0.908203 0.608398 0.913086 0.608398 0.919922 0.601562 0.916992
0 0.932617 0.363281 0.9375 0.369141 0.93457 0.374023 0.927734 0.368164
0 0.944336 0.370117 0.948242 0.375977 0.943359 0.380859 0.9375 0.375 0.9375 0.375
0 0.935547 0.386719 0.933594 0.395508 0.925781 0.397461 0.923828 0.387695
0 0.925781 0.399414 0.924805 0.405273 0.918945 0.40918 0.913086 0.404297 0.919922 0.397461
1 0.838867 0.227539 0.851562 0.226562 0.857422 0.22168 0.868164 0.219727 0.870117 0.229492 0.857422 0.236328 0.844727 0.237305 0.844727 0.237305 0.853516 0.243164 0.853516 0.243164 0.861328 0.25 0.862305 0.261719 0.859375 0.264648 0.850586 0.254883 0.837891 0.254883 0.836914 0.267578 0.823242 0.265625 0.818359 0.256836 0.823242 0.25 0.833008 0.24707 0.832031 0.233398
0 0.797852 0.209961 0.806641 0.207031 0.808594 0.21582 0.798828 0.224609 0.792969 0.21875
0 0.897461 0.0253906 0.902344 0.0371094 0.897461 0.0439453 0.887695 0.0400391 0.888672 0.0302734
1 0.90918 0 0.913086 0.03125 0.913086 0.0498047 0.914062 0.0585938 0.921875 0.0644531 0.929688 0.0673828 0.933594 0.0634766 0.926758 0.0576172 0.928711 0.0498047 0.923828 0.0458984 0.920898 0.0400391 0.917969 0.03125 0.921875 0.0244141 0.918945 0.0175781 0.915039 0.00683594 0.915039 0 0.915039 0
0 0.897461 0.0605469 0.904297 0.0605469 0.904297 0.0693359 0.897461 0.0673828
0 0.938477 0.0654297 0.94043 0.0664062 0.943359 0.0722656 0.94043 0.0751953 0.932617 0.0722656 0.933594 0.0664062
0 0.638672 0.00292969 0.638672 0.00878906 0.630859 0.0078125 0.630859 0.00292969
0 0.652344 0.0117188 0.65625 0.0117188 0.65625 0.0175781 0.651367 0.0175781
0 0.664062 0.0136719 0.666992 0.0136719 0.666992 0.0195312 0.662109 0.0195312
0 0.678711 0.0126953 0.685547 0.0146484 0.685547 0.0205078 0.681641 0.0205078
0 0.700195 0.0107422 0.705078 0.0117188 0.707031 0.0195312 0.699219 0.0166016
0 0.714844 0.0107422 0.723633 0.0107422 0.723633 0.0166016 0.71582 0.0175781 0.71582 0.0175781
0 0.725586 0 0.729492 0.00585938 0.734375 0.00878906 0.741211 0
0 0.853516 0.189453 0.861328 0.191406 0.863281 0.200195 0.854492 0.201172
0 0.963867 0.217773 0.967773 0.22168 0.961914 0.227539 0.958008 0.22168 0.958008 0.22168
0 0.969727 0.220703 0.973633 0.228516 0.970703 0.234375 0.963867 0.228516
0 0.786133 0.276367 0.791992 0.280273 0.791992 0.280273 0.791992 0.287109 0.786133 0.285156
0 0.78418 0.248047 0.791016 0.249023 0.791016 0.249023 0.791016 0.255859 0.785156 0.25293 0.785156 0.25293
0 0.919922 0.27832 0.925781 0.280273 0.924805 0.286133 0.917969 0.28418
1 0.956055 0.271484 0.96875 0.275391 0.984375 0.280273 0.99707 0.277344 1 0.285156 1 0.303711 0.982422 0.301758 0.970703 0.292969 0.966797 0.283203 0.966797 0.283203 0.957031 0.280273 0.947266 0.277344 0.947266 0.277344
0 0.90625 0.481445 0.90625 0.489258 0.899414 0.495117 0.894531 0.488281 0.894531 0.488281 0.898438 0.479492
0 0.974609 0.511719 0.980469 0.517578 0.980469 0.524414 0.96875 0.524414 0.966797 0.515625
0 0.980469 0.515625 0.989258 0.516602 0.993164 0.521484 0.990234 0.526367 0.980469 0.525391
0 0.762695 0.522461 0.767578 0.525391 0.770508 0.536133 0.762695 0.540039 0.756836 0.529297
0 0.735352 0.560547 0.733398 0.56543 0.725586 0.563477 0.725586 0.557617
0 0.989258 0.634766 1 0.636719 1 0.65332 0.995117 0.662109 0.982422 0.663086 0.982422 0.663086 0.980469 0.643555
0 0.863281 0.679688 0.871094 0.682617 0.87207 0.691406 0.864258 0.693359 0.860352 0.6875
0 0.765625 0.823242 0.773438 0.825195 0.774414 0.837891 0.768555 0.84668 0.761719 0.842773
0 0.751953 0.862305 0.757812 0.859375 0.764648 0.861328 0.761719 0.870117 0.753906 0.868164
0 0.749023 0.866211 0.761719 0.87207 0.760742 0.881836 0.753906 0.887695 0.745117 0.883789 0.741211 0.874023
