0 0 0.109712 0.00625977 0.108074 0.0132559 0.109712 0.0144463 0.114177 0.0131064 0.119833 0.00879004 0.124001 0.0032832 0.12668 0 0.127275
0 0.000865234 0.126468 0.00471875 0.126397 0.00745215 0.127589 0.0087832 0.129341 0.00948437 0.133405 0.00850293 0.136979 0.00577051 0.139782 0.0041582 0.140974 0.00198633 0.141814 0 0.143637 0 0.126818
0 0.015373 0.0719629 0.0119307 0.070876 0.010752 0.0652588 0.0122021 0.0621777 0.0152822 0.0608193 0.0176377 0.0618154 0.0184531 0.0650771 0.0182725 0.0677949 0.0186348 0.0697881
0 0.00505859 0.0370498 0.00235937 0.0339014 0.00112207 0.0322139 0.00280957 0.0274912 0.0058457 0.0251299 0.00966895 0.0255791 0.0116934 0.0274912 0.0114687 0.0317646 0.0101191 0.0343506
0 0.079293 0.12213 0.0727402 0.120164 0.0744873 0.110116 0.0797295 0.104656 0.0880303 0.104001 0.0897773 0.108806 0.0897773 0.116014 0.0827881 0.119072
0 0.124003 0.122528 0.121443 0.121012 0.119832 0.115988 0.124003 0.112766 0.127226 0.113334 0.129311 0.115894 0.128458 0.119021 0.126372 0.120728
0 0.128201 0.105673 0.125489 0.104266 0.125389 0.0994434 0.128905 0.0976357 0.134229 0.0997451 0.135435 0.10497
0 0.191778 0.0488535 0.188633 0.04929 0.186361 0.0481543 0.184789 0.0432617 0.188283 0.0402041 0.192128 0.0404658 0.194312 0.0423008 0.194661 0.0447471 0.193264 0.0471064
0 0.198942 0.0476299 0.197282 0.0477178 0.195577 0.0466016 0.195469 0.0418037 0.197949 0.0402402 0.201184 0.0407793 0.202801 0.0421807 0.203609 0.0443916 0.202369 0.0468711
0 0.2003 0.0745205 0.198329 0.0735654 0.197732 0.070041 0.199763 0.0687275 0.202331 0.0691455 0.202809 0.071833 0.201196 0.0727881
0 0.313189 0.0510313 0.308662 0.0477227 0.310403 0.0441533 0.314408 0.0423242 0.31763 0.0451104 0.316721 0.0495762
0 0.331595 0.0516143 0.328323 0.0518652 0.325136 0.0483428 0.326478 0.0450713 0.330672 0.0435615 0.334447 0.0444004 0.336209 0.0463291 0.335202 0.0495166
0 0.3425 0.0522012 0.339061 0.0499365 0.339647 0.0449873 0.344681 0.0433096 0.349211 0.0438125 0.350218 0.0459941 0.349882 0.0490977 0.346358 0.0516982
0 0.303033 0.00557715 0.301377 0.00438672 0.301065 0.00138281 0.303707 0 0.305984 0 0.306606 0.00293652 0.30526 0.00438672
0 0.459297 0.00404883 0.456368 0.00353613 0.454978 0 0.460835 0 0.461787 0.00141211
0 0.454967 0.00891406 0.452533 0.00822949 0.451392 0.00480762 0.454434 0.00328613 0.457096 0.00450293 0.457248 0.00686035
0 0.449947 0.0133994 0.446139 0.0114502 0.447556 0.00622461 0.450656 0.00649023 0.453313 0.0076416 0.45287 0.0106533
0 0.41542 0.159985 0.412576 0.158393 0.411552 0.152591 0.414852 0.150429 0.418264 0.150771 0.419971 0.153955 0.419856 0.15771
0 0.487113 0 0.486979 0.0024541 0.486577 0.00580762 0.487918 0.00842383 0.491071 0.00882617 0.492681 0.00849121 0.493688 0.00594238 0.494492 0
0 0.490082 0.0217842 0.487526 0.0203047 0.486585 0.0162041 0.48719 0.0115645 0.490216 0.00914453 0.493847 0.00974902 0.495394 0.0127744 0.495259 0.0163379 0.49452 0.0201035 0.492771 0.0214482
0 0.484039 0.0267705 0.481643 0.0257344 0.482096 0.0215889 0.48527 0.0204229 0.487926 0.0224307 0.487472 0.0257344
0 0.484514 0.054377 0.476525 0.0522373 0.476953 0.0439648 0.488508 0.0441074 0.49079 0.0503838
0 0.0823828 0.288294 0.0760762 0.286087 0.0733955 0.277257 0.0782832 0.273157 0.0845908 0.272526 0.0879023 0.278045 0.0864824 0.283722
0 0.162722 0.553823 0.15535 0.548779 0.152051 0.538108 0.148171 0.528407 0.16117 0.521035 0.167185 0.523751 0.170482 0.532481 0.171841 0.538885 0.169513 0.547228 0.16699 0.551302
0 0.0529219 0.52234 0.0482637 0.520696 0.0449756 0.513983 0.0496338 0.506585 0.0570312 0.507544 0.0611416 0.510558 0.0641553 0.51549 0.0582646 0.522614
0 0.119436 0.49767 0.115818 0.495905 0.11476 0.490787 0.119436 0.487522 0.123583 0.488229 0.124818 0.492993 0.122524 0.496081
0 0.099418 0.505884 0.0965469 0.505101 0.0961992 0.498838 0.0999395 0.496314 0.10255 0.498576 0.103507 0.50223 0.10168 0.50484
0 0.100162 0.519882 0.097083 0.517008 0.0958516 0.510747 0.101394 0.506949 0.104678 0.510131 0.105191 0.515365 0.104165 0.518137
0 0.10047 0.532814 0.0953379 0.530146 0.0954404 0.523577 0.099957 0.520087 0.105191 0.521627 0.106218 0.52604 0.105602 0.530351
0 0.102522 0.549339 0.0980068 0.546157 0.0968779 0.539588 0.100983 0.534354 0.10632 0.535585 0.107552 0.539896 0.10673 0.54585
0 0.130029 0.544823 0.129162 0.543379 0.128101 0.539345 0.131072 0.5377 0.133566 0.537753 0.134946 0.539717 0.135105 0.542317 0.13431 0.544016 0.131868 0.54513
0 0.00849121 0.506311 0.00784375 0.504812 0.00786523 0.501782 0.00937402 0.501047 0.011252 0.501525 0.0123564 0.503182 0.0119883 0.505795 0.0097793 0.506163
0 0.0229375 0.506317 0.0212695 0.505038 0.0210371 0.501858 0.0229756 0.501276 0.0245664 0.501703 0.0256904 0.502401 0.0258457 0.50434 0.0245664 0.505813
0 0.0209102 0.566052 0.0188027 0.564313 0.0193291 0.561047 0.0227539 0.559044 0.025915 0.559782 0.0260205 0.563154 0.0248613 0.565104
0 0.014377 0.5817 0.0107412 0.580066 0.00926562 0.575431 0.0117949 0.571479 0.0163789 0.570478 0.0204883 0.572585 0.022332 0.575167 0.0193291 0.579856
0 0.0160635 0.639804 0.0136416 0.638517 0.0134141 0.63496 0.0169707 0.632463 0.0209814 0.633522 0.0216631 0.637004 0.0189385 0.639728
0 0 0.69699 0.00145898 0.697738 0.00235645 0.700431 0.00190723 0.702974 0 0.70447
0 0 0.713071 0.00115918 0.714268 0.00332812 0.716287 0.00190723 0.71913 0 0.720925
0 0.0154668 0.703496 0.0133594 0.702442 0.0141318 0.698578 0.0175039 0.698508 0.0178555 0.702302
0 0.00414551 0.624687 0.0025 0.62312 0.00453809 0.618966 0.00814355 0.618338 0.00892773 0.621552 0.00759473 0.624296
0 0.0175068 0.721328 0.0154521 0.719908 0.0151064 0.717706 0.0174814 0.71693 0.0194248 0.71762 0.0191221 0.7206
0 0.0186162 0.735391 0.0163887 0.734746 0.015626 0.73158 0.0180303 0.729879 0.0199063 0.732166 0.0192617 0.734336
0 0.0160439 0.772547 0.0141816 0.769786 0.015915 0.766255 0.0188047 0.766447 0.019832 0.769208 0.0193184 0.77229
0 0.0100957 0.834735 0.00773535 0.830014 0.0104111 0.824033 0.0170205 0.822932 0.0195391 0.827968 0.0176504 0.833318
0 0.0329102 0.78642 0.0276797 0.787897 0.0218818 0.779825 0.0226777 0.769253 0.0244971 0.758452 0.0301816 0.752086 0.0410947 0.750608 0.0449609 0.760612 0.0473477 0.769594 0.0440508 0.777438 0.0382529 0.784373
0 0.0633779 0.787784 0.0586025 0.785851 0.0563291 0.778575 0.0614453 0.774482 0.0680391 0.77471 0.0697441 0.779825 0.0687207 0.786761
0 0.0611045 0.80586 0.0573525 0.804496 0.0559023 0.800216 0.0579551 0.798536 0.0608779 0.798226 0.0633652 0.800091 0.0635518 0.803822 0.0624941 0.805688
0 0.0484248 0.796552 0.0458174 0.794701 0.0458174 0.789992 0.0496855 0.788983 0.0515361 0.790833 0.052125 0.794112 0.0511152 0.795626
0 0.0718066 0.622286 0.0694863 0.61726 0.0733535 0.613006 0.0766396 0.614069 0.0775098 0.61871 0.0746104 0.621803
0 0.0733066 0.66164 0.0710957 0.660288 0.0707275 0.657033 0.0704199 0.652734 0.0726309 0.649786 0.0749033 0.651321 0.0765 0.653962 0.076623 0.657954 0.0752715 0.661578
0 0.286541 0.0124512 0.281935 0.00784473 0.286712 0 0.293877 0.000679687 0.295753 0.00733301 0.292171 0.0112568
0 0.134602 0.343709 0.130517 0.342719 0.12668 0.335417 0.130021 0.329724 0.138066 0.328238 0.141161 0.333685 0.139676 0.342472
0 0.134387 0.370289 0.129447 0.367895 0.127202 0.359063 0.133489 0.356369 0.140523 0.359513 0.139477 0.367745
0 0.224077 0.311545 0.218479 0.310206 0.217261 0.302903 0.224077 0.301077 0.228216 0.305824 0.225659 0.309841
0 0.196059 0.325351 0.194174 0.323122 0.194345 0.31981 0.198001 0.318038 0.200914 0.318324 0.201657 0.321352 0.200914 0.323922 0.198743 0.325293
0 0.196245 0.466453 0.191302 0.463901 0.188111 0.45497 0.195129 0.450664 0.201509 0.456405 0.199914 0.461509
0 0.219218 0.467302 0.216978 0.461143 0.221271 0.45685 0.226963 0.45797 0.227616 0.464782 0.22295 0.468515
0 0.211565 0.4757 0.207366 0.471501 0.207739 0.465248 0.212778 0.462636 0.218471 0.466182 0.218657 0.472061 0.216324 0.474953
0 0.219404 0.488671 0.214365 0.488391 0.212872 0.480553 0.217164 0.473181 0.222577 0.471967 0.226402 0.47458 0.228456 0.480086 0.226123 0.486151
0 0.204287 0.490164 0.197941 0.487737 0.196448 0.481112 0.201394 0.47654 0.20634 0.478873 0.208393 0.485965
0 0.22072 0.516928 0.212416 0.512233 0.211514 0.498695 0.222164 0.493821 0.229204 0.499236 0.228121 0.511512 0.225233 0.514941
0 0.281898 0.518543 0.274043 0.515737 0.270114 0.505076 0.280215 0.498343 0.293401 0.500026 0.295646 0.508162 0.292561 0.517421
0 0.266233 0.496071 0.259049 0.495173 0.254737 0.489065 0.261563 0.481521 0.271802 0.483677 0.274496 0.490144 0.270545 0.494454
0 0.532932 0.312022 0.527521 0.307694 0.531386 0.299192 0.538187 0.297183 0.54066 0.30383 0.537724 0.30924
0 0.534014 0.325935 0.530304 0.321452 0.530922 0.313568 0.536332 0.31125 0.542206 0.314342 0.542206 0.314342 0.54066 0.324698
0 0.532312 0.344021 0.527676 0.340311 0.526594 0.331654 0.532622 0.32748 0.538496 0.32949 0.540351 0.335674 0.53494 0.34263
0 0.51701 0.311404 0.511754 0.306612 0.515 0.297028 0.522884 0.293937 0.525512 0.297028 0.528294 0.306303 0.523966 0.311095
0 0.516854 0.330882 0.513454 0.324853 0.5184 0.317278 0.523966 0.318979 0.526902 0.324698 0.525202 0.330882
0 0.519482 0.347886 0.51299 0.345566 0.512526 0.335364 0.519482 0.332891 0.525512 0.333818 0.528603 0.340002 0.526902 0.345258
0 0.503715 0.31094 0.498614 0.303675 0.50387 0.299192 0.509744 0.300274 0.511754 0.306303 0.50928 0.310322
0 0.505106 0.330727 0.500314 0.327326 0.498305 0.32037 0.503406 0.315269 0.510208 0.315424 0.512372 0.323771 0.512218 0.329645
0 0.503406 0.345412 0.497378 0.342166 0.497378 0.333664 0.502788 0.330727 0.506807 0.33351 0.506807 0.33351 0.508044 0.342166
0 0.47406 0.371546 0.466232 0.369642 0.462213 0.361392 0.468348 0.353142 0.47956 0.349968 0.484214 0.356949 0.481252 0.366257
0 0.413419 0.423067 0.409067 0.421202 0.405545 0.411672 0.410933 0.406285 0.420049 0.40732 0.422949 0.416022 0.418391 0.420166
0 0.397916 0.442218 0.39359 0.439501 0.393087 0.432559 0.397011 0.428434 0.404657 0.428836 0.408079 0.434269 0.409186 0.435577 0.405563 0.442821
0 0.386849 0.430848 0.383729 0.428031 0.381214 0.421994 0.384333 0.418171 0.390471 0.419177 0.392584 0.423905 0.391478 0.428937
0 0.4501 0.438943 0.442949 0.435709 0.442438 0.426686 0.452313 0.422088 0.455718 0.428218 0.455548 0.435538
0 0.4501 0.48253 0.440735 0.479976 0.440055 0.468058 0.446184 0.462099 0.455037 0.465674 0.458442 0.474187 0.454016 0.481509
0 0.478829 0.435022 0.467211 0.435797 0.461272 0.425211 0.464371 0.41127 0.475214 0.407139 0.486058 0.41127 0.494577 0.419273 0.4858 0.431666
0 0.4971 0.490289 0.493814 0.489787 0.490597 0.486959 0.489622 0.481207 0.494204 0.476332 0.499566 0.478185 0.502882 0.484034 0.500444 0.489592
0 0.367399 0.525821 0.362725 0.526341 0.359798 0.524589 0.358369 0.519669 0.361385 0.515146 0.367336 0.514829 0.371938 0.516099 0.372256 0.519511 0.369558 0.524669
0 0.368115 0.539142 0.364928 0.538079 0.362476 0.533747 0.362721 0.529006 0.367053 0.525736 0.371876 0.526227 0.376208 0.529415 0.375554 0.53481 0.372448 0.538979
0 0.355554 0.533939 0.35318 0.532252 0.353805 0.52744 0.356929 0.525379 0.360553 0.526503 0.362115 0.529878 0.360615 0.533127 0.358054 0.534127
1 0.36358 0.560029 0.360237 0.55987 0.355939 0.551593 0.355462 0.541087 0.3674 0.539973 0.377906 0.539018 0.380931 0.547613 0.377429 0.556368 0.36947 0.559711
0 0.395477 0.5981 0.391419 0.596071 0.387797 0.587956 0.390984 0.584188 0.399679 0.584334 0.403591 0.591724 0.401128 0.596796
0 0.394577 0.547474 0.39066 0.545842 0.388701 0.540618 0.392401 0.536156 0.397733 0.535829 0.40089 0.539203 0.401434 0.545624
0 0.389137 0.538441 0.384565 0.535829 0.384565 0.530062 0.389789 0.528212 0.393707 0.531041 0.393598 0.535829
0 0.395774 0.532456 0.391095 0.529627 0.389245 0.524403 0.392619 0.520376 0.398169 0.520268 0.401324 0.524729 0.399366 0.532238
0 0.397543 0.568464 0.390159 0.565611 0.390327 0.554703 0.398047 0.552187 0.402577 0.55806 0.401906 0.565275
0 0.451629 0.557193 0.447491 0.558763 0.444211 0.555768 0.443641 0.548777 0.450487 0.547493 0.454339 0.551772
0 0.439685 0.53707 0.433082 0.536574 0.431432 0.524856 0.437374 0.520564 0.449918 0.520729 0.457345 0.525682 0.45685 0.533273 0.446946 0.535584
0 0.472956 0.585697 0.469567 0.583512 0.467818 0.578047 0.46913 0.571052 0.474923 0.567882 0.478748 0.571489 0.479404 0.576517 0.477983 0.581981
0 0.466568 0.562775 0.464277 0.56137 0.460582 0.558267 0.463834 0.554496 0.46886 0.553979 0.472556 0.555975 0.471965 0.560854
0 0.484287 0.564483 0.480423 0.564274 0.478585 0.557933 0.48364 0.555268 0.487868 0.556737 0.489338 0.561058 0.487592 0.564643
0 0.503125 0.566664 0.498529 0.566849 0.495221 0.563355 0.495681 0.556554 0.500919 0.55398 0.505239 0.556003 0.508272 0.560874 0.506618 0.564734
0 0.499173 0.553705 0.495772 0.551314 0.493475 0.545341 0.495037 0.540837 0.50046 0.538079 0.504044 0.540929 0.506158 0.545433 0.505791 0.550947 0.503401 0.553153
0 0.523413 0.4309 0.519203 0.429029 0.520256 0.421428 0.524583 0.420024 0.528559 0.424702 0.528091 0.428211
0 0.52236 0.442946 0.518385 0.44131 0.517448 0.435345 0.520957 0.431836 0.525986 0.431953 0.528441 0.436397 0.527506 0.440257
0 0.521893 0.455928 0.517917 0.453354 0.51698 0.447508 0.519788 0.443999 0.524349 0.443414 0.527038 0.444817 0.526687 0.449963 0.526687 0.449963
0 0.52084 0.469961 0.517215 0.465751 0.518735 0.460605 0.524583 0.457097 0.528208 0.461658 0.527038 0.467622 0.523881 0.470195
0 0.330527 0.660376 0.324157 0.657828 0.323976 0.644726 0.332893 0.636536 0.339443 0.642359 0.33999 0.650185 0.33453 0.657828
0 0.314513 0.642724 0.30596 0.640722 0.304504 0.629075 0.312511 0.624344 0.323794 0.624344 0.330527 0.626709 0.329071 0.634171 0.321974 0.638538 0.315423 0.639448
0 0.357801 0.805919 0.354832 0.800723 0.357059 0.792262 0.364927 0.791371 0.368935 0.794191 0.371161 0.800277 0.368786 0.805177 0.364333 0.806216
0 0.380763 0.826729 0.37797 0.823713 0.378528 0.817122 0.383108 0.814776 0.386795 0.815559 0.387576 0.819021 0.3859 0.824048
0 0.393164 0.739241 0.385515 0.737618 0.379024 0.730433 0.386442 0.721855 0.395019 0.723942 0.397337 0.734605
0 0.366507 0.741327 0.361871 0.736691 0.362103 0.725564 0.373693 0.724174 0.379256 0.731823 0.377865 0.739241
0 0.350744 0.742255 0.345876 0.73646 0.345181 0.724405 0.354685 0.720001 0.358626 0.729273 0.359089 0.738777
0 0.377622 0.687488 0.373184 0.685386 0.369212 0.679194 0.372716 0.674756 0.379608 0.675457 0.383696 0.679078 0.381827 0.684802
0 0.393208 0.662265 0.387124 0.661917 0.383646 0.656006 0.385732 0.645401 0.397032 0.64575 0.401205 0.652008 0.398945 0.659657
0 0.369451 0.65851 0.365663 0.65402 0.363138 0.648829 0.367347 0.642516 0.370714 0.642797 0.373238 0.647847 0.374922 0.654581 0.373379 0.65879
0 0.358641 0.669882 0.354746 0.66447 0.351678 0.653345 0.354746 0.645673 0.359094 0.649125 0.364081 0.65782 0.364849 0.666004 0.365743 0.669713
0 0.417615 0.687139 0.408446 0.686959 0.406469 0.676891 0.410424 0.666104 0.419233 0.663587 0.425346 0.670418 0.427504 0.681386 0.42193 0.686959
0 0.446812 0.640261 0.441985 0.636739 0.439115 0.632043 0.443812 0.626825 0.451377 0.626434 0.456726 0.630086 0.452682 0.638043
0 0.418142 0.66168 0.412882 0.661822 0.408617 0.658268 0.408048 0.651444 0.415583 0.647606 0.423117 0.646611 0.423686 0.654714 0.4207 0.660542
0 0.434009 0.684662 0.428817 0.684168 0.427706 0.67663 0.430178 0.671315 0.436356 0.670574 0.440435 0.673416 0.442288 0.679719 0.440063 0.68355
0 0.443878 0.669047 0.440924 0.668543 0.439771 0.664797 0.442364 0.66314 0.445679 0.663283 0.448128 0.664509 0.448057 0.667318
0 0.447477 0.70347 0.443907 0.702429 0.441974 0.694397 0.446733 0.689192 0.452979 0.690085 0.453426 0.696629 0.449707 0.701536
0 0.459415 0.73508 0.456519 0.733825 0.453043 0.729385 0.457483 0.724943 0.462986 0.725233 0.466849 0.727164 0.467041 0.731604 0.462986 0.735177
0 0.475054 0.733632 0.471675 0.734019 0.47071 0.731025 0.470999 0.723785 0.474668 0.723882 0.477371 0.726198 0.478529 0.73035
0 0.481354 0.732804 0.479465 0.731386 0.479263 0.727337 0.483042 0.726258 0.484661 0.72835 0.483852 0.731049
0 0.491833 0.740713 0.495318 0.740237 0.497627 0.742223 0.497841 0.745927 0.495372 0.749846 0.491399 0.749899 0.489091 0.748289 0.488823 0.7448 0.490165 0.742276
0 0.475882 0.815001 0.475583 0.809327 0.480162 0.808133 0.483147 0.810023 0.484044 0.81301 0.483944 0.817788 0.485139 0.820476 0.485139 0.822765 0.483347 0.824954 0.480858 0.824656 0.47847 0.822366 0.477475 0.820376
0 0.493301 0.812413 0.487926 0.811417 0.484939 0.805346 0.486632 0.800468 0.491211 0.799373 0.494595 0.800169 0.497481 0.803952 0.497382 0.81092
1 0.467743 0.80999 0.462136 0.808724 0.457071 0.807639 0.452368 0.802212 0.461231 0.798232 0.471361 0.800222 0.480947 0.802031 0.479501 0.809628
0 0.661383 0.031043 0.669026 0.030877 0.674011 0.0360273 0.673014 0.044834 0.6667 0.0498184 0.655567 0.0483232 0.650583 0.0421748 0.654404 0.0348643
0 0.648464 0.120856 0.642792 0.11901 0.643451 0.109908 0.64952 0.108062 0.652685 0.111095 0.652685 0.116635
0 0.648596 0.131541 0.643319 0.130222 0.643188 0.122967 0.647145 0.119537 0.652289 0.119933 0.653872 0.122835 0.654268 0.126924
0 0.684343 0.116371 0.679462 0.114524 0.678275 0.10595 0.68276 0.100807 0.687509 0.10041 0.691993 0.104236 0.692917 0.111227 0.689487 0.115185
0 0.681705 0.101334 0.678144 0.098168 0.677507 0.0935791 0.678427 0.0878467 0.681611 0.08721 0.685716 0.0872813 0.688971 0.0890498 0.690527 0.0931543 0.690386 0.0983906 0.688617 0.0996641
0 0.726895 0.0906064 0.723572 0.0898682 0.723203 0.0849775 0.72671 0.0835928 0.730216 0.0848848 0.730124 0.0893145
0 0.837543 0.0178135 0.832957 0.0172852 0.830105 0.0114307 0.830916 0.00625977 0.834566 0.00585352 0.83913 0.00514453 0.842577 0.0061582 0.843489 0.00838867 0.843692 0.0138643 0.840042 0.0172109
0 0.799177 0.0515195 0.797462 0.0513672 0.796601 0.0472236 0.798754 0.04421 0.80279 0.0443711 0.803436 0.0477617 0.802306 0.0505605
0 0.749032 0.0345498 0.74455 0.0318887 0.74469 0.0215244 0.748611 0.0159219 0.755335 0.0162021 0.758276 0.0219443 0.758276 0.0281074 0.754354 0.0310479
0 0.970655 0.0525898 0.967507 0.0498906 0.968856 0.046832 0.971555 0.0454824 0.974434 0.0476416 0.974164 0.0508799
0 0.977493 0.0435928 0.974254 0.0424238 0.975424 0.0381055 0.978842 0.0371152 0.980911 0.0386445 0.979742 0.0417939
0 0.982801 0.0359463 0.980012 0.0340566 0.979183 0.0317344 0.98156 0.030043 0.982611 0.0310488 0.983891 0.0319629 0.983662 0.0340664 0.982794 0.0353008
0 0.998033 0.071833 0.994135 0.0737822 0.991364 0.0706016 0.99352 0.0660869 0.996187 0.0648555 0.999367 0.0660869 0.99988 0.0709092
0 0.949736 0.0611191 0.946905 0.0602012 0.946676 0.0558398 0.950731 0.0547686 0.953103 0.0567578 0.952185 0.0590527
0 0.721302 0.38109 0.713444 0.378672 0.711329 0.36175 0.720395 0.3548 0.730669 0.35752 0.736713 0.365376 0.730669 0.377161
0 0.720324 0.355884 0.714721 0.353014 0.716635 0.34413 0.725244 0.340167 0.731121 0.343583 0.729618 0.35151 0.725381 0.35561
0 0.721008 0.3429 0.714721 0.341396 0.715268 0.333333 0.721281 0.329233 0.728388 0.332104 0.726885 0.338663 0.723468 0.342627
0 0.720871 0.33101 0.719231 0.327184 0.721418 0.32035 0.728388 0.32158 0.729345 0.327047 0.727158 0.332104
0 0.790662 0.339344 0.786623 0.338637 0.783896 0.335305 0.787936 0.332274 0.792783 0.332174 0.793489 0.336617
0 0.68289 0.43635 0.679185 0.434291 0.67867 0.427497 0.678154 0.4206 0.681654 0.415967 0.68567 0.417614 0.686493 0.42235 0.685979 0.427806 0.685155 0.433468
0 0.72103 0.434005 0.723184 0.434421 0.725262 0.435214 0.724997 0.438161 0.7236 0.440843 0.721144 0.441372 0.71865 0.441221 0.717706 0.439407 0.717933 0.436649 0.719708 0.434799
0 0.667718 0.494483 0.663386 0.493726 0.662087 0.48777 0.665552 0.480515 0.67324 0.480947 0.675298 0.486795 0.673781 0.492426
0 0.660295 0.487206 0.6569 0.486248 0.657793 0.481403 0.66182 0.482194 0.663402 0.484927
0 0.697969 0.480188 0.695027 0.480385 0.69336 0.47862 0.691792 0.473815 0.698066 0.471168 0.701988 0.472443 0.702871 0.476757 0.700224 0.479208
0 0.708085 0.512976 0.704673 0.510274 0.702114 0.504019 0.70709 0.500322 0.712066 0.502597 0.713772 0.507999
0 0.778093 0.437485 0.781114 0.437435 0.782548 0.439893 0.779987 0.44194 0.776762 0.441992 0.774509 0.440046 0.775584 0.437896
0 0.868338 0.308072 0.866005 0.308072 0.861953 0.304144 0.864163 0.297636 0.870671 0.29653 0.872759 0.301442 0.871776 0.306108
0 0.856422 0.316802 0.849858 0.317713 0.8453 0.314432 0.8462 0.306286 0.848831 0.301788 0.853329 0.298053 0.857658 0.29661 0.859865 0.298987 0.861563 0.302722 0.861732 0.30722 0.859187 0.312228
0 0.849794 0.331313 0.846767 0.330993 0.844855 0.323346 0.851068 0.319362 0.856326 0.324939 0.854415 0.3294
0 0.851001 0.354354 0.846441 0.354777 0.843791 0.347992 0.850683 0.344387 0.857681 0.347462 0.85609 0.352127
0 0.850259 0.368349 0.845699 0.367183 0.843049 0.362199 0.846018 0.357958 0.853545 0.355838 0.856408 0.362093 0.853863 0.367395
0 0.848668 0.381071 0.844957 0.378633 0.843791 0.372166 0.848456 0.368984 0.854394 0.370045 0.85609 0.375982 0.851637 0.380542
0 0.877163 0.305181 0.874776 0.300267 0.877304 0.29465 0.882218 0.296054 0.881938 0.302513
0 0.891625 0.306444 0.88657 0.302934 0.886009 0.295633 0.888817 0.291421 0.892046 0.29465 0.892889 0.300126 0.892608 0.304197
0 0.942387 0.366402 0.937674 0.365556 0.936551 0.360832 0.936551 0.356348 0.941036 0.353987 0.944576 0.355561 0.945285 0.360518 0.943868 0.365789
0 0.940734 0.379469 0.938388 0.378352 0.9366 0.373882 0.936879 0.369523 0.939617 0.367177 0.943473 0.367288 0.946154 0.369858 0.946881 0.373658 0.945986 0.377681
0 0.940939 0.391796 0.937226 0.390132 0.935433 0.383088 0.93953 0.37899 0.944781 0.380398 0.946958 0.386033 0.945422 0.390644
0 0.956837 0.443722 0.951871 0.442439 0.948187 0.436353 0.951391 0.428502 0.9586 0.429624 0.962284 0.43443 0.960041 0.440998
0 0.990076 0.461297 0.983517 0.460922 0.979955 0.450052 0.987077 0.441431 0.997573 0.441618 1 0.44799 1 0.454362
0 0.986823 0.602383 0.983771 0.602723 0.980152 0.599782 0.980266 0.592885 0.98524 0.586439 0.990668 0.588022 0.991912 0.593563 0.989085 0.598426
0 0.956517 0.615656 0.95284 0.61591 0.950051 0.613248 0.946755 0.608558 0.951572 0.604121 0.956517 0.605135 0.960446 0.609191 0.958418 0.613121
0 0.920436 0.519021 0.917551 0.518444 0.914764 0.513926 0.91659 0.5096 0.922166 0.508542 0.925338 0.51258 0.923992 0.518444
0 0.899576 0.514058 0.896712 0.513222 0.894206 0.509761 0.89337 0.503794 0.896474 0.500452 0.900054 0.503436 0.901366 0.507613 0.901725 0.510238
0 0.891886 0.509828 0.89585 0.511353 0.897069 0.516739 0.896764 0.522125 0.895138 0.524361 0.890971 0.521516 0.888837 0.516027 0.890158 0.510946
0 0.907181 0.53081 0.902498 0.530916 0.899199 0.52634 0.898773 0.519741 0.903563 0.517613 0.9075 0.519315 0.909203 0.524211 0.910161 0.527724
0 0.909947 0.489352 0.90165 0.488614 0.896672 0.483451 0.893169 0.474048 0.896118 0.468885 0.905153 0.467226 0.915294 0.467778 0.921379 0.473494 0.917322 0.483636 0.911606 0.48677
0 0.903621 0.439879 0.896691 0.441178 0.89171 0.430566 0.898857 0.42277 0.898857 0.42277 0.909686 0.426668 0.90752 0.437063
0 0.953558 0.541924 0.949726 0.537134 0.944936 0.526595 0.950684 0.519506 0.956624 0.521996 0.956624 0.532151 0.95624 0.540582
0 0.88812 0.455035 0.882018 0.456627 0.877242 0.455831 0.872599 0.452515 0.874721 0.44681 0.880293 0.446412 0.887191 0.447474 0.888916 0.453576
0 0.850765 0.500793 0.846045 0.49996 0.84313 0.492742 0.844379 0.483857 0.852708 0.48247 0.856179 0.487189 0.853958 0.496212
0 0.776482 0.416758 0.774115 0.416826 0.772928 0.41741 0.770913 0.415691 0.772453 0.413263 0.776245 0.413618 0.779563 0.413678 0.780569 0.415751
0 0.984452 0.386071 0.980422 0.385937 0.977466 0.382847 0.984722 0.379892 0.988752 0.381101 0.987543 0.384057
0 0.808442 0.576296 0.804206 0.578111 0.798306 0.57448 0.798154 0.566765 0.802995 0.561923 0.809804 0.562226 0.811771 0.569185
0 0.794315 0.606209 0.790549 0.606344 0.785167 0.605536 0.783417 0.599213 0.790952 0.59558 0.795526 0.598002 0.796064 0.603787
0 0.829405 0.531475 0.824937 0.532312 0.821727 0.527426 0.82745 0.522539 0.833035 0.525331 0.83122 0.528961
0 0.828776 0.520175 0.824784 0.520061 0.823187 0.513673 0.828093 0.512419 0.832313 0.514243 0.832313 0.51892
0 0.832427 0.501468 0.828093 0.501582 0.825469 0.495423 0.831286 0.493142 0.836419 0.494396 0.837218 0.497476
0 0.796866 0.472263 0.788433 0.471597 0.784882 0.457614 0.78577 0.44563 0.794869 0.440969 0.801749 0.448293 0.803524 0.460722
0 0.793083 0.515229 0.78939 0.514042 0.787279 0.50771 0.79216 0.503356 0.799151 0.503885 0.802714 0.507578 0.801263 0.514042
0 0.796325 0.571404 0.792661 0.574628 0.787092 0.575654 0.782842 0.571257 0.782695 0.564369 0.786213 0.559387 0.793394 0.561731 0.796618 0.566128
0 0.870983 0.58498 0.867796 0.584835 0.865911 0.578169 0.868665 0.573242 0.875766 0.569619 0.875621 0.57672 0.874316 0.580343
0 0.870983 0.648438 0.866808 0.64635 0.863756 0.638318 0.871305 0.633339 0.879817 0.636712 0.881585 0.642815 0.875963 0.647312
0 0.869538 0.661769 0.866325 0.657593 0.869217 0.649562 0.875481 0.651489 0.875481 0.659521
0 0.865041 0.653256 0.861668 0.653577 0.855886 0.651328 0.857347 0.644613 0.861161 0.644189 0.865399 0.646478 0.867349 0.647919 0.866162 0.652156
0 0.859599 0.682921 0.853811 0.681669 0.849744 0.678541 0.849587 0.670876 0.855062 0.670094 0.860381 0.675568 0.860537 0.680888
0 0.841353 0.721501 0.83733 0.72016 0.834201 0.71569 0.83733 0.710923 0.842246 0.711816 0.843886 0.716286 0.8418 0.719415
0 0.836714 0.698603 0.834697 0.69816 0.833763 0.695553 0.834845 0.69275 0.837206 0.692012 0.838288 0.693389 0.838238 0.69575 0.837354 0.697815
0 0.83937 0.69211 0.837747 0.691471 0.836615 0.689749 0.836271 0.686896 0.837747 0.685569 0.840846 0.685667 0.842271 0.687635 0.840648 0.690586
0 0.89222 0.650485 0.889828 0.649245 0.889031 0.644107 0.894257 0.642336 0.899749 0.642868 0.898686 0.648271 0.89408 0.65084
0 0.898495 0.660365 0.894755 0.661541 0.891229 0.660579 0.89016 0.654916 0.897854 0.651925 0.904265 0.653527 0.903089 0.658229
0 0.899115 0.701667 0.891555 0.700843 0.88963 0.692732 0.894716 0.688746 0.904338 0.687646 0.907088 0.695894 0.904063 0.699193
0 0.902846 0.713875 0.898458 0.714084 0.894175 0.711681 0.893548 0.705621 0.900548 0.701233 0.907965 0.703219 0.90901 0.709174 0.906606 0.712308
0 0.936631 0.68069 0.931978 0.678364 0.932199 0.670275 0.938403 0.667728 0.939955 0.673378 0.938515 0.67781
0 0.953943 0.652756 0.949548 0.652634 0.946862 0.646407 0.948327 0.638105 0.951624 0.636641 0.954798 0.639937 0.957118 0.643966 0.956019 0.649338
0 0.949515 0.723753 0.946588 0.7227 0.943662 0.717433 0.947759 0.7124 0.952206 0.715092 0.953143 0.721412
0 0.966333 0.735196 0.961979 0.734961 0.960448 0.730136 0.963272 0.727781 0.969157 0.727429 0.973512 0.730018 0.973394 0.733784
0 0.956917 0.735667 0.951621 0.73449 0.948562 0.730371 0.947385 0.724604 0.953505 0.721662 0.95833 0.726134 0.959624 0.731194
0 0.963481 0.724397 0.958984 0.7209 0.958984 0.712239 0.967646 0.71074 0.972309 0.714904 0.97081 0.722565
0 0.981588 0.649864 0.976185 0.648882 0.974711 0.641514 0.979787 0.635128 0.990594 0.633163 0.992559 0.642333 0.985682 0.648063
0 0.998024 0.690898 0.989736 0.68924 0.987664 0.677637 0.992637 0.668728 1 0.665412 1 0.690276
0 0.981918 0.707282 0.979176 0.705546 0.977257 0.700702 0.979998 0.696314 0.984842 0.695127 0.988315 0.69732 0.988772 0.702072 0.985665 0.706276
0 0.915283 0.768753 0.911709 0.767363 0.906149 0.760812 0.919452 0.755848 0.929578 0.757437 0.928188 0.763393 0.924218 0.767165
0 0.892542 0.848277 0.888153 0.848515 0.883646 0.845193 0.88412 0.839618 0.890406 0.838551 0.895626 0.84033 0.89788 0.84377 0.894795 0.846261
0 0.856784 0.846569 0.85441 0.846116 0.852149 0.843403 0.856784 0.840238 0.858706 0.843743
0 0.946805 0.810661 0.942464 0.810074 0.940353 0.803855 0.946219 0.799867 0.951264 0.802096 0.952906 0.805851 0.949973 0.809487
0 0.935222 0.814384 0.932894 0.814195 0.930063 0.81344 0.929244 0.809729 0.933586 0.809162 0.936103 0.810169 0.937172 0.813188
0 0.907403 0.824516 0.903462 0.824187 0.900944 0.818933 0.898755 0.814225 0.899083 0.811597 0.907732 0.811159 0.914082 0.81313 0.911126 0.819261 0.909046 0.823969
0 0.877499 0.816647 0.87442 0.814061 0.875266 0.808671 0.877647 0.807799 0.880843 0.808206 0.88398 0.808845 0.885433 0.811228 0.885606 0.814364 0.8852 0.815934 0.881889 0.816398 0.879158 0.816921
0 0.864583 0.81596 0.861912 0.815495 0.859648 0.812999 0.859067 0.809807 0.862609 0.808587 0.866324 0.808703 0.868821 0.810154 0.868705 0.813173 0.865802 0.815031
0 0.849202 0.813389 0.846971 0.812732 0.844806 0.809583 0.845725 0.805646 0.849268 0.804989 0.852746 0.806563 0.853468 0.809648
0 0.840042 0.820915 0.83689 0.819702 0.835354 0.814772 0.836647 0.811055 0.840931 0.810408 0.844487 0.812267 0.845053 0.816308 0.844083 0.820349
0 0.840284 0.836271 0.834465 0.834493 0.833657 0.828593 0.834465 0.824552 0.83794 0.823017 0.841335 0.823905 0.843355 0.826734 0.844245 0.830613 0.841739 0.834493
0 0.877954 0.847933 0.876513 0.847767 0.874905 0.846049 0.87557 0.843222 0.878064 0.842611 0.879949 0.843997 0.879118 0.846936
0 0.980223 0.724754 0.977846 0.724662 0.975104 0.723017 0.975287 0.718173 0.981411 0.716893 0.983147 0.720641 0.982599 0.723565
0 0.924721 0.645511 0.922771 0.645511 0.920822 0.643411 0.920298 0.639888 0.923071 0.638388 0.926221 0.639362 0.926595 0.643486
0 0.933492 0.64746 0.929669 0.645735 0.927645 0.639737 0.930419 0.636964 0.934692 0.638013 0.938815 0.640412 0.937092 0.645585
0 0.909187 0.684416 0.90676 0.683931 0.905871 0.679563 0.908135 0.677784 0.911127 0.679159 0.912583 0.681909 0.911046 0.683769
0 0.897158 0.688579 0.89304 0.689147 0.889064 0.683041 0.898862 0.679491 0.903833 0.682615 0.90369 0.685598
0 0.925154 0.750192 0.919238 0.74962 0.915612 0.744085 0.919238 0.73607 0.928208 0.736643 0.931452 0.744085 0.928208 0.747711
0 0.890832 1 0.892085 0.997576 0.893874 0.996921 0.897034 0.997397 0.89924 0.999306 0.900135 1
0 0.943354 0.985056 0.940438 0.985398 0.937182 0.983255 0.93581 0.978797 0.940182 0.975968 0.945068 0.977168 0.947555 0.98094 0.944812 0.983341
0 0.762522 0.852723 0.757372 0.853736 0.755675 0.850537 0.756589 0.84551 0.76351 0.84427 0.765533 0.847272 0.764488 0.85132
0 0.73808 0.860056 0.735598 0.860304 0.733413 0.85936 0.732022 0.856679 0.733115 0.853749 0.736243 0.851217 0.740314 0.850969 0.740314 0.850969 0.742896 0.855437 0.741755 0.858268 0.739818 0.859608
0 0.719141 0.867712 0.716289 0.867805 0.713943 0.867125 0.713419 0.864749 0.714159 0.862773 0.716628 0.860922 0.719591 0.860768 0.721968 0.862249 0.722616 0.864409 0.721844 0.866539
0 0.755326 0.97945 0.752041 0.978793 0.750069 0.975589 0.749823 0.971564 0.753026 0.969429 0.756723 0.970168 0.758283 0.973207 0.757708 0.976821
0 0.744895 0.979532 0.741691 0.978464 0.739885 0.974521 0.742431 0.970415 0.747359 0.970579 0.749002 0.975261 0.747441 0.978957
0 0.81238 0.976515 0.809839 0.975031 0.807135 0.973118 0.806607 0.968106 0.810564 0.966853 0.813137 0.96982 0.81307 0.974306
0 0.705422 0.98623 0.703718 0.986064 0.702181 0.98357 0.702555 0.979497 0.705713 0.977918 0.707999 0.980827 0.708415 0.984485
0 0.668268 0.963963 0.666534 0.963479 0.665646 0.961462 0.666695 0.959688 0.669599 0.959365 0.671132 0.960333 0.670566 0.962834 0.669478 0.963237
0 0.678051 0.99965 0.67738 0.996234 0.679637 0.994647 0.683358 0.99477 0.685188 0.997637 0.683969 1 0.678417 1
0 0.681964 0.989855 0.680817 0.991059 0.67806 0.991319 0.677873 0.989083 0.678991 0.986586 0.681414 0.986139 0.682756 0.988338
0 0.776608 0.712014 0.771113 0.711515 0.76695 0.709017 0.769281 0.700024 0.777274 0.700024 0.780438 0.707851
0 0.669908 0.711726 0.666524 0.712082 0.664565 0.709678 0.666258 0.706294 0.670799 0.706472 0.671512 0.709678
0 0.694085 0.611164 0.690573 0.609836 0.686682 0.606799 0.687346 0.601009 0.693705 0.598257 0.696647 0.600819 0.697217 0.606894
0 0.704394 0.61131 0.69862 0.611453 0.695301 0.604237 0.698187 0.597165 0.707713 0.596877 0.7106 0.604237 0.706414 0.610443
0 0.715748 0.613631 0.71189 0.610695 0.710799 0.604069 0.713902 0.598869 0.720193 0.598533 0.722794 0.603733 0.722626 0.608935 0.721284 0.61296
0 0.768168 0.636043 0.764597 0.634525 0.761382 0.629525 0.764149 0.624347 0.770132 0.623275 0.774418 0.626847 0.774061 0.632114
0 0.757238 0.615451 0.754609 0.614599 0.755872 0.612186 0.75841 0.611892 0.761243 0.612554 0.761021 0.614613 0.759293 0.615533
0 0.748626 0.615864 0.74675 0.61535 0.745536 0.613694 0.746529 0.611708 0.748772 0.611523 0.750723 0.612223 0.750134 0.614613
0 0.799461 0.543261 0.794558 0.542498 0.79532 0.535742 0.800441 0.534979 0.805562 0.535742 0.805562 0.539883
0 0.726671 0.489117 0.721669 0.488332 0.71696 0.483525 0.718432 0.477641 0.726573 0.4746 0.732263 0.478032 0.73393 0.483134 0.733243 0.486959
0 0.384738 0.342511 0.379303 0.342264 0.377323 0.33938 0.375937 0.321091 0.382865 0.321229 0.388407 0.324693 0.389516 0.330097 0.388407 0.335639 0.386745 0.341597
0 0.0786836 0.324199 0.0765391 0.324199 0.0744385 0.322806 0.0738096 0.32058 0.0754062 0.318983 0.0778252 0.31908 0.0794697 0.320097 0.0797607 0.322563 0.0783086 0.323919
0 0.0722607 0.321402 0.0705674 0.321306 0.0685352 0.319273 0.0705674 0.31729 0.0724063 0.317968 0.0734707 0.31908 0.0726963 0.320193
0 0.0778545 0.380731 0.0733359 0.381282 0.0711318 0.377315 0.0725645 0.372687 0.0784053 0.372246 0.0811602 0.37467 0.0793975 0.378417
0 0.165771 0.569129 0.161648 0.569325 0.159391 0.566283 0.158213 0.560982 0.161746 0.556663 0.168127 0.557351 0.172445 0.561179 0.170482 0.566479
0 0.310424 0.465724 0.307538 0.466444 0.305734 0.463979 0.306997 0.461034 0.309521 0.460012 0.311807 0.461455 0.312769 0.463859
0 0.3267 0.467607 0.32283 0.467607 0.31946 0.465985 0.319959 0.458496 0.325451 0.454127 0.33319 0.454127 0.336062 0.457871 0.332816 0.464237
0 0.327199 0.487829 0.322581 0.48708 0.322081 0.479591 0.322331 0.473974 0.328447 0.474473 0.330444 0.479466 0.330194 0.485083
0 0.348369 0.489609 0.341031 0.489609 0.337147 0.48069 0.340888 0.47436 0.347506 0.472922 0.351966 0.478101 0.352541 0.485006
0 0.334895 0.439146 0.33146 0.438791 0.330349 0.435817 0.330533 0.432815 0.334136 0.431106 0.337277 0.43166 0.339264 0.433046 0.339171 0.436695 0.337093 0.439005
0 0.345198 0.441246 0.342922 0.439936 0.341247 0.438116 0.340242 0.435819 0.341295 0.433475 0.343735 0.431655 0.346895 0.431703 0.349383 0.432183 0.349718 0.436202 0.348043 0.440079
0 0.740328 0.525357 0.73294 0.526062 0.728368 0.521605 0.727313 0.511404 0.730127 0.503549 0.736575 0.497451 0.741852 0.500617 0.746542 0.507066 0.75006 0.515508 0.745604 0.524537
0 0.0791016 0.121094 0.0820312 0.125977 0.0820312 0.125977 0.0800781 0.128906 0.0732422 0.128906 0.0703125 0.125977 0.0703125 0.121094
0 0.0849609 0.131836 0.0859375 0.139648 0.0810547 0.140625 0.0791016 0.135742 0.0800781 0.131836
0 0.0429688 0.150391 0.0458984 0.158203 0.0419922 0.161133 0.0322266 0.160156 0.0302734 0.152344 0.0341797 0.148438
0 0.0722656 0.30957 0.0751953 0.311523 0.0751953 0.31543 0.0722656 0.314453
0 0.0546875 0.349609 0.0585938 0.350586 0.0595703 0.353516 0.0546875 0.354492
0 0.0722656 0.481445 0.0751953 0.482422 0.0751953 0.487305 0.0712891 0.485352
0 0.0996094 0.492188 0.103516 0.493164 0.103516 0.495117 0.0976562 0.495117
0 0.155273 0.5 0.163086 0.50293 0.165039 0.511719 0.165039 0.518555 0.162109 0.522461 0.152344 0.522461 0.149414 0.512695 0.149414 0.512695
0 0.12793 0.527344 0.133789 0.52832 0.134766 0.532227 0.130859 0.535156 0.12793 0.532227
0 0.0205078 0.62207 0.0234375 0.62207 0.0234375 0.625977 0.0205078 0.625
0 0.15332 0.647461 0.155273 0.648438 0.155273 0.650391 0.152344 0.650391
0 0.15332 0.652344 0.155273 0.652344 0.155273 0.655273 0.152344 0.655273
0 0.152344 0.657227 0.15625 0.658203 0.15625 0.662109 0.152344 0.661133
0 0.152344 0.662109 0.155273 0.663086 0.15625 0.665039 0.154297 0.666992 0.151367 0.665039
0 0.152344 0.667969 0.15625 0.669922 0.157227 0.675781 0.154297 0.677734 0.151367 0.674805
0 0.151367 0.678711 0.15625 0.679688 0.155273 0.683594 0.150391 0.682617
0 0.152344 0.685547 0.155273 0.685547 0.155273 0.688477 0.152344 0.6875
0 0.0185547 0.685547 0.0214844 0.685547 0.0214844 0.689453 0.0185547 0.689453
0 0.109375 0.727539 0.114258 0.727539 0.113281 0.734375 0.107422 0.733398
0 0.0849609 0.788086 0.0898438 0.789062 0.0898438 0.794922 0.0839844 0.794922
0 0.103516 0.791016 0.106445 0.791016 0.106445 0.795898 0.101562 0.794922
1 0.0810547 0.825195 0.0908203 0.822266 0.0927734 0.830078 0.0917969 0.835938 0.0908203 0.84375 0.0830078 0.84668 0.0800781 0.839844 0.0791016 0.830078
0 0.12207 0.869141 0.125977 0.871094 0.124023 0.875 0.120117 0.874023
0 0.0878906 0.855469 0.0917969 0.859375 0.0917969 0.864258 0.0869141 0.865234 0.0820312 0.864258 0.0810547 0.860352 0.0830078 0.855469
0 0.0888672 0.864258 0.0927734 0.867188 0.0927734 0.874023 0.0878906 0.876953 0.0830078 0.874023 0.0791016 0.870117 0.0830078 0.865234
0 0.105469 0.862305 0.109375 0.866211 0.110352 0.873047 0.104492 0.879883 0.0976562 0.878906 0.0917969 0.874023 0.0947266 0.864258 0.0947266 0.864258 0.0996094 0.863281
0 0.135742 0.825195 0.139648 0.825195 0.139648 0.829102 0.135742 0.830078
0 0.0595703 0.805664 0.0634766 0.805664 0.0634766 0.808594 0.0605469 0.80957
0 0.0107422 0.833984 0.0175781 0.833984 0.0185547 0.837891 0.0146484 0.84082 0.0107422 0.838867
0 0.0117188 0.842773 0.015625 0.842773 0.015625 0.84668 0.0107422 0.84668
0 0.0107422 0.847656 0.0136719 0.848633 0.0136719 0.852539 0.0107422 0.852539
0 0.0107422 0.854492 0.0136719 0.855469 0.0136719 0.859375 0.0107422 0.858398
0 0.0107422 0.861328 0.0136719 0.861328 0.0136719 0.867188 0.00976562 0.866211
0 0.00976562 0.868164 0.0146484 0.869141 0.0136719 0.87207 0.00878906 0.87207
0 0.00976562 0.874023 0.0126953 0.874023 0.0126953 0.878906 0.00976562 0.878906
0 0.00976562 0.879883 0.0126953 0.881836 0.0126953 0.884766 0.00976562 0.883789
0 0.00976562 0.887695 0.0126953 0.887695 0.0126953 0.890625 0.00976562 0.891602
0 0.00976562 0.892578 0.0117188 0.894531 0.0126953 0.896484 0.00878906 0.896484
0 0.00976562 0.898438 0.0126953 0.899414 0.0126953 0.90332 0.00878906 0.902344
0 0.00878906 0.904297 0.0117188 0.904297 0.0117188 0.908203 0.00878906 0.908203
0 0.0634766 0.870117 0.0673828 0.871094 0.0673828 0.875 0.0634766 0.875977
0 0.111328 0.860352 0.116211 0.862305 0.116211 0.867188 0.111328 0.868164 0.109375 0.864258
0 0.0625 0.895508 0.0673828 0.894531 0.0683594 0.899414 0.0683594 0.90332 0.0644531 0.905273 0.0615234 0.902344
0 0.0234375 0.916992 0.0263672 0.917969 0.0263672 0.921875 0.0214844 0.921875
0 0.0761719 0.941406 0.0791016 0.941406 0.0791016 0.946289 0.0742188 0.946289
0 0.0751953 0.948242 0.0791016 0.949219 0.0791016 0.954102 0.0742188 0.952148
0 0.199219 0.826172 0.202148 0.828125 0.202148 0.831055 0.197266 0.831055
0 0.233398 0.828125 0.237305 0.828125 0.237305 0.832031 0.233398 0.832031
0 0.121094 0.770508 0.125977 0.771484 0.125977 0.775391 0.121094 0.775391
0 0.273438 0.741211 0.276367 0.741211 0.277344 0.745117 0.272461 0.744141
0 0.295898 0.625977 0.299805 0.625977 0.300781 0.629883 0.296875 0.631836 0.293945 0.628906
0 0.297852 0.632812 0.301758 0.634766 0.301758 0.639648 0.296875 0.642578 0.293945 0.638672 0.293945 0.633789
1 0.268555 0.50293 0.256836 0.5 0.248047 0.5 0.241211 0.503906 0.239258 0.508789 0.243164 0.512695 0.243164 0.517578 0.243164 0.523438 0.243164 0.527344 0.240234 0.53418 0.236328 0.539062 0.236328 0.539062 0.233398 0.546875 0.236328 0.551758 0.238281 0.557617 0.241211 0.5625 0.249023 0.563477 0.24707 0.569336 0.246094 0.576172 0.250977 0.583008 0.25293 0.587891 0.25293 0.587891 0.261719 0.588867 0.261719 0.588867 0.266602 0.585938 0.273438 0.582031 0.280273 0.575195 0.287109 0.571289 0.288086 0.563477 0.290039 0.553711 0.293945 0.545898 0.290039 0.539062 0.294922 0.53418 0.294922 0.53418 0.290039 0.526367 0.290039 0.518555 0.277344 0.517578 0.272461 0.511719 0.272461 0.511719
0 0.147461 0.49707 0.151367 0.500977 0.149414 0.50293 0.146484 0.50293 0.144531 0.499023
0 0.149414 0.50293 0.152344 0.503906 0.152344 0.508789 0.148438 0.509766 0.145508 0.506836 0.146484 0.50293
0 0.222656 0.518555 0.227539 0.520508 0.226562 0.524414 0.222656 0.524414 0.220703 0.522461
1 0.165039 0.408203 0.158203 0.411133 0.157227 0.418945 0.160156 0.422852 0.15918 0.428711 0.163086 0.435547 0.163086 0.435547 0.166016 0.4375 0.172852 0.4375 0.172852 0.432617 0.167969 0.427734 0.167969 0.419922 0.167969 0.419922 0.172852 0.416016 0.175781 0.419922 0.176758 0.43457 0.176758 0.44043 0.176758 0.44043 0.181641 0.441406 0.18457 0.4375 0.185547 0.428711 0.185547 0.417969 0.181641 0.411133 0.175781 0.40918 0.173828 0.412109 0.169922 0.410156 0.169922 0.407227
0 0.194336 0.393555 0.201172 0.394531 0.204102 0.399414 0.202148 0.404297 0.197266 0.405273 0.192383 0.402344 0.191406 0.398438
0 0.245117 0.410156 0.245117 0.416016 0.241211 0.416016 0.239258 0.413086 0.241211 0.40918
0 0.243164 0.416016 0.249023 0.416992 0.249023 0.420898 0.246094 0.422852 0.242188 0.421875 0.241211 0.417969
1 0.205078 0.393555 0.213867 0.393555 0.219727 0.396484 0.224609 0.397461 0.227539 0.402344 0.227539 0.407227 0.223633 0.410156 0.220703 0.413086 0.226562 0.416016 0.227539 0.419922 0.223633 0.421875 0.21875 0.422852 0.212891 0.423828 0.207031 0.421875 0.205078 0.416016 0.209961 0.410156 0.208008 0.405273 0.204102 0.40332 0.203125 0.397461
0 0.264648 0.401367 0.270508 0.40332 0.271484 0.408203 0.268555 0.414062 0.264648 0.416992 0.257812 0.418945 0.25293 0.417969 0.25293 0.410156 0.251953 0.404297 0.251953 0.404297 0.255859 0.401367 0.262695 0.400391
0 0.298828 0.40625 0.303711 0.413086 0.301758 0.422852 0.301758 0.422852 0.291992 0.423828 0.282227 0.420898 0.277344 0.415039 0.277344 0.415039 0.27832 0.40918 0.286133 0.404297
1 0.246094 0.374023 0.257812 0.375977 0.261719 0.383789 0.258789 0.392578 0.25293 0.396484 0.246094 0.396484 0.242188 0.392578 0.242188 0.392578 0.244141 0.387695 0.244141 0.37793
0 0.224609 0.375977 0.230469 0.375977 0.230469 0.378906 0.229492 0.381836 0.225586 0.381836 0.223633 0.379883
0 0.306641 0.360352 0.30957 0.363281 0.30957 0.367188 0.304688 0.370117 0.298828 0.366211 0.298828 0.361328
0 0.135742 0.373047 0.140625 0.374023 0.140625 0.379883 0.135742 0.380859 0.135742 0.380859 0.132812 0.375977
0 0.178711 0.347656 0.183594 0.349609 0.183594 0.353516 0.179688 0.354492 0.176758 0.352539
0 0.172852 0.266602 0.175781 0.270508 0.175781 0.275391 0.170898 0.277344 0.165039 0.276367 0.165039 0.269531 0.168945 0.264648
0 0.177734 0.270508 0.182617 0.271484 0.182617 0.275391 0.178711 0.276367 0.175781 0.274414
1 0.140625 0.324219 0.133789 0.326172 0.129883 0.321289 0.128906 0.3125 0.133789 0.304688 0.142578 0.295898 0.149414 0.288086 0.158203 0.283203 0.164062 0.285156 0.171875 0.282227 0.180664 0.282227 0.18457 0.291016 0.182617 0.299805 0.174805 0.299805 0.167969 0.299805 0.160156 0.298828 0.154297 0.301758 0.149414 0.306641 0.144531 0.313477 0.142578 0.319336
1 0.226562 0.246094 0.231445 0.248047 0.237305 0.25293 0.245117 0.25293 0.245117 0.25293 0.250977 0.255859 0.255859 0.260742 0.250977 0.265625 0.244141 0.271484 0.234375 0.270508 0.228516 0.267578 0.220703 0.269531 0.220703 0.274414 0.223633 0.279297 0.217773 0.286133 0.209961 0.286133 0.205078 0.279297 0.208984 0.272461 0.208008 0.265625 0.208984 0.259766 0.208984 0.259766 0.212891 0.25293 0.212891 0.25293 0.21875 0.249023 0.220703 0.245117
0 0.197266 0.25 0.202148 0.25 0.202148 0.254883 0.197266 0.254883
0 0.246094 0.219727 0.248047 0.219727 0.248047 0.225586 0.243164 0.224609
0 0.298828 0.0400391 0.302734 0.0410156 0.305664 0.0478516 0.300781 0.0498047 0.296875 0.046875
0 0.287109 0.0126953 0.294922 0.0136719 0.293945 0.0185547 0.289062 0.0185547 0.285156 0.0146484
0 0.296875 0.015625 0.300781 0.015625 0.300781 0.0185547 0.296875 0.0185547
0 0.360352 0.00683594 0.364258 0.00683594 0.364258 0.0117188 0.360352 0.0107422
1 0.429688 0.0234375 0.4375 0.0244141 0.439453 0.0322266 0.444336 0.0302734 0.450195 0.0273438 0.450195 0.0273438 0.452148 0.0371094 0.453125 0.0419922 0.450195 0.0498047 0.442383 0.0546875 0.433594 0.0556641 0.424805 0.0527344 0.413086 0.0517578 0.402344 0.0507812 0.396484 0.0537109 0.388672 0.0507812 0.381836 0.0517578 0.373047 0.0517578 0.366211 0.0507812 0.359375 0.0498047 0.361328 0.0449219 0.365234 0.0449219 0.375 0.0439453 0.386719 0.0439453 0.395508 0.0439453 0.40332 0.0439453 0.40918 0.0429688 0.413086 0.0390625 0.416992 0.0390625 0.420898 0.0341797 0.421875 0.0302734 0.427734 0.03125 0.427734 0.0253906
0 0.365234 0.199219 0.369141 0.200195 0.369141 0.203125 0.365234 0.203125
0 0.37207 0.205078 0.37793 0.205078 0.376953 0.201172 0.374023 0.200195
0 0.385742 0.202148 0.381836 0.205078 0.379883 0.202148 0.382812 0.199219
0 0.376953 0.3125 0.383789 0.3125 0.386719 0.316406 0.385742 0.323242 0.385742 0.323242 0.376953 0.320312 0.376953 0.320312
0 0.379883 0.299805 0.384766 0.298828 0.386719 0.301758 0.386719 0.306641 0.380859 0.307617 0.37793 0.303711
0 0.387695 0.301758 0.391602 0.304688 0.390625 0.307617 0.385742 0.307617
0 0.388672 0.296875 0.393555 0.298828 0.394531 0.301758 0.392578 0.303711 0.387695 0.301758 0.386719 0.298828
0 0.394531 0.290039 0.399414 0.290039 0.400391 0.295898 0.398438 0.299805 0.393555 0.298828 0.393555 0.298828
1 0.355469 0.338867 0.360352 0.34082 0.364258 0.342773 0.366211 0.34668 0.364258 0.350586 0.366211 0.353516 0.368164 0.358398 0.364258 0.363281 0.364258 0.363281 0.360352 0.361328 0.353516 0.358398 0.354492 0.350586 0.353516 0.341797
0 0.368164 0.360352 0.375977 0.362305 0.37793 0.368164 0.373047 0.370117 0.367188 0.367188
0 0.350586 0.359375 0.357422 0.361328 0.356445 0.364258 0.353516 0.366211 0.348633 0.364258
0 0.37207 0.37207 0.376953 0.37793 0.375977 0.388672 0.371094 0.394531 0.364258 0.392578 0.357422 0.387695 0.357422 0.378906 0.363281 0.374023 0.368164 0.375
0 0.338867 0.379883 0.342773 0.388672 0.333984 0.391602 0.327148 0.390625 0.326172 0.381836 0.332031 0.379883 0.336914 0.378906
0 0.316406 0.424805 0.330078 0.428711 0.330078 0.436523 0.330078 0.436523 0.328125 0.442383 0.319336 0.443359 0.319336 0.443359 0.30957 0.4375 0.30957 0.4375 0.305664 0.43457 0.304688 0.428711 0.310547 0.426758
0 0.359375 0.428711 0.368164 0.431641 0.367188 0.439453 0.359375 0.442383 0.359375 0.442383 0.353516 0.436523 0.354492 0.431641
0 0.344727 0.413086 0.349609 0.417969 0.349609 0.424805 0.342773 0.428711 0.337891 0.424805 0.335938 0.416016 0.341797 0.412109
0 0.339844 0.427734 0.34082 0.431641 0.336914 0.433594 0.333984 0.430664 0.334961 0.426758
0 0.331055 0.411133 0.336914 0.416016 0.337891 0.424805 0.332031 0.426758 0.324219 0.424805 0.318359 0.420898 0.317383 0.415039 0.324219 0.411133
0 0.335938 0.441406 0.341797 0.442383 0.342773 0.447266 0.337891 0.449219 0.332031 0.446289
0 0.422852 0.416992 0.429688 0.419922 0.428711 0.426758 0.424805 0.429688 0.424805 0.429688 0.416016 0.427734 0.416016 0.420898
0 0.388672 0.481445 0.394531 0.482422 0.394531 0.489258 0.389648 0.489258 0.385742 0.485352
1 0.447266 0.485352 0.450195 0.490234 0.446289 0.493164 0.443359 0.49707 0.436523 0.495117 0.429688 0.494141 0.424805 0.491211 0.424805 0.486328 0.430664 0.482422 0.429688 0.476562 0.4375 0.475586 0.441406 0.479492
0 0.443359 0.560547 0.449219 0.561523 0.448242 0.566406 0.445312 0.566406 0.441406 0.56543
0 0.396484 0.569336 0.398438 0.572266 0.400391 0.576172 0.400391 0.583008 0.394531 0.584961 0.389648 0.582031 0.388672 0.575195 0.388672 0.575195 0.391602 0.569336
0 0.352539 0.564453 0.356445 0.564453 0.358398 0.567383 0.357422 0.571289 0.353516 0.571289 0.350586 0.567383
0 0.412109 0.615234 0.417969 0.616211 0.417969 0.620117 0.415039 0.621094 0.412109 0.619141
0 0.37793 0.623047 0.387695 0.624023 0.393555 0.630859 0.393555 0.635742 0.389648 0.637695 0.386719 0.642578 0.382812 0.645508 0.382812 0.649414 0.378906 0.651367 0.374023 0.647461 0.373047 0.640625 0.370117 0.635742 0.368164 0.631836 0.370117 0.624023
0 0.339844 0.655273 0.344727 0.65918 0.344727 0.666992 0.34082 0.670898 0.334961 0.670898 0.331055 0.667969 0.331055 0.667969 0.329102 0.663086 0.332031 0.658203
0 0.379883 0.65918 0.383789 0.663086 0.383789 0.670898 0.379883 0.674805 0.371094 0.674805 0.369141 0.667969 0.373047 0.65918
0 0.405273 0.661133 0.413086 0.662109 0.412109 0.667969 0.407227 0.672852 0.401367 0.670898 0.401367 0.665039
0 0.333984 0.698242 0.336914 0.698242 0.337891 0.703125 0.333008 0.702148 0.333984 0.702148
0 0.332031 0.705078 0.333984 0.706055 0.333984 0.710938 0.330078 0.708984
0 0.337891 0.759766 0.34082 0.760742 0.341797 0.764648 0.339844 0.765625 0.337891 0.763672
1 0.360352 0.767578 0.367188 0.761719 0.375977 0.760742 0.382812 0.765625 0.384766 0.775391 0.378906 0.780273 0.373047 0.78418 0.364258 0.783203 0.358398 0.779297 0.350586 0.777344 0.34668 0.771484 0.352539 0.764648
0 0.488281 0.798828 0.485352 0.791992 0.492188 0.788086 0.49707 0.790039 0.5 0.796875 0.49707 0.799805
0 0.452148 0.813477 0.456055 0.813477 0.457031 0.816406 0.456055 0.819336 0.452148 0.817383
0 0.379883 0.924805 0.383789 0.927734 0.383789 0.933594 0.380859 0.936523 0.375 0.938477 0.373047 0.933594 0.373047 0.926758
0 0.540039 0.512695 0.543945 0.514648 0.545898 0.519531 0.541992 0.520508 0.539062 0.518555
0 0.451172 0.439453 0.457031 0.439453 0.458008 0.444336 0.454102 0.446289 0.450195 0.443359
0 0.453125 0.448242 0.458984 0.450195 0.458984 0.455078 0.456055 0.458008 0.453125 0.457031 0.451172 0.452148
0 0.447266 0.443359 0.451172 0.453125 0.448242 0.458984 0.443359 0.461914 0.436523 0.458984 0.432617 0.449219 0.438477 0.442383
0 0.466797 0.43457 0.479492 0.436523 0.480469 0.446289 0.474609 0.449219 0.463867 0.448242 0.463867 0.448242 0.461914 0.44043 0.462891 0.43457
1 0.495117 0.447266 0.503906 0.450195 0.504883 0.459961 0.504883 0.46875 0.5 0.47168 0.495117 0.477539 0.487305 0.475586 0.484375 0.478516 0.487305 0.484375 0.487305 0.484375 0.482422 0.487305 0.474609 0.487305 0.467773 0.484375 0.460938 0.488281 0.455078 0.483398 0.457031 0.478516 0.458008 0.466797 0.464844 0.462891 0.46582 0.455078 0.472656 0.450195 0.482422 0.452148 0.485352 0.448242
0 0.500977 0.405273 0.506836 0.408203 0.506836 0.415039 0.499023 0.416992 0.49707 0.413086 0.498047 0.408203
0 0.527344 0.272461 0.53125 0.272461 0.533203 0.275391 0.53125 0.280273 0.53125 0.280273 0.527344 0.279297
0 0.618164 0.144531 0.623047 0.145508 0.62207 0.150391 0.618164 0.149414
0 0.53418 0.134766 0.539062 0.135742 0.541016 0.140625 0.538086 0.141602 0.533203 0.139648 0.53125 0.136719
0 0.53418 0.12207 0.538086 0.123047 0.538086 0.12793 0.53418 0.12793
0 0.55957 0.0527344 0.564453 0.0556641 0.564453 0.0625 0.558594 0.0644531 0.553711 0.0605469 0.555664 0.0556641
0 0.558594 0.0664062 0.564453 0.0703125 0.564453 0.0703125 0.564453 0.0820312 0.558594 0.0888672 0.550781 0.0888672 0.543945 0.0849609 0.542969 0.0771484 0.542969 0.0771484 0.543945 0.0683594 0.546875 0.0615234 0.551758 0.0605469
0 0.647461 0.0986328 0.65332 0.101562 0.652344 0.108398 0.645508 0.108398 0.643555 0.103516
0 0.655273 0.125977 0.661133 0.126953 0.666016 0.128906 0.666016 0.134766 0.661133 0.138672 0.652344 0.135742 0.646484 0.133789 0.647461 0.128906
0 0.676758 0.119141 0.688477 0.119141 0.693359 0.125977 0.694336 0.132812 0.6875 0.134766 0.676758 0.133789 0.676758 0.133789 0.673828 0.124023
0 0.674805 0.130859 0.669922 0.132812 0.674805 0.136719 0.681641 0.134766
0 0.645508 0.205078 0.642578 0.209961 0.639648 0.208984 0.640625 0.204102
0 0.650391 0.204102 0.658203 0.205078 0.658203 0.208008 0.649414 0.208984
0 0.686523 0.203125 0.692383 0.205078 0.692383 0.208984 0.68457 0.207031
0 0.704102 0.205078 0.707031 0.205078 0.707031 0.208008 0.704102 0.208008
0 0.711914 0.203125 0.71582 0.204102 0.71582 0.208008 0.711914 0.208984 0.709961 0.207031
0 0.719727 0.204102 0.722656 0.205078 0.72168 0.208984 0.717773 0.208008
0 0.765625 0.325195 0.771484 0.327148 0.770508 0.331055 0.766602 0.330078
0 0.741211 0.329102 0.746094 0.328125 0.746094 0.333984 0.742188 0.333984
0 0.742188 0.337891 0.746094 0.338867 0.745117 0.34375 0.741211 0.342773
0 0.726562 0.31543 0.731445 0.31543 0.732422 0.319336 0.729492 0.322266 0.727539 0.320312
0 0.71875 0.31543 0.72168 0.31543 0.723633 0.320312 0.719727 0.322266 0.71582 0.320312 0.71582 0.316406
0 0.708984 0.313477 0.713867 0.314453 0.71582 0.318359 0.714844 0.323242 0.708008 0.323242 0.707031 0.318359
0 0.636719 0.300781 0.639648 0.301758 0.640625 0.306641 0.638672 0.30957 0.634766 0.30957
0 0.634766 0.3125 0.640625 0.313477 0.642578 0.318359 0.640625 0.323242 0.635742 0.322266 0.633789 0.317383
0 0.644531 0.338867 0.649414 0.34082 0.650391 0.344727 0.646484 0.348633 0.642578 0.34668
0 0.650391 0.344727 0.657227 0.345703 0.65625 0.351562 0.652344 0.354492 0.648438 0.351562 0.648438 0.347656
1 0.636719 0.324219 0.645508 0.325195 0.650391 0.333984 0.647461 0.335938 0.642578 0.338867 0.641602 0.345703 0.644531 0.349609 0.645508 0.355469 0.645508 0.357422 0.649414 0.355469 0.652344 0.357422 0.652344 0.362305 0.652344 0.362305 0.647461 0.363281 0.641602 0.366211 0.636719 0.365234 0.632812 0.356445 0.632812 0.356445 0.633789 0.342773 0.634766 0.331055
0 0.671875 0.349609 0.674805 0.349609 0.674805 0.353516 0.670898 0.353516
0 0.639648 0.373047 0.645508 0.373047 0.647461 0.378906 0.641602 0.382812 0.635742 0.382812 0.632812 0.378906 0.633789 0.375
0 0.631836 0.453125 0.634766 0.454102 0.636719 0.459961 0.632812 0.462891 0.629883 0.460938
0 0.637695 0.477539 0.640625 0.485352 0.638672 0.493164 0.633789 0.494141 0.629883 0.488281 0.629883 0.488281 0.629883 0.478516
0 0.635742 0.498047 0.637695 0.50293 0.633789 0.503906 0.629883 0.501953 0.631836 0.49707
1 0.682617 0.473633 0.689453 0.475586 0.693359 0.481445 0.691406 0.488281 0.689453 0.493164 0.697266 0.49707 0.698242 0.504883 0.69043 0.511719 0.682617 0.505859 0.676758 0.500977 0.682617 0.493164 0.675781 0.485352 0.676758 0.477539
0 0.735352 0.481445 0.741211 0.483398 0.740234 0.487305 0.736328 0.487305 0.733398 0.485352
0 0.716797 0.464844 0.724609 0.46582 0.724609 0.472656 0.717773 0.473633 0.712891 0.469727 0.714844 0.464844
0 0.72168 0.487305 0.728516 0.493164 0.728516 0.493164 0.722656 0.500977 0.722656 0.500977 0.714844 0.49707 0.712891 0.493164 0.713867 0.487305 0.713867 0.487305
0 0.693359 0.510742 0.699219 0.513672 0.700195 0.520508 0.696289 0.525391 0.6875 0.526367 0.683594 0.522461 0.685547 0.512695
1 0.635742 0.511719 0.646484 0.512695 0.65625 0.512695 0.666016 0.507812 0.672852 0.509766 0.670898 0.516602 0.678711 0.522461 0.677734 0.533203 0.670898 0.53418 0.664062 0.538086 0.661133 0.546875 0.660156 0.556641 0.662109 0.560547 0.660156 0.566406 0.655273 0.570312 0.651367 0.572266 0.643555 0.566406 0.643555 0.556641 0.631836 0.551758 0.625977 0.539062 0.625977 0.539062 0.628906 0.529297 0.62793 0.517578 0.629883 0.511719 0.629883 0.511719
0 0.738281 0.526367 0.746094 0.52832 0.748047 0.53418 0.751953 0.536133 0.750977 0.541992 0.74707 0.547852 0.735352 0.548828 0.727539 0.541992 0.727539 0.533203 0.730469 0.52832 0.736328 0.527344
0 0.735352 0.554688 0.738281 0.555664 0.737305 0.55957 0.734375 0.558594
0 0.777344 0.566406 0.776367 0.570312 0.770508 0.570312 0.766602 0.568359 0.766602 0.56543
0 0.65332 0.630859 0.658203 0.633789 0.658203 0.633789 0.65918 0.640625 0.655273 0.644531 0.648438 0.643555 0.646484 0.637695 0.647461 0.632812 0.647461 0.632812
0 0.673828 0.657227 0.677734 0.663086 0.676758 0.671875 0.666016 0.670898 0.666016 0.670898 0.664062 0.666016 0.666016 0.65918 0.666016 0.65918 0.669922 0.658203
0 0.773438 0.677734 0.780273 0.680664 0.779297 0.6875 0.775391 0.694336 0.770508 0.697266 0.765625 0.695312 0.765625 0.688477 0.770508 0.681641
1 0.772461 0.751953 0.77832 0.750977 0.780273 0.754883 0.77832 0.758789 0.77832 0.760742 0.783203 0.760742 0.783203 0.755859 0.786133 0.753906 0.793945 0.75293 0.799805 0.753906 0.805664 0.758789 0.806641 0.763672 0.806641 0.770508 0.813477 0.771484 0.816406 0.777344 0.813477 0.783203 0.807617 0.78418 0.802734 0.779297 0.796875 0.783203 0.796875 0.783203 0.792969 0.780273 0.787109 0.777344 0.787109 0.782227 0.782227 0.785156 0.774414 0.78418 0.773438 0.775391 0.773438 0.775391 0.770508 0.769531 0.771484 0.760742
0 0.772461 0.799805 0.776367 0.800781 0.776367 0.805664 0.776367 0.805664 0.772461 0.807617 0.769531 0.803711
0 0.763672 0.885742 0.761719 0.881836 0.757812 0.882812 0.755859 0.885742 0.755859 0.889648 0.758789 0.891602 0.759766 0.886719
0 0.759766 0.902344 0.759766 0.90625 0.756836 0.90625 0.754883 0.90332 0.755859 0.900391
0 0.758789 0.90625 0.763672 0.910156 0.762695 0.918945 0.762695 0.918945 0.758789 0.920898 0.754883 0.920898 0.751953 0.916016 0.75293 0.908203 0.75293 0.908203 0.754883 0.90625
0 0.816406 0.908203 0.818359 0.914062 0.816406 0.916992 0.811523 0.916016 0.811523 0.908203
0 0.821289 0.741211 0.827148 0.741211 0.828125 0.749023 0.825195 0.75293 0.820312 0.751953 0.818359 0.746094 0.818359 0.746094
1 0.837891 0.738281 0.84668 0.738281 0.850586 0.740234 0.852539 0.74707 0.852539 0.749023 0.858398 0.750977 0.860352 0.754883 0.860352 0.762695 0.855469 0.763672 0.844727 0.759766 0.836914 0.755859 0.832031 0.750977 0.833984 0.742188
0 0.896484 0.749023 0.90332 0.75293 0.90625 0.759766 0.905273 0.766602 0.896484 0.764648 0.886719 0.763672 0.880859 0.759766 0.875 0.753906 0.875 0.746094 0.880859 0.741211 0.887695 0.741211 0.892578 0.743164
1 0.861328 0.65918 0.870117 0.660156 0.873047 0.663086 0.87793 0.664062 0.880859 0.672852 0.883789 0.681641 0.883789 0.681641 0.882812 0.688477 0.880859 0.69043 0.883789 0.695312 0.882812 0.703125 0.880859 0.707031 0.880859 0.708984 0.875 0.708984 0.875 0.708984 0.868164 0.704102 0.860352 0.705078 0.860352 0.698242 0.858398 0.695312 0.857422 0.691406 0.860352 0.688477 0.862305 0.682617 0.860352 0.678711 0.860352 0.671875 0.858398 0.663086
1 0.927734 0.700195 0.928711 0.696289 0.93457 0.697266 0.93457 0.697266 0.938477 0.705078 0.938477 0.705078 0.9375 0.713867 0.94043 0.719727 0.94043 0.719727 0.938477 0.723633 0.939453 0.729492 0.936523 0.734375 0.931641 0.734375 0.925781 0.728516 0.922852 0.71875 0.922852 0.71875 0.926758 0.714844 0.922852 0.709961 0.923828 0.706055
1 0.90625 0.720703 0.911133 0.722656 0.912109 0.728516 0.90625 0.726562 0.899414 0.726562 0.895508 0.726562 0.894531 0.719727 0.898438 0.71875
0 0.886719 0.708008 0.891602 0.708008 0.891602 0.711914 0.889648 0.712891 0.885742 0.711914
0 0.837891 0.673828 0.84375 0.673828 0.844727 0.677734 0.841797 0.679688 0.837891 0.679688 0.835938 0.676758
0 0.904297 0.657227 0.90918 0.658203 0.90918 0.664062 0.905273 0.665039 0.901367 0.662109
0 0.905273 0.645508 0.908203 0.646484 0.908203 0.650391 0.904297 0.651367 0.901367 0.647461
0 0.837891 0.646484 0.84082 0.647461 0.84082 0.651367 0.836914 0.651367
0 0.791992 0.62793 0.796875 0.628906 0.796875 0.632812 0.791992 0.631836
0 0.782227 0.629883 0.787109 0.631836 0.786133 0.638672 0.782227 0.638672
0 0.878906 0.587891 0.884766 0.588867 0.886719 0.594727 0.885742 0.598633 0.878906 0.598633 0.875 0.594727 0.875977 0.588867
0 0.879883 0.599609 0.884766 0.600586 0.884766 0.607422 0.878906 0.609375 0.876953 0.605469 0.876953 0.600586
0 0.900391 0.599609 0.90625 0.603516 0.90625 0.611328 0.902344 0.615234 0.897461 0.614258 0.894531 0.609375 0.894531 0.609375 0.892578 0.604492 0.892578 0.604492 0.894531 0.600586
1 0.905273 0.560547 0.913086 0.566406 0.914062 0.576172 0.913086 0.585938 0.910156 0.59668 0.904297 0.599609 0.896484 0.599609 0.892578 0.591797 0.892578 0.578125 0.891602 0.570312 0.894531 0.5625
1 0.945312 0.541016 0.957031 0.541016 0.960938 0.547852 0.958984 0.556641 0.954102 0.558594 0.951172 0.561523 0.957031 0.5625 0.958008 0.56543 0.955078 0.572266 0.954102 0.576172 0.953125 0.580078 0.948242 0.580078 0.948242 0.587891 0.948242 0.59375 0.945312 0.602539 0.943359 0.607422 0.936523 0.608398 0.930664 0.603516 0.926758 0.599609 0.930664 0.59082 0.927734 0.583984 0.925781 0.579102 0.924805 0.572266 0.923828 0.56543 0.923828 0.55957 0.927734 0.553711 0.929688 0.544922 0.935547 0.538086 0.939453 0.539062
1 0.87793 0.527344 0.882812 0.529297 0.886719 0.530273 0.890625 0.525391 0.897461 0.524414 0.899414 0.529297 0.902344 0.533203 0.90332 0.537109 0.902344 0.543945 0.897461 0.544922 0.894531 0.548828 0.891602 0.555664 0.887695 0.558594 0.887695 0.558594 0.882812 0.564453 0.873047 0.564453 0.863281 0.5625 0.863281 0.5625 0.862305 0.555664 0.862305 0.555664 0.862305 0.550781 0.867188 0.549805 0.866211 0.541016 0.866211 0.541016 0.869141 0.535156 0.874023 0.53125
0 0.838867 0.555664 0.84375 0.555664 0.844727 0.560547 0.842773 0.5625 0.838867 0.5625 0.837891 0.558594
0 0.904297 0.507812 0.911133 0.507812 0.911133 0.512695 0.908203 0.515625 0.90332 0.517578 0.899414 0.517578 0.898438 0.512695 0.900391 0.509766
0 0.789062 0.494141 0.793945 0.495117 0.794922 0.5 0.790039 0.501953 0.786133 0.499023 0.787109 0.495117
0 0.821289 0.506836 0.826172 0.507812 0.825195 0.512695 0.820312 0.513672 0.81543 0.512695 0.816406 0.506836
0 0.868164 0.50293 0.871094 0.50293 0.87207 0.505859 0.868164 0.506836
0 0.905273 0.441406 0.912109 0.441406 0.917969 0.445312 0.918945 0.449219 0.924805 0.451172 0.923828 0.458008 0.920898 0.459961 0.918945 0.464844 0.914062 0.466797 0.90332 0.466797 0.899414 0.46582 0.891602 0.458984 0.891602 0.458984 0.892578 0.450195 0.896484 0.445312 0.901367 0.443359
0 0.938477 0.453125 0.941406 0.460938 0.943359 0.466797 0.94043 0.47168 0.932617 0.472656 0.928711 0.467773 0.926758 0.458984 0.930664 0.452148
0 0.84668 0.43457 0.848633 0.435547 0.848633 0.438477 0.844727 0.438477
0 0.87793 0.37793 0.881836 0.37793 0.880859 0.381836 0.876953 0.381836
0 0.870117 0.365234 0.870117 0.370117 0.865234 0.370117 0.866211 0.366211
0 0.914062 0.304688 0.917969 0.304688 0.917969 0.307617 0.914062 0.308594
0 0.904297 0.208008 0.908203 0.207031 0.908203 0.211914 0.905273 0.210938
0 0.987305 0.0488281 0.990234 0.0488281 0.990234 0.0517578 0.988281 0.0527344 0.986328 0.0517578
0 0.977539 0.0478516 0.974609 0.0498047 0.973633 0.0527344 0.975586 0.0537109 0.978516 0.0517578
0 1 0.0078125 0.99707 0.00878906 0.99707 0.0136719 1 0.0126953
1 0.949219 0.375977 0.955078 0.378906 0.962891 0.378906 0.96875 0.381836 0.970703 0.383789 0.966797 0.388672 0.970703 0.390625 0.970703 0.402344 0.96875 0.40918 0.960938 0.408203 0.958984 0.405273 0.957031 0.40918 0.950195 0.408203 0.950195 0.401367 0.950195 0.393555 0.947266 0.379883
1 0.999023 0.457031 0.995117 0.459961 0.994141 0.463867 0.990234 0.46582 0.986328 0.46875 0.985352 0.476562 0.985352 0.482422 0.989258 0.483398 0.993164 0.481445 1 0.482422
1 0.999023 0.484375 0.994141 0.486328 0.993164 0.491211 0.990234 0.49707 0.984375 0.49707 0.973633 0.498047 0.97168 0.504883 0.97168 0.510742 0.96582 0.514648 0.96875 0.518555 0.96875 0.522461 0.96875 0.525391 0.970703 0.53125 0.970703 0.540039 0.974609 0.542969 0.980469 0.542969 0.983398 0.543945 0.990234 0.545898 0.990234 0.545898 0.996094 0.543945 1 0.543945
0 0.995117 0.553711 0.99707 0.557617 0.996094 0.5625 0.996094 0.5625 0.988281 0.560547 0.984375 0.557617 0.989258 0.551758
0 0.984375 0.561523 0.984375 0.569336 0.974609 0.56543 0.977539 0.557617
0 0.988281 0.560547 0.994141 0.5625 0.995117 0.567383 0.991211 0.570312 0.985352 0.569336 0.985352 0.563477
0 0.993164 0.570312 0.985352 0.569336 0.979492 0.570312 0.978516 0.574219 0.984375 0.578125 0.990234 0.577148
0 1 0.568359 0.993164 0.569336 0.990234 0.578125 0.993164 0.582031 0.999023 0.582031
0 0.973633 0.577148 0.982422 0.576172 0.989258 0.580078 0.988281 0.583984 0.981445 0.584961 0.981445 0.584961 0.975586 0.583008
0 0.993164 0.581055 0.999023 0.583008 0.998047 0.586914 0.993164 0.59082 0.993164 0.59082 0.988281 0.587891 0.986328 0.583008 0.988281 0.581055
0 0.984375 0.614258 0.990234 0.614258 0.992188 0.620117 0.988281 0.623047 0.980469 0.62207 0.980469 0.617188
0 1 0.601562 0.996094 0.603516 0.996094 0.607422 1 0.610352
0 0.981445 0.65918 0.984375 0.660156 0.984375 0.664062 0.980469 0.663086
0 0.979492 0.680664 0.983398 0.681641 0.983398 0.685547 0.981445 0.6875 0.977539 0.685547
0 0.948242 0.977539 0.953125 0.978516 0.952148 0.983398 0.948242 0.983398
