1 0.0537109 0.62207 0.0585938 0.616211 0.0634766 0.612305 0.0644531 0.611328 0.0722656 0.612305 0.078125 0.611328 0.0791016 0.610352 0.0791016 0.604492 0.0761719 0.602539 0.0722656 0.602539 0.0712891 0.597656 0.0703125 0.594727 0.0722656 0.592773 0.0742188 0.589844 0.0712891 0.585938 0.0683594 0.585938 0.0673828 0.585938 0.0703125 0.584961 0.0703125 0.580078 0.0742188 0.580078 0.0742188 0.577148 0.0771484 0.577148 0.0771484 0.572266 0.0810547 0.569336 0.0878906 0.571289 0.0966797 0.572266 0.101562 0.569336 0.0859375 0.556641 0.0830078 0.552734 0.0751953 0.55957 0.0703125 0.558594 0.0634766 0.561523 0.0605469 0.566406 0.0556641 0.575195 0.0537109 0.579102 0.0507812 0.581055 0.0488281 0.587891 0.0488281 0.595703 0.0566406 0.602539 0.0498047 0.620117 0.0507812 0.623047
1 0.333984 0.143555 0.338867 0.145508 0.345703 0.143555 0.347656 0.126953 0.357422 0.125977 0.365234 0.132812 0.371094 0.131836 0.378906 0.126953 0.386719 0.125977 0.399414 0.126953 0.407227 0.123047 0.410156 0.117188 0.417969 0.114258 0.416016 0.0996094 0.411133 0.100586 0.402344 0.108398 0.391602 0.109375 0.385742 0.110352 0.376953 0.110352 0.37207 0.105469 0.365234 0.112305 0.359375 0.111328 0.351562 0.106445 0.34082 0.109375 0.339844 0.113281 0.333984 0.114258
1 0.40625 0.175781 0.418945 0.169922 0.416992 0.161133 0.426758 0.15625 0.431641 0.150391 0.429688 0.135742 0.435547 0.130859 0.4375 0.120117 0.443359 0.115234 0.4375 0.106445 0.428711 0.108398 0.425781 0.116211 0.422852 0.125977 0.417969 0.132812 0.40918 0.138672 0.408203 0.146484 0.399414 0.154297 0.386719 0.152344 0.378906 0.161133 0.375 0.163086 0.37793 0.168945 0.387695 0.169922 0.393555 0.169922 0.399414 0.172852
1 0 0.423828 0.0126953 0.419922 0.0253906 0.415039 0.0341797 0.405273 0.0419922 0.387695 0.0380859 0.373047 0.0302734 0.359375 0.0292969 0.352539 0.0380859 0.338867 0.0322266 0.332031 0.0322266 0.328125 0.0380859 0.322266 0.0361328 0.313477 0.0283203 0.303711 0.0244141 0.298828 0.0175781 0.291992 0.0253906 0.294922 0.0322266 0.289062 0.0322266 0.271484 0.03125 0.242188 0.0273438 0.238281 0.0244141 0.155273 0.0253906 0.146484 0.0224609 0.138672 0.0292969 0.128906 0.0234375 0.119141 0.015625 0.120117 0.0107422 0.128906 0.0078125 0.132812 0 0.126953
1 0.685547 0.100586 0.697266 0.100586 0.712891 0.0976562 0.731445 0.0927734 0.735352 0.0791016 0.736328 0.0527344 0.746094 0.0498047 0.755859 0.0322266 0.746094 0.0253906 0.738281 0.0205078 0.74707 0.0107422 0.75 0.00683594 0.74707 0 0.681641 0.000976562 0.682617 0.0361328 0.679688 0.0498047 0.677734 0.0683594 0.68457 0.0771484 0.678711 0.0830078 0.678711 0.0917969
1 0.931641 0.272461 0.933594 0.260742 0.949219 0.248047 0.948242 0.239258 0.942383 0.230469 0.944336 0.219727 0.941406 0.205078 0.941406 0.202148 0.932617 0.199219 0.929688 0.186523 0.919922 0.186523 0.913086 0.18457 0.90332 0.188477 0.891602 0.182617 0.888672 0.185547 0.883789 0.183594 0.882812 0.205078 0.879883 0.216797 0.875 0.22168 0.87793 0.228516 0.875977 0.233398 0.878906 0.244141 0.871094 0.250977 0.871094 0.264648 0.87793 0.273438 0.888672 0.275391
1 0.939453 0.154297 0.946289 0.154297 0.947266 0.148438 0.955078 0.149414 0.960938 0.163086 0.97168 0.162109 0.972656 0.175781 0.973633 0.206055 0.982422 0.200195 0.978516 0.180664 0.981445 0.172852 0.978516 0.165039 0.979492 0.150391 0.975586 0.144531 0.980469 0.138672 0.982422 0.128906 0.978516 0.12207 0.980469 0.114258 0.979492 0.101562 0.938477 0.0996094 0.93457 0.118164 0.933594 0.125 0.936523 0.129883
1 0.0341797 0.459961 0.0419922 0.458008 0.046875 0.449219 0.0439453 0.442383 0.0419922 0.438477 0.0380859 0.435547 0.0302734 0.43457 0.0234375 0.43457 0.0205078 0.436523 0.0146484 0.433594 0.00683594 0.431641 0 0.436523 0 0.459961 0.00683594 0.460938 0.015625 0.463867 0.0195312 0.458984 0.0195312 0.455078 0.0253906 0.454102 0.0263672 0.457031
1 0.319336 0 0.324219 0.00976562 0.342773 0.0126953 0.360352 0.0117188 0.367188 0.0078125 0.37207 0.0146484 0.378906 0.0175781 0.388672 0.0175781 0.389648 0.0117188 0.393555 0.0078125 0.387695 0
1 0.28418 0.566406 0.286133 0.563477 0.291016 0.555664 0.290039 0.552734 0.287109 0.551758 0.288086 0.550781 0.291016 0.547852 0.291016 0.544922 0.290039 0.541016 0.293945 0.538086 0.293945 0.525391 0.286133 0.523438 0.28125 0.526367 0.276367 0.53125 0.269531 0.53125 0.261719 0.527344 0.255859 0.524414 0.250977 0.526367 0.248047 0.532227 0.253906 0.540039 0.263672 0.549805 0.269531 0.554688 0.276367 0.5625
1 0.262695 0.575195 0.264648 0.56543 0.259766 0.560547 0.254883 0.560547 0.250977 0.561523 0.254883 0.555664 0.257812 0.554688 0.253906 0.544922 0.245117 0.542969 0.24707 0.539062 0.244141 0.539062 0.244141 0.53125 0.239258 0.529297 0.235352 0.530273 0.233398 0.536133 0.235352 0.544922 0.231445 0.544922 0.230469 0.561523 0.235352 0.567383 0.234375 0.571289 0.237305 0.576172 0.233398 0.583008 0.240234 0.584961 0.246094 0.577148 0.250977 0.581055 0.256836 0.581055
0 0.12793 0.575195 0.132812 0.574219 0.136719 0.569336 0.136719 0.563477 0.130859 0.55957 0.126953 0.555664 0.124023 0.558594 0.12207 0.564453 0.12207 0.569336 0.125 0.573242
0 0.106445 0.549805 0.114258 0.550781 0.119141 0.553711 0.12207 0.558594 0.120117 0.563477 0.117188 0.568359 0.110352 0.571289 0.107422 0.566406 0.104492 0.563477 0.105469 0.555664
1 0.100586 0.549805 0.107422 0.547852 0.113281 0.544922 0.115234 0.540039 0.119141 0.540039 0.119141 0.538086 0.115234 0.536133 0.116211 0.53125 0.112305 0.52832 0.105469 0.526367 0.0966797 0.526367 0.0888672 0.529297 0.0839844 0.536133 0.0839844 0.543945 0.0869141 0.548828 0.0927734 0.548828 0.0957031 0.550781
0 0.0410156 0.553711 0.0498047 0.552734 0.0546875 0.547852 0.0527344 0.540039 0.0429688 0.541016 0.0390625 0.545898
1 0.0644531 0.551758 0.0732422 0.550781 0.0732422 0.540039 0.0712891 0.540039 0.0722656 0.537109 0.0742188 0.537109 0.0742188 0.53125 0.0732422 0.53125 0.0732422 0.52832 0.0712891 0.527344 0.0673828 0.527344 0.0673828 0.53125 0.0644531 0.53418 0.0644531 0.541016 0.0634766 0.542969
0 0.03125 0.591797 0.0371094 0.59082 0.0380859 0.585938 0.0361328 0.583984 0.0322266 0.583008 0.0263672 0.588867 0.0273438 0.591797
0 0.0898438 0.595703 0.0966797 0.591797 0.0996094 0.586914 0.0996094 0.580078 0.0957031 0.578125 0.0947266 0.574219 0.0849609 0.574219 0.0800781 0.578125 0.0771484 0.583984 0.078125 0.588867 0.0839844 0.595703 0.0869141 0.595703
0 0.229492 0.635742 0.235352 0.635742 0.241211 0.629883 0.238281 0.624023 0.231445 0.621094 0.224609 0.625 0.225586 0.630859
0 0.231445 0.679688 0.240234 0.679688 0.245117 0.674805 0.244141 0.668945 0.246094 0.661133 0.236328 0.65625 0.227539 0.654297 0.223633 0.657227 0.223633 0.666992 0.224609 0.673828
0 0.21875 0.431641 0.223633 0.431641 0.227539 0.427734 0.224609 0.421875 0.22168 0.419922 0.21582 0.420898 0.213867 0.426758 0.214844 0.430664
0 0.106445 0.476562 0.117188 0.473633 0.121094 0.466797 0.115234 0.458984 0.112305 0.454102 0.107422 0.450195 0.104492 0.450195 0.105469 0.461914 0.104492 0.469727
0 0.0429688 0.491211 0.0478516 0.489258 0.046875 0.485352 0.0419922 0.482422 0.0390625 0.483398 0.0371094 0.488281
0 0.0673828 0.504883 0.0634766 0.500977 0.0654297 0.498047 0.0693359 0.49707 0.0722656 0.499023 0.0732422 0.501953
0 0.143555 0.5 0.148438 0.5 0.152344 0.49707 0.150391 0.492188 0.146484 0.492188 0.142578 0.494141
0 0.208984 0.460938 0.214844 0.460938 0.217773 0.455078 0.217773 0.450195 0.212891 0.447266 0.208008 0.449219 0.206055 0.452148 0.206055 0.458984
0 0.0478516 0.339844 0.0556641 0.342773 0.0585938 0.336914 0.0595703 0.328125 0.0517578 0.324219 0.046875 0.326172 0.0449219 0.326172 0.0429688 0.332031 0.0429688 0.337891
0 0.0400391 0.364258 0.0439453 0.367188 0.0517578 0.363281 0.0615234 0.357422 0.0527344 0.355469 0.0498047 0.355469 0.0439453 0.350586 0.0410156 0.348633 0.0371094 0.348633 0.0341797 0.351562 0.03125 0.353516 0.0302734 0.358398 0.03125 0.360352 0.0341797 0.361328 0.0361328 0.365234
0 0.115234 0.210938 0.118164 0.210938 0.118164 0.208984 0.124023 0.208008 0.125977 0.204102 0.124023 0.200195 0.119141 0.198242 0.115234 0.197266 0.110352 0.197266 0.107422 0.205078 0.109375 0.208984
0 0.236328 0.279297 0.241211 0.275391 0.245117 0.274414 0.25 0.27832 0.246094 0.283203 0.241211 0.285156 0.234375 0.287109 0.230469 0.28418
0 0.232422 0.202148 0.239258 0.203125 0.244141 0.201172 0.245117 0.194336 0.238281 0.192383 0.233398 0.192383 0.229492 0.199219
0 0.0830078 0.0615234 0.0878906 0.0634766 0.0908203 0.0625 0.09375 0.0556641 0.0888672 0.0527344 0.0849609 0.0517578 0.0830078 0.0556641
0 0.0742188 0.0390625 0.078125 0.0380859 0.078125 0.0361328 0.0810547 0.0322266 0.0800781 0.0283203 0.0751953 0.0273438 0.0722656 0.0273438 0.0693359 0.0322266 0.0693359 0.0371094
0 0.0332031 0.0273438 0.0380859 0.0263672 0.0400391 0.0234375 0.0400391 0.0195312 0.0371094 0.0175781 0.0332031 0.0185547 0.0302734 0.0214844 0.0292969 0.0244141
0 0.0527344 0.113281 0.0576172 0.115234 0.0595703 0.111328 0.0576172 0.108398 0.0537109 0.107422 0.0507812 0.112305
0 0.0244141 0.0878906 0.0292969 0.0888672 0.03125 0.0849609 0.0283203 0.0800781 0.0244141 0.0800781 0.0224609 0.0820312 0.0205078 0.0869141
0 0.479492 0.647461 0.475586 0.644531 0.474609 0.638672 0.480469 0.637695 0.486328 0.638672 0.488281 0.645508 0.484375 0.648438
0 0.478516 0.635742 0.483398 0.636719 0.485352 0.637695 0.488281 0.636719 0.489258 0.634766 0.489258 0.630859 0.484375 0.630859 0.480469 0.630859 0.478516 0.631836 0.477539 0.634766
0 0.479492 0.629883 0.483398 0.629883 0.486328 0.628906 0.486328 0.625 0.483398 0.623047 0.480469 0.623047 0.477539 0.624023 0.477539 0.626953 0.478516 0.629883
0 0.504883 0.557617 0.501953 0.556641 0.499023 0.553711 0.498047 0.549805 0.504883 0.545898 0.508789 0.546875 0.509766 0.551758 0.508789 0.556641
0 0.500977 0.536133 0.499023 0.53418 0.499023 0.53125 0.500977 0.529297 0.503906 0.52832 0.507812 0.530273 0.507812 0.53418 0.504883 0.537109
0 0.115234 0.65918 0.119141 0.663086 0.124023 0.661133 0.125977 0.657227 0.124023 0.652344 0.120117 0.650391 0.115234 0.651367 0.114258 0.65625
0 0.101562 0.62207 0.107422 0.62207 0.111328 0.620117 0.113281 0.614258 0.109375 0.610352 0.102539 0.608398 0.0957031 0.608398 0.0957031 0.610352 0.0976562 0.617188 0.0996094 0.620117
0 0.429688 0.046875 0.43457 0.0478516 0.4375 0.0478516 0.438477 0.0458984 0.443359 0.0449219 0.444336 0.0419922 0.443359 0.0371094 0.4375 0.0322266 0.433594 0.03125 0.429688 0.0351562 0.427734 0.0390625 0.427734 0.0429688
0 0.53418 0.0517578 0.540039 0.0537109 0.545898 0.0517578 0.548828 0.0478516 0.547852 0.0429688 0.544922 0.0380859 0.540039 0.0361328 0.53418 0.0371094 0.532227 0.0410156 0.530273 0.046875
0 0.952148 0.436523 0.957031 0.436523 0.964844 0.43457 0.963867 0.424805 0.959961 0.419922 0.953125 0.421875 0.951172 0.424805 0.949219 0.429688
0 0.966797 0.432617 0.973633 0.431641 0.978516 0.428711 0.979492 0.424805 0.974609 0.419922 0.970703 0.417969 0.964844 0.420898 0.963867 0.424805 0.964844 0.430664
0 0.980469 0.427734 0.986328 0.427734 0.989258 0.424805 0.982422 0.418945 0.980469 0.415039 0.973633 0.416992 0.974609 0.417969 0.974609 0.422852 0.976562 0.426758
0 0.988281 0.425781 0.994141 0.422852 0.998047 0.416992 0.995117 0.414062 0.990234 0.411133 0.983398 0.413086 0.981445 0.416992 0.983398 0.421875 0.985352 0.424805
1 0.974609 0.46875 0.985352 0.470703 0.991211 0.46875 0.995117 0.461914 0.993164 0.456055 0.987305 0.447266 0.986328 0.449219 0.984375 0.448242 0.983398 0.445312 0.976562 0.445312 0.975586 0.447266 0.97168 0.447266 0.967773 0.447266 0.96582 0.452148 0.961914 0.454102 0.959961 0.457031 0.959961 0.461914 0.964844 0.463867 0.964844 0.466797 0.96875 0.467773 0.97168 0.46875
0 0.988281 0.446289 0.992188 0.446289 0.996094 0.443359 0.995117 0.44043 0.998047 0.4375 0.999023 0.43457 0.994141 0.429688 0.989258 0.429688 0.984375 0.429688 0.979492 0.432617 0.979492 0.4375 0.979492 0.441406 0.981445 0.442383
1 0.984375 0.510742 0.981445 0.511719 0.980469 0.514648 0.962891 0.523438 0.955078 0.530273 0.944336 0.538086 0.947266 0.543945 0.952148 0.548828 0.954102 0.547852 0.960938 0.545898 0.963867 0.541016 0.964844 0.538086 0.96875 0.538086 0.970703 0.540039 0.976562 0.538086 0.977539 0.529297 0.986328 0.523438 0.986328 0.511719
1 0.941406 0.540039 0.945312 0.542969 0.945312 0.550781 0.944336 0.552734 0.943359 0.555664 0.947266 0.552734 0.950195 0.556641 0.950195 0.563477 0.941406 0.570312 0.935547 0.571289 0.933594 0.571289 0.933594 0.566406 0.930664 0.56543 0.924805 0.569336 0.921875 0.570312 0.921875 0.578125 0.916016 0.585938 0.910156 0.587891 0.912109 0.600586 0.90918 0.604492 0.896484 0.606445 0.90332 0.612305 0.901367 0.617188 0.892578 0.617188 0.885742 0.613281 0.883789 0.607422 0.888672 0.601562 0.888672 0.597656 0.888672 0.59082 0.890625 0.583008 0.895508 0.579102 0.897461 0.578125 0.900391 0.568359 0.90625 0.564453 0.911133 0.561523 0.914062 0.552734 0.917969 0.546875 0.921875 0.543945 0.920898 0.535156 0.918945 0.53125 0.917969 0.527344 0.923828 0.526367 0.930664 0.530273 0.9375 0.537109 0.9375 0.541016
1 0.859375 0.644531 0.866211 0.644531 0.867188 0.641602 0.874023 0.635742 0.879883 0.630859 0.882812 0.623047 0.886719 0.619141 0.886719 0.614258 0.883789 0.612305 0.876953 0.609375 0.869141 0.611328 0.864258 0.612305 0.861328 0.612305 0.857422 0.618164 0.852539 0.619141 0.849609 0.625 0.848633 0.631836 0.848633 0.635742 0.853516 0.639648 0.857422 0.642578
0 0.919922 0.525391 0.923828 0.525391 0.926758 0.521484 0.930664 0.516602 0.927734 0.512695 0.923828 0.510742 0.918945 0.510742 0.917969 0.514648 0.916016 0.520508 0.916992 0.522461
0 0.863281 0.56543 0.870117 0.563477 0.873047 0.55957 0.870117 0.555664 0.859375 0.549805 0.854492 0.551758 0.850586 0.556641 0.851562 0.560547 0.855469 0.56543
0 0.907227 0.550781 0.902344 0.547852 0.902344 0.540039 0.90918 0.538086 0.912109 0.542969 0.913086 0.548828
0 0.841797 0.62207 0.847656 0.621094 0.850586 0.616211 0.852539 0.616211 0.851562 0.611328 0.844727 0.608398 0.842773 0.610352 0.839844 0.613281 0.835938 0.618164 0.834961 0.620117 0.837891 0.621094
0 0.794922 0.53418 0.801758 0.53418 0.807617 0.535156 0.810547 0.53418 0.811523 0.53125 0.813477 0.527344 0.810547 0.520508 0.805664 0.515625 0.799805 0.513672 0.794922 0.513672 0.792969 0.517578 0.790039 0.523438 0.788086 0.527344 0.790039 0.530273
0 0.874023 0.560547 0.878906 0.55957 0.882812 0.558594 0.885742 0.553711 0.886719 0.548828 0.884766 0.545898 0.875977 0.541992 0.87207 0.542969 0.867188 0.546875 0.865234 0.549805 0.865234 0.553711 0.868164 0.557617
0 0.874023 0.570312 0.880859 0.570312 0.880859 0.566406 0.883789 0.56543 0.885742 0.560547 0.879883 0.558594 0.875 0.557617 0.870117 0.5625 0.866211 0.56543 0.869141 0.569336
0 0.886719 0.510742 0.891602 0.508789 0.891602 0.506836 0.893555 0.503906 0.889648 0.5 0.884766 0.498047 0.879883 0.5 0.878906 0.504883 0.880859 0.508789
0 0.756836 0.52832 0.759766 0.52832 0.765625 0.523438 0.766602 0.518555 0.764648 0.514648 0.761719 0.513672 0.758789 0.514648 0.754883 0.519531 0.75293 0.523438
0 0.777344 0.519531 0.782227 0.519531 0.785156 0.517578 0.789062 0.515625 0.790039 0.512695 0.789062 0.506836 0.78418 0.504883 0.780273 0.504883 0.775391 0.506836 0.773438 0.511719 0.774414 0.516602
0 0.78125 0.574219 0.786133 0.574219 0.789062 0.573242 0.792969 0.571289 0.793945 0.564453 0.793945 0.551758 0.786133 0.547852 0.78125 0.547852 0.777344 0.550781 0.775391 0.554688 0.773438 0.566406 0.775391 0.571289
0 0.791016 0.573242 0.796875 0.574219 0.800781 0.576172 0.804688 0.574219 0.807617 0.566406 0.806641 0.55957 0.803711 0.554688 0.793945 0.554688 0.792969 0.558594 0.791992 0.568359
0 0.78125 0.608398 0.787109 0.610352 0.793945 0.610352 0.796875 0.608398 0.792969 0.599609 0.788086 0.599609 0.787109 0.59375 0.782227 0.591797 0.776367 0.595703 0.773438 0.599609 0.771484 0.603516 0.774414 0.607422
0 0.768555 0.616211 0.772461 0.615234 0.773438 0.609375 0.770508 0.607422 0.766602 0.604492 0.760742 0.603516 0.758789 0.604492 0.756836 0.608398 0.756836 0.613281 0.761719 0.616211 0.763672 0.616211 0.764648 0.614258
0 0.762695 0.585938 0.756836 0.585938 0.754883 0.583008 0.756836 0.578125 0.762695 0.578125 0.766602 0.583984
0 0.724609 0.521484 0.730469 0.518555 0.733398 0.515625 0.734375 0.509766 0.733398 0.504883 0.728516 0.50293 0.722656 0.505859 0.719727 0.510742 0.720703 0.517578
0 0.782227 0.662109 0.786133 0.663086 0.791016 0.662109 0.790039 0.658203 0.788086 0.654297 0.78418 0.654297 0.779297 0.655273 0.779297 0.658203 0.779297 0.661133
0 0.910156 0.723633 0.916016 0.723633 0.917969 0.720703 0.919922 0.719727 0.917969 0.713867 0.916016 0.708984 0.911133 0.708008 0.905273 0.712891 0.904297 0.716797 0.904297 0.72168
0 0.947266 0.717773 0.955078 0.71875 0.958008 0.717773 0.958984 0.714844 0.958008 0.710938 0.954102 0.708984 0.949219 0.708984 0.946289 0.712891 0.945312 0.71582
0 0.946289 0.730469 0.955078 0.730469 0.956055 0.728516 0.958008 0.726562 0.954102 0.720703 0.947266 0.720703 0.945312 0.725586
0 0.993164 0.708008 0.989258 0.705078 0.989258 0.701172 0.994141 0.700195 0.99707 0.698242 1 0.704102 0.99707 0.708008
0 1 0.736328 0.993164 0.736328 0.989258 0.733398 0.991211 0.727539 1 0.727539
0 0.967773 0.799805 0.979492 0.800781 0.983398 0.796875 0.981445 0.788086 0.974609 0.788086 0.969727 0.790039 0.96582 0.793945 0.966797 0.795898
0 0.952148 0.796875 0.962891 0.797852 0.962891 0.787109 0.958984 0.78418 0.955078 0.782227 0.951172 0.783203 0.948242 0.789062 0.948242 0.793945
0 1 0.823242 0.994141 0.819336 0.992188 0.814453 0.995117 0.811523 1 0.811523
0 0.873047 0.953125 0.878906 0.950195 0.881836 0.945312 0.880859 0.941406 0.876953 0.94043 0.873047 0.941406 0.868164 0.948242 0.871094 0.951172
0 0.945312 0.949219 0.941406 0.945312 0.943359 0.942383 0.948242 0.941406 0.951172 0.942383 0.949219 0.946289
0 0.77832 0.953125 0.774414 0.950195 0.774414 0.946289 0.77832 0.945312 0.782227 0.945312 0.783203 0.949219
0 0.734375 0.953125 0.729492 0.953125 0.726562 0.951172 0.727539 0.946289 0.733398 0.944336 0.737305 0.946289 0.739258 0.951172 0.737305 0.953125
0 0.760742 0.952148 0.756836 0.951172 0.755859 0.947266 0.757812 0.945312 0.760742 0.945312 0.764648 0.947266 0.764648 0.951172
0 0.744141 0.954102 0.741211 0.952148 0.740234 0.947266 0.744141 0.945312 0.749023 0.946289 0.75 0.950195 0.749023 0.953125
0 0.782227 0.944336 0.779297 0.944336 0.776367 0.94043 0.780273 0.9375 0.783203 0.9375 0.785156 0.939453 0.785156 0.943359
0 0.694336 0.792969 0.699219 0.791992 0.701172 0.783203 0.693359 0.78125 0.688477 0.786133 0.686523 0.788086 0.686523 0.791016 0.689453 0.791992
0 0.674805 0.816406 0.681641 0.8125 0.685547 0.806641 0.681641 0.803711 0.677734 0.803711 0.671875 0.805664 0.667969 0.80957 0.666992 0.813477 0.670898 0.816406
0 0.632812 0.857422 0.635742 0.855469 0.639648 0.850586 0.645508 0.848633 0.643555 0.844727 0.640625 0.84375 0.639648 0.838867 0.635742 0.838867 0.630859 0.84375 0.625977 0.847656 0.624023 0.852539 0.62793 0.857422
1 0.703125 0.795898 0.708984 0.794922 0.709961 0.78418 0.714844 0.785156 0.71582 0.78125 0.725586 0.785156 0.727539 0.779297 0.723633 0.771484 0.729492 0.769531 0.734375 0.764648 0.737305 0.764648 0.742188 0.756836 0.74707 0.753906 0.75293 0.754883 0.75293 0.750977 0.75293 0.74707 0.758789 0.744141 0.764648 0.746094 0.768555 0.74707 0.77832 0.748047 0.78418 0.746094 0.779297 0.742188 0.786133 0.739258 0.777344 0.735352 0.777344 0.732422 0.78125 0.729492 0.771484 0.734375 0.767578 0.731445 0.770508 0.726562 0.775391 0.726562 0.785156 0.726562 0.790039 0.720703 0.780273 0.709961 0.787109 0.711914 0.793945 0.708984 0.802734 0.708984 0.803711 0.695312 0.814453 0.695312 0.818359 0.691406 0.822266 0.685547 0.825195 0.680664 0.833008 0.677734 0.837891 0.669922 0.845703 0.661133 0.852539 0.647461 0.854492 0.640625 0.847656 0.636719 0.841797 0.637695 0.833984 0.636719 0.833984 0.639648 0.830078 0.640625 0.835938 0.645508 0.829102 0.65332 0.825195 0.654297 0.829102 0.65918 0.825195 0.660156 0.822266 0.65625 0.819336 0.65918 0.818359 0.663086 0.821289 0.665039 0.819336 0.666992 0.818359 0.665039 0.814453 0.667969 0.811523 0.667969 0.808594 0.672852 0.814453 0.675781 0.808594 0.677734 0.800781 0.675781 0.801758 0.678711 0.799805 0.680664 0.792969 0.683594 0.792969 0.689453 0.790039 0.689453 0.791016 0.683594 0.78125 0.679688 0.774414 0.679688 0.772461 0.681641 0.776367 0.685547 0.78125 0.6875 0.780273 0.691406 0.775391 0.6875 0.772461 0.686523 0.769531 0.6875 0.768555 0.69043 0.771484 0.692383 0.771484 0.698242 0.769531 0.698242 0.770508 0.702148 0.765625 0.700195 0.764648 0.702148 0.766602 0.705078 0.769531 0.705078 0.768555 0.706055 0.763672 0.712891 0.759766 0.712891 0.754883 0.710938 0.755859 0.713867 0.757812 0.714844 0.75293 0.714844 0.750977 0.716797 0.748047 0.716797 0.745117 0.71875 0.745117 0.72168 0.748047 0.724609 0.740234 0.722656 0.735352 0.722656 0.734375 0.725586 0.730469 0.728516 0.730469 0.732422 0.728516 0.732422 0.724609 0.733398 0.719727 0.736328 0.71875 0.739258 0.720703 0.742188 0.720703 0.745117 0.713867 0.743164 0.712891 0.746094 0.706055 0.746094 0.705078 0.748047 0.706055 0.754883 0.700195 0.753906 0.700195 0.759766 0.706055 0.762695 0.709961 0.767578 0.704102 0.772461 0.699219 0.771484 0.698242 0.772461 0.702148 0.775391 0.703125 0.779297 0.702148 0.785156 0.701172 0.791992
1 0.53125 0.956055 0.537109 0.958984 0.541016 0.955078 0.550781 0.952148 0.555664 0.948242 0.556641 0.942383 0.55957 0.942383 0.560547 0.930664 0.56543 0.922852 0.56543 0.916016 0.5625 0.911133 0.556641 0.914062 0.552734 0.910156 0.549805 0.90918 0.544922 0.90918 0.542969 0.90625 0.536133 0.908203 0.537109 0.913086 0.536133 0.916992 0.529297 0.918945 0.52832 0.920898 0.521484 0.920898 0.521484 0.923828 0.523438 0.924805 0.515625 0.925781 0.512695 0.929688 0.511719 0.933594 0.503906 0.932617 0.50293 0.935547 0.500977 0.93457 0.495117 0.93457 0.498047 0.939453 0.501953 0.945312 0.505859 0.948242 0.508789 0.954102 0.511719 0.960938 0.515625 0.963867 0.521484 0.961914 0.52832 0.958008
0 0.472656 0.404297 0.481445 0.40332 0.486328 0.394531 0.481445 0.385742 0.472656 0.385742 0.467773 0.389648 0.466797 0.396484
0 0.472656 0.425781 0.484375 0.421875 0.483398 0.412109 0.474609 0.410156 0.469727 0.415039 0.46875 0.420898
0 0.436523 0.384766 0.445312 0.387695 0.454102 0.390625 0.461914 0.383789 0.457031 0.375 0.452148 0.371094 0.448242 0.368164 0.436523 0.369141 0.436523 0.375977
0 0.347656 0.34375 0.354492 0.341797 0.360352 0.338867 0.364258 0.333984 0.360352 0.326172 0.350586 0.327148 0.342773 0.331055 0.339844 0.337891 0.34082 0.342773
0 0.412109 0.344727 0.40625 0.34375 0.40332 0.337891 0.402344 0.330078 0.405273 0.322266 0.40918 0.318359 0.416016 0.317383 0.420898 0.325195 0.422852 0.330078 0.420898 0.336914 0.417969 0.345703
0 0.432617 0.344727 0.426758 0.341797 0.427734 0.334961 0.430664 0.329102 0.436523 0.325195 0.442383 0.327148 0.444336 0.334961 0.444336 0.34082 0.439453 0.345703
0 0.40918 0.279297 0.417969 0.28125 0.422852 0.280273 0.427734 0.282227 0.433594 0.274414 0.433594 0.267578 0.431641 0.262695 0.427734 0.257812 0.420898 0.257812 0.416016 0.261719 0.412109 0.264648 0.408203 0.263672 0.405273 0.267578 0.402344 0.275391 0.404297 0.27832
0 0.411133 0.306641 0.417969 0.305664 0.424805 0.302734 0.425781 0.290039 0.420898 0.28418 0.415039 0.280273 0.407227 0.280273 0.402344 0.288086 0.401367 0.296875 0.405273 0.302734
0 0.427734 0.302734 0.430664 0.302734 0.436523 0.303711 0.442383 0.302734 0.445312 0.297852 0.443359 0.289062 0.444336 0.283203 0.432617 0.287109 0.428711 0.290039 0.425781 0.292969 0.424805 0.300781
0 0.577148 0.899414 0.582031 0.897461 0.583984 0.892578 0.583984 0.889648 0.579102 0.887695 0.576172 0.886719 0.574219 0.889648 0.572266 0.893555 0.574219 0.897461
0 0.604492 0.882812 0.609375 0.880859 0.616211 0.876953 0.62207 0.87207 0.617188 0.865234 0.613281 0.863281 0.607422 0.863281 0.600586 0.866211 0.598633 0.868164 0.59668 0.87207 0.59668 0.876953 0.599609 0.878906
0 0.982422 0.605469 0.978516 0.605469 0.976562 0.600586 0.980469 0.597656 0.983398 0.597656 0.985352 0.600586 0.986328 0.603516
0 0.834961 0.600586 0.84082 0.597656 0.845703 0.592773 0.845703 0.586914 0.84082 0.583008 0.834961 0.582031 0.831055 0.585938 0.829102 0.589844 0.829102 0.594727
0 0.700195 0.537109 0.695312 0.535156 0.694336 0.530273 0.698242 0.520508 0.702148 0.514648 0.712891 0.517578 0.716797 0.523438 0.714844 0.530273 0.708008 0.535156
0 0.699219 0.515625 0.691406 0.514648 0.688477 0.508789 0.691406 0.503906 0.699219 0.500977 0.705078 0.5 0.708984 0.503906 0.708008 0.511719 0.703125 0.513672
0 0.793945 0.479492 0.790039 0.478516 0.786133 0.474609 0.789062 0.46875 0.792969 0.466797 0.799805 0.46875 0.801758 0.472656 0.798828 0.476562
0 0.668945 0.457031 0.675781 0.458984 0.683594 0.455078 0.68457 0.450195 0.681641 0.444336 0.673828 0.441406 0.668945 0.443359 0.666016 0.447266 0.664062 0.453125
0 0.663086 0.488281 0.670898 0.488281 0.678711 0.485352 0.681641 0.480469 0.680664 0.473633 0.677734 0.466797 0.670898 0.464844 0.664062 0.462891 0.658203 0.462891 0.655273 0.467773 0.65332 0.475586 0.65332 0.481445 0.655273 0.485352
0 0.769531 0.480469 0.774414 0.480469 0.783203 0.477539 0.783203 0.466797 0.77832 0.46582 0.780273 0.459961 0.77832 0.453125 0.768555 0.452148 0.769531 0.446289 0.765625 0.442383 0.756836 0.446289 0.757812 0.452148 0.761719 0.457031 0.760742 0.461914 0.763672 0.466797 0.764648 0.470703 0.764648 0.475586
0 0.976562 0.310547 0.982422 0.308594 0.985352 0.305664 0.992188 0.302734 0.99707 0.300781 0.996094 0.292969 0.989258 0.290039 0.995117 0.286133 0.993164 0.280273 0.989258 0.275391 0.984375 0.273438 0.980469 0.275391 0.975586 0.286133 0.980469 0.291016 0.975586 0.291992 0.969727 0.298828 0.966797 0.304688 0.970703 0.306641
0 0.951172 0.258789 0.956055 0.258789 0.958984 0.256836 0.957031 0.249023 0.952148 0.24707 0.948242 0.24707 0.944336 0.25 0.944336 0.254883 0.946289 0.259766
0 0.493164 0.0791016 0.49707 0.0771484 0.501953 0.0722656 0.5 0.0654297 0.494141 0.0654297 0.489258 0.0673828 0.487305 0.0703125 0.488281 0.0751953
0 0.46875 0.0839844 0.477539 0.0791016 0.477539 0.0673828 0.472656 0.0654297 0.46875 0.0654297 0.46582 0.0673828 0.462891 0.0732422 0.462891 0.0791016
0 0.427734 0.0244141 0.435547 0.0224609 0.444336 0.0175781 0.445312 0.00976562 0.441406 0.00390625 0.439453 0 0.435547 0 0.433594 0.00488281 0.428711 0.00878906 0.424805 0.0136719 0.422852 0.0185547 0.423828 0.0224609
0 0.402344 0.101562 0.411133 0.0976562 0.411133 0.0957031 0.416992 0.09375 0.418945 0.0898438 0.415039 0.0839844 0.412109 0.0830078 0.404297 0.0820312 0.398438 0.0830078 0.394531 0.0849609 0.393555 0.0888672 0.394531 0.0947266 0.398438 0.102539
0 0.383789 0.0957031 0.392578 0.0927734 0.392578 0.0869141 0.388672 0.0849609 0.381836 0.0859375 0.37793 0.0898438 0.376953 0.0957031
0 0.364258 0.0976562 0.371094 0.0957031 0.375977 0.0898438 0.37207 0.0810547 0.364258 0.0830078 0.360352 0.0878906 0.359375 0.0927734
0 0.349609 0.0976562 0.356445 0.0947266 0.356445 0.0878906 0.351562 0.0859375 0.347656 0.0869141 0.345703 0.0917969
0 0.338867 0.106445 0.345703 0.102539 0.345703 0.09375 0.34082 0.0927734 0.332031 0.0957031 0.330078 0.0996094 0.331055 0.105469
0 0.546875 0.220703 0.552734 0.222656 0.556641 0.22168 0.557617 0.216797 0.555664 0.212891 0.550781 0.211914 0.545898 0.210938 0.541992 0.209961 0.540039 0.212891 0.542969 0.216797
0 0.547852 0.198242 0.553711 0.198242 0.556641 0.195312 0.556641 0.192383 0.551758 0.189453 0.546875 0.189453 0.544922 0.193359
0 0.569336 0.193359 0.573242 0.192383 0.574219 0.1875 0.571289 0.186523 0.566406 0.186523 0.56543 0.19043
0 0.563477 0.180664 0.560547 0.178711 0.5625 0.174805 0.566406 0.174805 0.566406 0.178711
0 0.854492 0.547852 0.850586 0.544922 0.851562 0.540039 0.860352 0.541016 0.859375 0.546875
0 0.953125 0.479492 0.951172 0.472656 0.952148 0.46875 0.957031 0.46875 0.962891 0.470703 0.964844 0.475586 0.960938 0.479492
0 0.53418 0.120117 0.529297 0.119141 0.529297 0.113281 0.535156 0.109375 0.540039 0.108398 0.542969 0.113281 0.540039 0.118164
0 0.523438 0.114258 0.520508 0.110352 0.519531 0.103516 0.521484 0.0986328 0.530273 0.0976562 0.53125 0.105469 0.529297 0.112305
0 0.510742 0.0869141 0.505859 0.0839844 0.505859 0.0732422 0.509766 0.0703125 0.517578 0.078125 0.516602 0.0839844
0 0.505859 0.117188 0.507812 0.111328 0.516602 0.109375 0.519531 0.114258 0.519531 0.120117 0.510742 0.12207
0 0.515625 0.106445 0.509766 0.101562 0.511719 0.0888672 0.516602 0.0859375 0.520508 0.0878906 0.521484 0.0927734 0.519531 0.0947266 0.520508 0.0976562 0.518555 0.103516
0 0.34375 0.456055 0.339844 0.452148 0.34082 0.445312 0.34668 0.443359 0.350586 0.448242 0.350586 0.452148
0 0.408203 0.430664 0.404297 0.425781 0.408203 0.419922 0.414062 0.419922 0.417969 0.424805 0.415039 0.429688
0 0.449219 0.418945 0.441406 0.417969 0.438477 0.413086 0.443359 0.408203 0.449219 0.40625 0.455078 0.408203 0.458984 0.413086 0.452148 0.420898
0 0.34375 0.90625 0.34082 0.904297 0.342773 0.899414 0.347656 0.900391 0.347656 0.904297
0 0.462891 0.933594 0.460938 0.930664 0.456055 0.930664 0.451172 0.927734 0.455078 0.919922 0.458984 0.919922 0.461914 0.916016 0.467773 0.920898 0.46875 0.925781 0.46875 0.931641
0 0.50293 0.964844 0.498047 0.963867 0.499023 0.958984 0.503906 0.956055 0.508789 0.957031 0.508789 0.962891
0 0.585938 0.888672 0.581055 0.888672 0.581055 0.883789 0.583984 0.880859 0.59082 0.880859 0.59082 0.883789
0 0.59375 0.882812 0.59082 0.881836 0.59082 0.87793 0.591797 0.875 0.597656 0.875977 0.599609 0.879883
0 0.644531 0.62207 0.657227 0.621094 0.658203 0.617188 0.652344 0.612305 0.643555 0.611328 0.641602 0.615234
0 0.533203 0.426758 0.527344 0.425781 0.527344 0.419922 0.529297 0.416016 0.536133 0.416992 0.537109 0.420898
0 0.50293 0.374023 0.499023 0.37207 0.498047 0.367188 0.500977 0.363281 0.505859 0.364258 0.507812 0.369141 0.506836 0.373047
0 0.499023 0.305664 0.496094 0.303711 0.496094 0.299805 0.499023 0.297852 0.503906 0.298828 0.505859 0.301758 0.503906 0.304688
0 0.530273 0.341797 0.525391 0.338867 0.522461 0.333008 0.524414 0.329102 0.532227 0.329102 0.53418 0.333008 0.533203 0.339844
0 0.584961 0.393555 0.578125 0.388672 0.580078 0.383789 0.579102 0.37793 0.581055 0.374023 0.585938 0.375977 0.59082 0.380859 0.589844 0.390625 0.587891 0.393555
0 0.416016 0.210938 0.425781 0.208008 0.430664 0.205078 0.436523 0.205078 0.441406 0.199219 0.438477 0.192383 0.430664 0.191406 0.425781 0.193359 0.426758 0.198242 0.421875 0.197266 0.416016 0.197266 0.411133 0.204102 0.413086 0.208984
0 0.470703 0.149414 0.463867 0.147461 0.464844 0.138672 0.469727 0.134766 0.475586 0.134766 0.477539 0.141602 0.474609 0.145508
0 0.413086 0.0507812 0.408203 0.0478516 0.408203 0.0390625 0.416992 0.0341797 0.416016 0.0263672 0.420898 0.0253906 0.423828 0.0292969 0.423828 0.0341797 0.423828 0.0439453 0.416016 0.0507812
0 0.384766 0.0664062 0.37793 0.0654297 0.375 0.0595703 0.37793 0.0527344 0.383789 0.0527344 0.389648 0.0556641 0.389648 0.0625
1 0.333008 0.0625 0.347656 0.0615234 0.354492 0.0634766 0.360352 0.0625 0.364258 0.0527344 0.367188 0.0410156 0.357422 0.0341797 0.348633 0.0292969 0.339844 0.0214844 0.330078 0.0234375 0.328125 0.0341797 0.331055 0.0439453 0.331055 0.0537109
0 0.579102 0.0244141 0.575195 0.0234375 0.575195 0.0185547 0.578125 0.0166016 0.583008 0.0166016 0.583984 0.0205078
0 0.580078 0.0966797 0.576172 0.0947266 0.576172 0.0908203 0.578125 0.0888672 0.582031 0.0888672 0.583984 0.0927734
0 0.570312 0.116211 0.564453 0.112305 0.56543 0.105469 0.570312 0.103516 0.576172 0.105469 0.578125 0.111328 0.576172 0.115234
0 0.428711 0.104492 0.422852 0.103516 0.417969 0.0957031 0.422852 0.0908203 0.427734 0.0878906 0.43457 0.0908203 0.435547 0.0986328
0 0.459961 0.119141 0.453125 0.115234 0.451172 0.110352 0.461914 0.104492 0.467773 0.109375 0.46875 0.114258
0 0.448242 0.0400391 0.460938 0.0361328 0.467773 0.0292969 0.46582 0.00683594 0.458008 0.00390625 0.448242 0.00585938 0.446289 0.0126953 0.450195 0.0214844 0.452148 0.0283203 0.446289 0.03125 0.445312 0.0361328
0 0.431641 0.1875 0.426758 0.1875 0.418945 0.183594 0.416992 0.176758 0.425781 0.166016 0.433594 0.15918 0.442383 0.15918 0.450195 0.162109 0.448242 0.170898 0.445312 0.179688 0.4375 0.18457
0 0.407227 0.240234 0.417969 0.238281 0.424805 0.233398 0.423828 0.229492 0.431641 0.230469 0.419922 0.220703 0.416016 0.222656 0.410156 0.22168 0.405273 0.227539 0.40332 0.234375
0 0.364258 0.208008 0.353516 0.209961 0.34668 0.207031 0.350586 0.202148 0.354492 0.193359 0.363281 0.192383 0.370117 0.198242
0 0.367188 0.353516 0.361328 0.351562 0.352539 0.347656 0.356445 0.344727 0.360352 0.344727 0.360352 0.34082 0.368164 0.339844 0.37207 0.344727 0.371094 0.349609
0 0.390625 0.401367 0.388672 0.397461 0.378906 0.397461 0.37207 0.395508 0.375 0.388672 0.381836 0.383789 0.397461 0.386719 0.404297 0.391602 0.402344 0.397461 0.396484 0.402344
0 0.423828 0.415039 0.416992 0.413086 0.414062 0.407227 0.420898 0.400391 0.431641 0.400391 0.432617 0.407227 0.432617 0.412109
0 0.446289 0.457031 0.441406 0.456055 0.43457 0.450195 0.4375 0.442383 0.449219 0.442383 0.457031 0.445312 0.457031 0.452148 0.454102 0.458008
0 0.472656 0.495117 0.462891 0.493164 0.458008 0.488281 0.460938 0.483398 0.470703 0.481445 0.478516 0.486328 0.478516 0.492188
0 0.46875 0.477539 0.461914 0.479492 0.459961 0.473633 0.462891 0.46875 0.469727 0.467773 0.475586 0.47168 0.472656 0.476562
0 0.357422 0.383789 0.350586 0.383789 0.347656 0.378906 0.348633 0.373047 0.356445 0.371094 0.363281 0.374023 0.363281 0.379883
0 0.364258 0.389648 0.362305 0.385742 0.365234 0.379883 0.370117 0.380859 0.373047 0.385742 0.37207 0.389648
0 0.240234 0.43457 0.235352 0.433594 0.235352 0.427734 0.238281 0.423828 0.246094 0.423828 0.248047 0.429688 0.244141 0.435547
0 0.400391 0.49707 0.398438 0.493164 0.392578 0.485352 0.394531 0.482422 0.40332 0.484375 0.408203 0.488281 0.415039 0.488281 0.413086 0.493164 0.40625 0.495117
0 0.359375 0.499023 0.351562 0.494141 0.350586 0.486328 0.354492 0.483398 0.364258 0.482422 0.369141 0.487305 0.37207 0.492188 0.367188 0.49707 0.367188 0.499023
0 0.398438 0.231445 0.387695 0.234375 0.380859 0.234375 0.378906 0.22168 0.378906 0.212891 0.384766 0.208984 0.395508 0.211914 0.401367 0.210938 0.407227 0.217773 0.40625 0.224609 0.402344 0.230469
