1 0.370501 0.696943 0.362377 0.697197 0.353898 0.699635 0.349938 0.703188 0.348161 0.710753 0.348567 0.714155 0.345064 0.71649 0.343287 0.718826 0.348313 0.724867 0.35664 0.731315 0.361361 0.735834 0.365018 0.735275 0.368825 0.732483 0.374309 0.731468 0.375831 0.736596 0.377304 0.738981 0.382776 0.737759 0.388688 0.736266 0.397284 0.735311 0.400747 0.732206 0.405643 0.728923 0.40827 0.722713 0.404628 0.716026 0.401225 0.709161 0.397941 0.70325 0.387374 0.700324 0.380687 0.700385 0.379911 0.703967 0.375373 0.702235
0 0.127394 0.709521 0.119797 0.712529 0.115752 0.715193 0.116541 0.721408 0.119155 0.72644 0.122017 0.730288 0.127689 0.731521 0.134053 0.730781 0.1379 0.729942 0.1379 0.720718 0.137407 0.715884 0.133313 0.715292 0.128923 0.712529
0 0.157911 0.7102 0.152155 0.709946 0.146653 0.709312 0.140855 0.712867 0.138782 0.716083 0.138528 0.719003 0.140179 0.722178 0.143141 0.723574 0.145808 0.724759 0.148737 0.725562 0.151454 0.720129 0.155352 0.7219 0.160253 0.719185 0.162143 0.715051 0.158009 0.712983
0 0.000541016 0.511923 0.00686621 0.511278 0.0104385 0.515144 0.01325 0.521234 0.0112002 0.526506 0.00651465 0.529961 0 0.529785
0 0.0236279 0.5036 0.0193994 0.50219 0.01525 0.50497 0.0147402 0.508259 0.014584 0.513622 0.0160322 0.517264 0.0189687 0.519573 0.0217881 0.518556 0.0254287 0.515658 0.0267207 0.512957 0.0257422 0.507476
0 0.0682842 0.531504 0.0638994 0.530023 0.0593496 0.534244 0.0577051 0.539616 0.0578154 0.544001 0.0589658 0.547838 0.0605557 0.551401 0.0634062 0.550415 0.0655986 0.549647 0.067627 0.549154 0.0696553 0.548058 0.0727793 0.548332 0.0753555 0.544878 0.0737666 0.53819 0.0680654 0.533531
0 0.0739854 0.518951 0.0710801 0.525528 0.0686133 0.530243 0.0691621 0.534464 0.0712998 0.536218 0.0734922 0.538794 0.0760137 0.538301 0.0784805 0.534792 0.0787539 0.533642 0.07996 0.527886 0.0769453 0.520485
0 0.0894453 0.528642 0.0833447 0.527777 0.0798867 0.52893 0.0769082 0.535943 0.0748428 0.538729 0.0752754 0.543389 0.076332 0.546126 0.0775811 0.547903 0.0789736 0.548672 0.0822402 0.545357 0.0852666 0.542091 0.0883887 0.540603 0.0897813 0.538921 0.0909346 0.536615
0 0.0523594 0.525141 0.0459346 0.52302 0.0408428 0.52405 0.0375088 0.530414 0.037085 0.535445 0.0373271 0.541143 0.0381758 0.544113 0.0399336 0.545446 0.0426006 0.547568 0.0473887 0.548478 0.0532686 0.548355 0.0566631 0.544779 0.0581777 0.535385 0.0561172 0.531081
1 0.154247 0.546398 0.147709 0.53715 0.142197 0.53192 0.135285 0.535376 0.135658 0.546585 0.139021 0.553124 0.142197 0.558729 0.144065 0.565268 0.146214 0.570499 0.14939 0.577038 0.155462 0.574796 0.161066 0.569191 0.162094 0.561625 0.161627 0.550509
0 0.183111 0.546716 0.177965 0.539949 0.170723 0.542809 0.164527 0.548432 0.160716 0.553959 0.161002 0.561773 0.163289 0.566253 0.167006 0.573114 0.169674 0.574258 0.17463 0.57626 0.17768 0.566157 0.177394 0.55453 0.181491 0.551957
0 0.198074 0.555197 0.187877 0.553102 0.181301 0.558629 0.180443 0.565014 0.181205 0.571208 0.183778 0.572257 0.188354 0.574163 0.191212 0.574163 0.198646 0.569874 0.200266 0.560249
1 0.255421 0.546392 0.244473 0.548316 0.233403 0.545309 0.222937 0.549279 0.225343 0.559866 0.229193 0.565521 0.231358 0.569371 0.234486 0.574905 0.240021 0.576108 0.251917 0.582001 0.254218 0.570814
0 0.295495 0.554448 0.289032 0.553946 0.282211 0.556172 0.28458 0.560911 0.286734 0.563497 0.289679 0.563209 0.291833 0.563712 0.294849 0.560337 0.296716 0.559045
1 0.328215 0.563277 0.321066 0.561994 0.316118 0.564133 0.309337 0.566394 0.300601 0.565538 0.295103 0.554175 0.293636 0.551242 0.30115 0.549593 0.312575 0.549104 0.32186 0.550204 0.327237 0.550692 0.329291 0.554268 0.329049 0.563062
0 0.283599 0.569351 0.280214 0.569147 0.27842 0.567527 0.279085 0.562751 0.281084 0.562405 0.28391 0.561979 0.285482 0.563098 0.286469 0.565764 0.285936 0.568536
0 0.339292 0.567625 0.333358 0.566239 0.331583 0.56403 0.330847 0.55905 0.332232 0.555454 0.336391 0.554285 0.336434 0.554415 0.339683 0.554675 0.342411 0.557014 0.343061 0.562168 0.341371 0.567235
0 0.348184 0.560737 0.343934 0.559303 0.341702 0.554734 0.341596 0.54905 0.344783 0.546713 0.349824 0.54747 0.357463 0.550293 0.361324 0.554528 0.360743 0.56005
1 0.375257 0.577659 0.37066 0.573243 0.365931 0.569195 0.363672 0.564465 0.363512 0.559827 0.360849 0.557289 0.360225 0.551756 0.362888 0.549135 0.363316 0.544937 0.368575 0.542956 0.373439 0.541407 0.381413 0.543935 0.390889 0.546635 0.396525 0.551737 0.40362 0.553902 0.404513 0.560279 0.399386 0.565517 0.39204 0.567882 0.39038 0.573617 0.38419 0.576032 0.377247 0.576938
0 0.420704 0.571189 0.416088 0.570938 0.412272 0.568972 0.411245 0.566153 0.411509 0.561926 0.412624 0.559666 0.415325 0.560928 0.417996 0.56404 0.420176 0.563975 0.423933 0.563079 0.426822 0.563339 0.428354 0.565217 0.426678 0.568251 0.423238 0.570853
0 0.419111 0.5643 0.41733 0.56318 0.415462 0.560336 0.415672 0.558034 0.417021 0.556971 0.419023 0.556097 0.42069 0.555572 0.42378 0.556449 0.425796 0.560078 0.425796 0.562848
0 0.438128 0.569443 0.437548 0.575115 0.433243 0.575653 0.428648 0.573707 0.426951 0.569733 0.428855 0.566422 0.431091 0.563938 0.433036 0.562199 0.436182 0.561454 0.438914 0.561537 0.440901 0.56253 0.443758 0.563979 0.450381 0.565884 0.452161 0.567953 0.448932 0.569568 0.448643 0.573666 0.447855 0.57586 0.445662 0.576398 0.444461 0.574328 0.439949 0.573128
0 0.43131 0.633001 0.428532 0.630549 0.427054 0.62788 0.426693 0.622795 0.428425 0.618828 0.430083 0.616448 0.435493 0.616772 0.438197 0.61753 0.441516 0.621209 0.44303 0.624635 0.441552 0.630044 0.437765 0.632677
0 0.460991 0.632821 0.457253 0.63024 0.45445 0.625568 0.454005 0.62152 0.457075 0.619071 0.460057 0.618894 0.462326 0.620317 0.464862 0.621386 0.467176 0.623655 0.468422 0.626726 0.467221 0.629262
0 0.494352 0.631983 0.485107 0.6306 0.477901 0.622666 0.472879 0.614077 0.475427 0.606726 0.481541 0.604251 0.487219 0.601558 0.493114 0.601558 0.497409 0.602867 0.501267 0.606871 0.503741 0.616552 0.502358 0.624049 0.497117 0.629727
0 0.529388 0.658543 0.523775 0.656704 0.519904 0.652543 0.521356 0.647898 0.524791 0.645141 0.529049 0.645237 0.532436 0.645722 0.534564 0.648334 0.535532 0.65206 0.534807 0.657672
0 0.458577 0.600719 0.453423 0.598645 0.448331 0.591479 0.445691 0.585822 0.447263 0.579033 0.451223 0.574383 0.457508 0.57784 0.462977 0.584063 0.465239 0.593113 0.463605 0.600342
0 0.476428 0.604867 0.468885 0.604805 0.46392 0.599839 0.463291 0.591604 0.464736 0.587205 0.468696 0.585947 0.473097 0.586199 0.476428 0.588713 0.478816 0.591604 0.479319 0.599524
0 0.477895 0.590923 0.472372 0.587884 0.470144 0.584438 0.469434 0.579828 0.471815 0.575066 0.474854 0.572735 0.477489 0.574205 0.481998 0.580689 0.481796 0.587175 0.480377 0.59067
0 0.457773 0.556943 0.454146 0.554573 0.452694 0.550655 0.452694 0.547173 0.456226 0.544609 0.460289 0.54398 0.462417 0.546254 0.464642 0.548721 0.463819 0.553461 0.459563 0.556604
0 0.450663 0.556847 0.445971 0.555105 0.443263 0.551478 0.444278 0.54727 0.446503 0.545818 0.449212 0.545335 0.451437 0.545432 0.453759 0.546737 0.454871 0.552396 0.453323 0.555782
0 0.469991 0.562557 0.466645 0.561176 0.463799 0.557493 0.462335 0.551971 0.462335 0.546824 0.464302 0.543436 0.468108 0.540799 0.470619 0.542599 0.472628 0.545736 0.473506 0.550757 0.473548 0.55741
0 0.478276 0.557201 0.474176 0.55561 0.471582 0.553184 0.471623 0.547786 0.471749 0.54264 0.475348 0.542013 0.477648 0.543226 0.481958 0.54787 0.48472 0.552264 0.480786 0.557075
0 0.524299 0.55843 0.520534 0.556069 0.517893 0.550112 0.518454 0.545392 0.520871 0.543088 0.523793 0.541401 0.527334 0.542245 0.530986 0.543706 0.532055 0.545392 0.5302 0.55073
0 0.543542 0.549666 0.537616 0.546921 0.532508 0.538159 0.535969 0.535058 0.541049 0.533035 0.543926 0.53254 0.546354 0.534068 0.549096 0.538969 0.548062 0.545712 0.545544 0.543688
0 0.578205 0.540611 0.575598 0.539285 0.572592 0.536059 0.570691 0.530269 0.574669 0.528633 0.579531 0.529075 0.583067 0.534158 0.585101 0.539462 0.581918 0.541539
0 0.577521 0.528796 0.572747 0.528927 0.569708 0.52541 0.56923 0.520245 0.570446 0.51725 0.575438 0.516034 0.578911 0.517771 0.582514 0.52337 0.581125 0.529057
0 0.589125 0.536466 0.583067 0.534107 0.58119 0.529281 0.583389 0.523866 0.58682 0.520436 0.590091 0.516146 0.594862 0.51561 0.597918 0.521668 0.595077 0.529711 0.591163 0.536627
0 0.608373 0.538173 0.60205 0.538322 0.59929 0.536292 0.598524 0.532689 0.60044 0.531425 0.601206 0.52767 0.604809 0.525716 0.608372 0.524337 0.611974 0.525371 0.61389 0.526022 0.615308 0.528398 0.614924 0.533341 0.613314 0.537058 0.609828 0.53836
0 0.619779 0.538236 0.616451 0.537785 0.614371 0.535077 0.614214 0.5308 0.614842 0.527111 0.616647 0.524679 0.620179 0.525346 0.622376 0.526209 0.623122 0.528132 0.622337 0.533272
0 0.60833 0.576336 0.605153 0.574604 0.601452 0.57161 0.600418 0.566004 0.602541 0.563881 0.606297 0.56252 0.610542 0.56203 0.613427 0.562411 0.61555 0.56301 0.613318 0.568453 0.61076 0.575475
0 0.646657 0.538642 0.639603 0.536502 0.637146 0.530795 0.638176 0.524533 0.644041 0.521838 0.649669 0.52271 0.65284 0.526436 0.651571 0.5346 0.650303 0.538404
0 0.670009 0.542448 0.665249 0.540743 0.661909 0.534846 0.662904 0.530156 0.667948 0.528381 0.671643 0.529304 0.675195 0.532359 0.676119 0.538256 0.672566 0.542804
0 0.6364 0.515416 0.631537 0.513137 0.628291 0.509031 0.627479 0.503829 0.628863 0.499963 0.632921 0.495142 0.638314 0.496812 0.644233 0.498436 0.646429 0.502396 0.645379 0.506788 0.641465 0.511943
0 0.658822 0.51338 0.655823 0.510762 0.650968 0.507715 0.649064 0.503668 0.650206 0.499051 0.65392 0.495242 0.658585 0.493101 0.661822 0.491006 0.665678 0.49291 0.667963 0.496623 0.667582 0.50224 0.66306 0.508429 0.660536 0.513522
0 0.685888 0.512444 0.679201 0.511717 0.674062 0.510716 0.673926 0.505531 0.673834 0.501165 0.67579 0.498481 0.680839 0.497663 0.685979 0.497845 0.689571 0.498572 0.691255 0.500847 0.690709 0.507169 0.68948 0.512672
0 0.697376 0.511356 0.693951 0.510592 0.692385 0.508078 0.691838 0.503961 0.69264 0.500937 0.695153 0.500354 0.698287 0.501265 0.699999 0.503888 0.70051 0.507276 0.698433 0.51143
0 0.669199 0.586008 0.665762 0.585391 0.661284 0.583897 0.65768 0.580985 0.656041 0.577963 0.657061 0.574905 0.658007 0.572685 0.660229 0.570864 0.663396 0.56999 0.665507 0.570026 0.667474 0.570646 0.667946 0.572575 0.673152 0.573194 0.674245 0.57709 0.673881 0.581495 0.671441 0.585245
1 0.498175 0.596294 0.492019 0.590495 0.48613 0.587729 0.482114 0.580591 0.481758 0.573452 0.484256 0.565779 0.478188 0.566403 0.478367 0.559266 0.485059 0.552217 0.483632 0.545524 0.493033 0.544538 0.502499 0.541986 0.507356 0.541986 0.512048 0.539682 0.518716 0.551618 0.526241 0.560614 0.535125 0.565732 0.540123 0.565891 0.543936 0.555049 0.547749 0.553554 0.560311 0.551609 0.565292 0.556965 0.571421 0.562749 0.576907 0.565493 0.57567 0.572432 0.574756 0.577327 0.568623 0.577812 0.568516 0.58233 0.564912 0.585719 0.558457 0.584805 0.557166 0.580124 0.553723 0.581039 0.549742 0.579963 0.551356 0.572217 0.548773 0.570979 0.547375 0.574423 0.548612 0.581631 0.546622 0.587387 0.54535 0.599171 0.53958 0.602683 0.542925 0.611128 0.537406 0.616313 0.533727 0.621998 0.528376 0.625594 0.517756 0.625761 0.507053 0.620995 0.500364 0.606947 0.501341 0.598056 0.502028 0.597564 0.504582 0.590395 0.510475 0.575466 0.509002 0.561225 0.506939 0.55376 0.504715 0.55279 0.502057 0.556951 0.503964 0.563194 0.505004 0.570881 0.504021 0.583135 0.501536 0.592845
1 0.571778 0.643296 0.564964 0.641388 0.558081 0.635936 0.553106 0.628576 0.553243 0.621013 0.55706 0.616106 0.563601 0.614335 0.570143 0.616447 0.576003 0.618969 0.580364 0.624283 0.578865 0.634028 0.575526 0.642546
0 0.588146 0.609768 0.583575 0.608032 0.580046 0.604562 0.58074 0.600396 0.583286 0.59843 0.586583 0.598024 0.589187 0.599702 0.590807 0.603693 0.591153 0.608843
0 0.591611 0.597643 0.589695 0.596398 0.586495 0.593798 0.585862 0.590998 0.582729 0.588965 0.581195 0.585932 0.581762 0.582397 0.584862 0.580631 0.587529 0.580131 0.589762 0.581231 0.592329 0.582397 0.594296 0.584998 0.596063 0.588364 0.596296 0.592298 0.592362 0.596265
1 0.595557 0.631917 0.588664 0.637202 0.582077 0.634828 0.578937 0.627093 0.580315 0.616983 0.584068 0.613001 0.593105 0.613613 0.598391 0.616906 0.603828 0.61752 0.607657 0.613613 0.614396 0.614686 0.619758 0.615375 0.625961 0.611929 0.625195 0.606261 0.624654 0.596581 0.626427 0.59551 0.631892 0.601049 0.633625 0.592463 0.635525 0.587101 0.638005 0.585148 0.635887 0.581383 0.634866 0.573144 0.635259 0.566788 0.638162 0.56153 0.642085 0.557999 0.646872 0.557921 0.651815 0.559647 0.654797 0.563806 0.654695 0.5712 0.651839 0.576731 0.646916 0.583416 0.643513 0.585239 0.645031 0.587016 0.648834 0.585864 0.651186 0.591218 0.651896 0.602187 0.652975 0.605488 0.658838 0.608926 0.660187 0.616406 0.658581 0.625334 0.65247 0.629121 0.640938 0.630326 0.638011 0.636006 0.627511 0.64031 0.615416 0.640692 0.609848 0.637993 0.601736 0.634858 0.600782 0.62995
1 0.632049 0.554307 0.625793 0.555559 0.621705 0.55072 0.620037 0.542795 0.622039 0.535621 0.624374 0.528114 0.627628 0.523609 0.631382 0.523776 0.636971 0.527697 0.63914 0.535705 0.638389 0.544047 0.634552 0.553807
1 0.559433 0.545836 0.553713 0.545668 0.549844 0.544279 0.546983 0.53713 0.548767 0.534202 0.550116 0.530586 0.554001 0.526431 0.559021 0.522978 0.566197 0.521682 0.570461 0.522384 0.571594 0.531072 0.570568 0.539113 0.566629 0.54397
0 0.763315 0.618796 0.758481 0.619217 0.752124 0.617745 0.749444 0.613437 0.751283 0.606922 0.754278 0.601142 0.757956 0.599618 0.762159 0.600827 0.766888 0.608865 0.768727 0.614698
0 0.780654 0.617062 0.772825 0.616484 0.769992 0.615 0.769467 0.614178 0.766659 0.608895 0.764214 0.604428 0.762161 0.601469 0.763852 0.599024 0.766659 0.596972 0.768621 0.595764 0.771398 0.595824 0.779853 0.597751 0.784303 0.605539 0.786156 0.610035 0.782355 0.615459
0 0.807153 0.549648 0.802825 0.547995 0.801074 0.542598 0.801609 0.538124 0.80443 0.534379 0.807444 0.531996 0.811578 0.532921 0.813718 0.538026 0.812356 0.543618 0.81007 0.547605
0 0.815551 0.559261 0.813231 0.558101 0.811191 0.554061 0.811351 0.550661 0.813431 0.548101 0.815151 0.548621 0.816831 0.549501 0.818591 0.553501 0.818711 0.557021
0 0.826724 0.541487 0.824672 0.539576 0.822537 0.537657 0.823206 0.534466 0.823399 0.532072 0.824499 0.529484 0.825082 0.527846 0.827195 0.527975 0.828575 0.528967 0.830084 0.529873 0.831529 0.532094 0.832176 0.534034 0.832111 0.535803 0.831185 0.537873 0.82948 0.53936
0 0.832569 0.579688 0.828792 0.578188 0.825854 0.575627 0.823442 0.571596 0.824309 0.567904 0.825815 0.564814 0.826908 0.563082 0.829357 0.562103 0.832031 0.563232 0.836326 0.566096 0.837569 0.570127 0.838285 0.575212 0.836553 0.577812
0 0.820912 0.580928 0.816127 0.582043 0.810229 0.580863 0.808388 0.578457 0.810087 0.576098 0.813768 0.573927 0.816221 0.572841 0.821931 0.577607
0 0.845614 0.575187 0.841615 0.573417 0.83653 0.568104 0.837044 0.564047 0.840244 0.562218 0.843329 0.561019 0.846243 0.560161 0.848528 0.560847 0.850757 0.561761 0.8511 0.565475 0.850871 0.570217
0 0.86891 0.461535 0.863873 0.460104 0.862754 0.453948 0.8635 0.448724 0.866796 0.446299 0.869719 0.44748 0.872642 0.449035 0.872269 0.454943 0.873513 0.459482
1 0.874766 0.574193 0.865231 0.576853 0.858227 0.571794 0.851547 0.568616 0.850055 0.565113 0.856865 0.563038 0.85907 0.560897 0.861405 0.558174 0.863351 0.554022 0.869317 0.543516 0.873729 0.54358 0.872532 0.541038 0.87315 0.534911 0.876291 0.533624 0.880925 0.533933 0.885971 0.535271 0.887155 0.544179 0.888082 0.557617 0.885456 0.570644 0.88058 0.573757
1 0.904437 0.518909 0.898476 0.518227 0.894805 0.51383 0.893211 0.507889 0.893742 0.502334 0.89466 0.49847 0.89181 0.501078 0.886014 0.50045 0.883791 0.494604 0.88227 0.489685 0.8835 0.484353 0.889769 0.484646 0.89264 0.486521 0.896976 0.48447 0.90342 0.48447 0.905939 0.488278 0.906408 0.497594 0.907737 0.507138 0.911677 0.51163 0.908359 0.516468 0.90829 0.519164
1 0.941526 0.517532 0.930156 0.513505 0.924786 0.50932 0.916812 0.508926 0.910415 0.506478 0.907572 0.499134 0.906389 0.491396 0.910021 0.487526 0.914758 0.485158 0.917364 0.482315 0.92076 0.47813 0.924865 0.477973 0.92755 0.485947 0.93292 0.489105 0.939236 0.490211 0.943026 0.489105 0.944685 0.483815 0.946501 0.477183 0.954003 0.477104 0.957872 0.482078 0.957591 0.491125 0.95936 0.494495 0.96374 0.490114 0.969722 0.48944 0.978146 0.49559 0.980252 0.504688 0.974271 0.511006 0.967953 0.519178
1 0.998829 0.517417 0.993056 0.507162 0.989178 0.496132 0.990126 0.485618 0.984833 0.483074 0.980801 0.476245 0.97924 0.469807 0.982297 0.464538 0.988476 0.460571 0.993224 0.457774 0.99745 0.456474 1 0.457515 1 0.518303
0 0.892478 0.459039 0.888963 0.459742 0.88585 0.458889 0.884896 0.454069 0.886604 0.449751 0.890771 0.448095 0.894284 0.448145 0.897397 0.450253 0.899305 0.454169 0.896744 0.457634
0 0.894248 0.466762 0.892096 0.466712 0.891057 0.46456 0.891229 0.462383 0.892887 0.460997 0.894371 0.460898 0.895237 0.461541 0.895856 0.463273 0.895361 0.465079
0 0.906994 0.467557 0.902814 0.467557 0.899787 0.465467 0.898166 0.46197 0.899616 0.459069 0.901919 0.457108 0.904222 0.457193 0.906524 0.458856 0.90789 0.461714 0.907762 0.465637
0 0.915779 0.458729 0.912495 0.458004 0.910235 0.453611 0.909638 0.449262 0.912111 0.447172 0.914329 0.447939 0.918508 0.446361 0.921493 0.448408 0.919105 0.455957
0 0.727103 0.729257 0.722774 0.730699 0.716209 0.72667 0.71198 0.721944 0.710389 0.71518 0.713672 0.709658 0.717552 0.707668 0.720984 0.706375 0.725461 0.70737 0.72959 0.709409 0.732077 0.711051 0.733769 0.719606 0.732375 0.727416
0 0.00515527 0.444099 0.000825195 0.444305 0 0.438325 0 0.43183 0.00350488 0.430438 0.00866016 0.43317 0.012165 0.436882 0.00840234 0.44281
1 0.0341016 0.468604 0.0310088 0.475153 0.02546 0.471423 0.0230039 0.462235 0.0252773 0.455958 0.0298262 0.449954 0.0371943 0.44859 0.0466553 0.45523 0.0491113 0.464419 0.04429 0.470604 0.0407422 0.475244
0 0.0789014 0.464268 0.0745898 0.46573 0.0708369 0.46567 0.0680449 0.463845 0.0676357 0.45867 0.0682686 0.454724 0.0719912 0.451969 0.0751191 0.451559 0.0792139 0.451932 0.0824531 0.45275 0.0845752 0.454537 0.0858408 0.459824 0.0833096 0.462616
0 0.0914971 0.476885 0.0851895 0.476079 0.0837803 0.468832 0.085458 0.463061 0.0904912 0.461584 0.0947188 0.46816 0.0956582 0.475072
0 0.104113 0.47514 0.0979395 0.472321 0.0961953 0.471113 0.0922354 0.463194 0.0955908 0.459772 0.103241 0.460712 0.107604 0.466147 0.107134 0.472724
0 0.100644 0.461189 0.096123 0.460003 0.0933545 0.455991 0.0951621 0.452714 0.100135 0.450284 0.103469 0.455482 0.102113 0.459495
1 0.119287 0.472479 0.119726 0.47986 0.111905 0.479772 0.107248 0.474061 0.104612 0.464834 0.108654 0.45842 0.114366 0.454642 0.120429 0.454817 0.121396 0.462813 0.125877 0.467207 0.127547 0.464131 0.131853 0.461583 0.135543 0.466064 0.139849 0.463341 0.148021 0.461671 0.152516 0.458895 0.154855 0.465046 0.157628 0.470851 0.159014 0.477608 0.152343 0.480034 0.146191 0.486099 0.14108 0.486965 0.137441 0.478908
0 0.102194 0.427691 0.0966162 0.428182 0.0942256 0.423646 0.0937969 0.418436 0.0967998 0.415064 0.101581 0.415249 0.10391 0.416903 0.106239 0.423094
0 0.114882 0.419846 0.108937 0.415371 0.104217 0.412675 0.101274 0.407465 0.104094 0.403112 0.106546 0.402561 0.110224 0.404216 0.114637 0.406238 0.117578 0.410284 0.118375 0.417762
0 0.0874521 0.400187 0.0844141 0.398669 0.0818838 0.394703 0.0816729 0.389979 0.0836973 0.388755 0.0864395 0.388291 0.0894766 0.388502 0.0905312 0.390147 0.0920078 0.392426 0.0895664 0.397581
0 0.0429346 0.376282 0.0393135 0.373807 0.0363574 0.370518 0.0375029 0.367192 0.0395723 0.365123 0.0428613 0.363904 0.0452998 0.364754 0.0471836 0.36649 0.0488467 0.36904 0.0488096 0.371774 0.046002 0.375174
0 0.069374 0.35563 0.0632178 0.353525 0.0591133 0.34879 0.0597451 0.343528 0.0622705 0.340108 0.0648486 0.33774 0.0679531 0.337319 0.0736357 0.337951 0.0764238 0.34095 0.0783184 0.34537 0.0762139 0.351104
0 0.0501875 0.277482 0.0452969 0.279954 0.0424043 0.27559 0.042667 0.269121 0.0434561 0.265124 0.0479258 0.262968 0.0509238 0.26402 0.0537109 0.266018 0.056498 0.269331 0.0539209 0.274801
0 0.0623271 0.282926 0.0579023 0.283202 0.054791 0.279987 0.0536504 0.275942 0.0549287 0.272417 0.0585244 0.271172 0.0615322 0.271103 0.0650576 0.271656 0.0684111 0.272763 0.0699668 0.275147 0.0696563 0.278847 0.0648164 0.283582
0 0.0838359 0.235316 0.0756182 0.239286 0.068375 0.235247 0.0639873 0.229536 0.0661465 0.225009 0.0731807 0.219716 0.0809805 0.215955 0.08704 0.21303 0.0924717 0.213448 0.0924717 0.223129
0 0.0790303 0.219159 0.0696289 0.223546 0.0638477 0.217348 0.058833 0.21094 0.0609922 0.206274 0.0673994 0.202723 0.0717178 0.203001 0.0773594 0.2053 0.0814678 0.208085 0.0857168 0.214145
0 0.00369727 0.211695 0.000114258 0.207687 0 0.195573 0.00420898 0.191991 0.00804785 0.199839 0.00642676 0.208966
0 0.0123311 0.195504 0.00849023 0.194681 0.0070791 0.190879 0.00758887 0.187704 0.0111943 0.186606 0.0131934 0.186842 0.0156631 0.188331 0.0162119 0.190173 0.015585 0.1937
0 0.00386426 0.163965 4.6875e-05 0.163828 9.76563e-07 0.160191 0.000319336 0.151783 0.00327344 0.149237 0.00691016 0.152828 0.00900098 0.156828 0.00718262 0.160556
0 0.0240361 0.207396 0.0181533 0.209815 0.0135029 0.207063 0.0124121 0.201702 0.0134561 0.197385 0.0186748 0.194822 0.0237041 0.19449 0.0275 0.196388 0.0284492 0.201228 0.0262666 0.206589
0 0.0244639 0.196293 0.0200986 0.194728 0.0181533 0.191976 0.0203828 0.189366 0.0241787 0.186852 0.0271201 0.188986 0.0277852 0.192925
1 0.0399033 0.203974 0.0316943 0.202975 0.0282695 0.196952 0.0282695 0.189217 0.0298643 0.18532 0.0341152 0.18225 0.0332891 0.177821 0.0347646 0.170972 0.0414375 0.172152 0.0445078 0.175695 0.0466924 0.179829 0.043209 0.181836 0.0391348 0.178294 0.0397246 0.18225 0.0416738 0.188213 0.0427949 0.198251
1 0.145454 0.25412 0.138072 0.257556 0.131392 0.264428 0.123947 0.260674 0.119111 0.253675 0.118475 0.244957 0.120766 0.238722 0.124266 0.235668 0.130564 0.235858 0.136991 0.236622 0.142526 0.246421
0 0.142177 0.228811 0.137221 0.228466 0.134419 0.226181 0.135194 0.219112 0.137178 0.217561 0.140453 0.219026 0.143643 0.221871 0.145798 0.224932 0.143643 0.228423
0 0.0958047 0.293575 0.092123 0.297301 0.0878652 0.294729 0.0860469 0.291312 0.0861357 0.287765 0.0880869 0.285458 0.0899502 0.284172 0.0932324 0.28364 0.0967363 0.283374 0.0991758 0.285192 0.0972236 0.290293
0 0.0989541 0.302579 0.094873 0.305107 0.0925664 0.303377 0.0925664 0.294019 0.0954941 0.290559 0.0970908 0.288164 0.0993086 0.287144 0.101926 0.291225 0.101198 0.301116
1 0.180081 0.330902 0.161395 0.325313 0.144784 0.319403 0.124021 0.312854 0.107571 0.311258 0.100863 0.296884 0.100544 0.285544 0.114438 0.284267 0.126098 0.290335 0.133022 0.294932 0.137151 0.294773 0.141758 0.289929 0.14811 0.285402 0.157401 0.285085 0.165263 0.287785 0.170036 0.289175 0.177017 0.288264 0.18258 0.29403 0.19128 0.293828 0.201628 0.292728 0.20658 0.30522 0.212433 0.307134 0.220536 0.303982 0.233029 0.301956 0.236968 0.308709 0.239295 0.312069 0.236053 0.321171 0.227451 0.326781 0.221716 0.334511 0.205259 0.329523 0.197529 0.323165
0 0.116696 0.384885 0.11183 0.38159 0.110816 0.377586 0.112084 0.374443 0.117102 0.374342 0.120649 0.377637 0.121613 0.381995
0 0.132887 0.432691 0.129902 0.430463 0.128629 0.426444 0.129346 0.422942 0.131574 0.420675 0.134797 0.421152 0.137064 0.42342 0.137423 0.425489 0.135672 0.4309
0 0.184559 0.430122 0.180614 0.427855 0.175627 0.423684 0.174913 0.418344 0.177594 0.415568 0.181639 0.415851 0.187188 0.416321 0.190622 0.419942 0.190104 0.42427 0.186342 0.425257
0 0.176943 0.443109 0.171506 0.44135 0.16836 0.438738 0.16964 0.433141 0.172945 0.428822 0.17721 0.429515 0.181582 0.431062 0.183928 0.43346 0.180941 0.438631
0 0.158613 0.453528 0.153297 0.452513 0.148219 0.449167 0.146964 0.445403 0.152281 0.443133 0.155089 0.442416 0.158494 0.44164 0.161899 0.442774 0.162706 0.448272 0.16411 0.449645
0 0.145501 0.461438 0.140421 0.460956 0.137454 0.458472 0.135971 0.45443 0.136786 0.451426 0.139419 0.450832 0.142497 0.451018 0.144833 0.454504 0.147614 0.455728 0.150544 0.458546 0.148505 0.461142
0 0.150218 0.413719 0.142835 0.415182 0.137048 0.412122 0.137181 0.404673 0.140573 0.399019 0.145429 0.397821 0.150018 0.399418 0.155938 0.400482 0.157933 0.405736 0.151747 0.409794
0 0.161104 0.429804 0.154695 0.428817 0.152229 0.421669 0.152415 0.415567 0.155928 0.412239 0.161351 0.411192 0.165665 0.410638 0.169855 0.412239 0.174539 0.414212 0.175648 0.416184 0.174724 0.421422
0 0.205325 0.499916 0.199358 0.500694 0.195856 0.495571 0.195468 0.488048 0.200201 0.484546 0.204806 0.485778 0.209151 0.493042 0.208567 0.497581
0 0.260803 0.480992 0.256047 0.479674 0.250162 0.475767 0.247242 0.470869 0.248137 0.465831 0.251245 0.464983 0.255812 0.467385 0.26165 0.470728 0.264993 0.475719 0.26311 0.479957
0 0.307817 0.498382 0.303616 0.49813 0.297902 0.494517 0.296895 0.487963 0.3016 0.485106 0.307817 0.484938 0.310338 0.488635 0.311598 0.494265
0 0.276568 0.466764 0.271172 0.465752 0.267559 0.463392 0.267366 0.458911 0.268812 0.455827 0.27334 0.454671 0.277146 0.454285 0.280182 0.456357 0.282013 0.45814 0.280712 0.464065
0 0.267182 0.456148 0.262047 0.456279 0.260001 0.451841 0.260523 0.447533 0.263439 0.444922 0.266877 0.443529 0.269792 0.44292 0.271533 0.444922 0.27249 0.449056 0.272621 0.453494
0 0.253473 0.459625 0.248221 0.458428 0.2466 0.455141 0.246292 0.450494 0.248221 0.446374 0.251465 0.446637 0.25427 0.448478 0.255717 0.451546 0.256769 0.457858
0 0.241981 0.471151 0.23876 0.469047 0.236787 0.464247 0.237807 0.461585 0.240469 0.460993 0.243001 0.460763 0.245269 0.461354 0.246321 0.462965 0.245894 0.466022 0.244513 0.469179
0 0.226561 0.468034 0.221983 0.468279 0.218305 0.466317 0.218754 0.461331 0.219449 0.458307 0.223005 0.456754 0.226233 0.456999 0.228809 0.458144 0.230198 0.461331 0.23028 0.465051
0 0.217271 0.477087 0.214368 0.476715 0.211554 0.475295 0.211142 0.472274 0.212793 0.470727 0.214755 0.470287 0.21855 0.47212 0.221156 0.475966 0.219686 0.477773
0 0.225732 0.476185 0.22303 0.475777 0.220807 0.473913 0.220975 0.472167 0.222887 0.470709 0.224369 0.470565 0.225995 0.470996 0.227478 0.472646 0.228721 0.473841 0.2281 0.476017
0 0.179629 0.455655 0.176725 0.454163 0.175036 0.450866 0.175232 0.447805 0.177705 0.44651 0.180021 0.446824 0.182102 0.449493 0.182022 0.454281
0 0.188616 0.464211 0.184849 0.463858 0.182102 0.459345 0.183082 0.455498 0.184849 0.453653 0.188185 0.453418 0.190422 0.455694 0.192502 0.457304 0.1916 0.462131
0 0.179914 0.470783 0.175682 0.470023 0.172807 0.466877 0.172807 0.462536 0.175695 0.461597 0.179159 0.461687 0.182354 0.467624 0.182713 0.469918
0 0.177633 0.481453 0.17508 0.481058 0.173799 0.476709 0.173226 0.471215 0.175282 0.470405 0.178519 0.47172 0.180811 0.476103
0 0.188252 0.480922 0.185449 0.480133 0.183279 0.476359 0.181582 0.472586 0.183154 0.469788 0.18699 0.47092 0.189254 0.473372 0.189537 0.479063
0 0.197678 0.478439 0.193982 0.477961 0.191549 0.47444 0.193113 0.47318 0.196591 0.472093 0.200372 0.471962 0.20298 0.472701 0.20385 0.474788 0.201329 0.478092
0 0.1952 0.473614 0.190201 0.471614 0.187332 0.468312 0.188288 0.466442 0.191592 0.465269 0.194766 0.466616 0.197112 0.468572 0.197417 0.471658
0 0.198765 0.469832 0.196243 0.467702 0.192026 0.465833 0.19281 0.462573 0.194982 0.461965 0.198373 0.462313 0.199677 0.462704 0.201155 0.464529 0.200111 0.468659
0 0.23521 0.499131 0.229852 0.494576 0.226904 0.490089 0.229048 0.48694 0.233937 0.486271 0.238291 0.488146 0.239563 0.48915 0.237688 0.496987
1 0.281041 0.508079 0.276242 0.517574 0.26685 0.520433 0.259295 0.517778 0.253169 0.505526 0.254904 0.495419 0.262357 0.489294 0.273792 0.487149 0.280225 0.492765 0.287371 0.487354 0.295028 0.49205 0.303502 0.500218 0.300031 0.511652 0.293088 0.512979
0 0.336035 0.501238 0.328451 0.499083 0.320149 0.495171 0.317993 0.488864 0.321586 0.485192 0.327653 0.486789 0.333641 0.488784 0.336275 0.493016
0 0.325513 0.526972 0.323124 0.525777 0.320381 0.52277 0.319541 0.519186 0.321575 0.516886 0.324495 0.516311 0.327415 0.517195 0.32883 0.520292 0.326397 0.525379
0 0.331484 0.51985 0.327592 0.517328 0.32361 0.514055 0.322946 0.509587 0.324981 0.50503 0.328653 0.50273 0.331705 0.501271 0.335023 0.503703 0.338208 0.505959 0.337766 0.511489 0.335775 0.516399
0 0.360663 0.510729 0.352916 0.508171 0.345606 0.499182 0.343926 0.492165 0.344511 0.485294 0.349261 0.479447 0.353793 0.476743 0.359128 0.480032 0.36958 0.480471 0.369215 0.492749 0.365633 0.508902
0 0.367317 0.479419 0.362335 0.476504 0.358939 0.47427 0.358175 0.471195 0.358426 0.466461 0.360111 0.464631 0.364093 0.465133 0.36915 0.467716 0.373312 0.470585 0.37159 0.477011 0.36888 0.479216
0 0.377071 0.490733 0.37253 0.488329 0.369539 0.482934 0.369379 0.477592 0.371355 0.473426 0.374293 0.471556 0.379261 0.474227 0.381291 0.482453 0.378888 0.488115
0 0.400959 0.488343 0.403298 0.498394 0.399631 0.500796 0.394638 0.505157 0.388063 0.505726 0.383575 0.499278 0.382817 0.493146 0.385535 0.490113 0.393373 0.487205
0 0.414009 0.503478 0.40811 0.500354 0.402905 0.495992 0.401518 0.489399 0.402607 0.486426 0.407862 0.484591 0.410886 0.485483 0.416934 0.486426 0.419264 0.487565 0.41852 0.495894 0.416289 0.502188
0 0.415844 0.487239 0.405457 0.486483 0.399816 0.482906 0.398234 0.477678 0.402224 0.471969 0.409309 0.471006 0.415225 0.473826 0.418939 0.479811 0.420728 0.485107
0 0.420865 0.48325 0.416119 0.478848 0.412061 0.472656 0.415431 0.469079 0.420246 0.464539 0.426644 0.468048 0.431046 0.473069 0.427813 0.478916 0.422929 0.481461
0 0.449585 0.489479 0.443092 0.489808 0.437831 0.484054 0.436351 0.476327 0.439228 0.472874 0.447448 0.470244 0.452873 0.47156 0.457723 0.473532 0.461504 0.47723 0.456572 0.48652
0 0.45649 0.50559 0.446708 0.502713 0.442022 0.497205 0.441118 0.489726 0.445064 0.489067 0.452462 0.486108 0.456325 0.481012 0.46323 0.482984 0.463885 0.496165 0.463641 0.503041
0 0.481209 0.493942 0.473525 0.498903 0.467494 0.489371 0.466619 0.480714 0.470023 0.472154 0.482182 0.473711 0.483544 0.483827
0 0.488699 0.491705 0.481987 0.481687 0.480334 0.474392 0.484321 0.467486 0.49259 0.467583 0.495994 0.480033 0.496285 0.486355
0 0.511464 0.484643 0.503471 0.482369 0.500903 0.476576 0.501931 0.468582 0.508311 0.465942 0.515497 0.467409 0.520265 0.471442 0.520851 0.482369
0 0.511394 0.466695 0.506499 0.464271 0.504027 0.460137 0.503694 0.455479 0.505311 0.453911 0.509445 0.453388 0.513104 0.453863 0.515291 0.455432 0.516385 0.460279 0.514911 0.465222
0 0.498106 0.499705 0.493957 0.498797 0.492715 0.495616 0.493352 0.492255 0.49635 0.491043 0.499045 0.491831 0.501226 0.494072 0.502831 0.497131 0.499953 0.498979
0 0.504764 0.437244 0.50075 0.435114 0.496777 0.430445 0.495835 0.425612 0.496654 0.422745 0.500586 0.420943 0.503739 0.420165 0.507876 0.420697 0.51062 0.422295 0.512218 0.426514 0.512545 0.42893
0 0.525194 0.448838 0.520659 0.44782 0.518541 0.444728 0.519134 0.441549 0.521592 0.438879 0.524982 0.437523 0.528245 0.438582 0.530618 0.442735 0.530025 0.445278
1 0.532225 0.473514 0.528185 0.47302 0.522924 0.467886 0.518487 0.462879 0.51836 0.453117 0.52324 0.449251 0.529959 0.448617 0.534586 0.447096 0.54048 0.450519 0.542826 0.462498 0.540164 0.470991 0.534016 0.47283
1 0.57042 0.441454 0.564194 0.441079 0.557272 0.443923 0.552496 0.447732 0.554804 0.454172 0.555502 0.458036 0.558453 0.457875 0.562854 0.453582 0.56457 0.452724 0.56559 0.457284 0.569614 0.459056 0.572029 0.461363 0.576805 0.460665 0.579381 0.455943 0.580508 0.451864 0.579811 0.447196 0.583138 0.442152 0.585713 0.437698 0.584693 0.432439 0.580132 0.428308 0.575625 0.428897 0.572298 0.431259 0.572888 0.439737
0 0.596929 0.444487 0.590592 0.447361 0.587275 0.442424 0.585434 0.435056 0.586687 0.429161 0.595013 0.428646 0.600171 0.430413 0.600981 0.439771 0.600465 0.444045
0 0.611297 0.43874 0.604887 0.43815 0.601865 0.43314 0.604739 0.427024 0.609455 0.42393 0.61535 0.42393 0.617929 0.431445 0.616381 0.436456
0 0.61548 0.456457 0.612168 0.454397 0.611004 0.450593 0.612347 0.447369 0.616331 0.446877 0.61924 0.448488 0.619509 0.452606 0.617137 0.45592
0 0.625104 0.443251 0.621121 0.441908 0.619285 0.439401 0.620941 0.43667 0.623091 0.434477 0.625598 0.433134 0.628104 0.434387 0.629447 0.4377 0.628283 0.441058
0 0.641759 0.435171 0.636153 0.434406 0.632434 0.429362 0.632077 0.42447 0.634829 0.421412 0.639313 0.419018 0.644154 0.420444 0.647925 0.42396 0.650778 0.426661 0.647568 0.430687 0.645377 0.436648
0 0.647282 0.421979 0.643473 0.420738 0.641976 0.416287 0.642403 0.412778 0.646127 0.41235 0.650149 0.41282 0.65169 0.417144 0.650663 0.421038
0 0.660721 0.420467 0.655887 0.419593 0.651413 0.414861 0.650693 0.409873 0.654704 0.404371 0.659795 0.402777 0.664989 0.403703 0.66792 0.406994 0.668589 0.413216 0.666172 0.417998
0 0.657149 0.435098 0.653914 0.433646 0.65235 0.429561 0.652871 0.424389 0.65587 0.423259 0.659955 0.425866 0.661085 0.430951
0 0.645056 0.444653 0.641789 0.445012 0.640992 0.441785 0.639319 0.438837 0.640355 0.436009 0.644179 0.43573 0.646529 0.435411 0.647924 0.437961 0.647765 0.441546 0.646251 0.444096
0 0.680382 0.410367 0.675577 0.410861 0.670322 0.404573 0.670053 0.399409 0.672837 0.394738 0.677373 0.395322 0.681146 0.397253 0.683705 0.403316 0.683525 0.409199
0 0.68896 0.403092 0.685646 0.401695 0.682793 0.398166 0.68223 0.393436 0.68208 0.38923 0.685084 0.385776 0.689425 0.385543 0.691806 0.3846 0.693962 0.386396 0.69513 0.391742 0.695444 0.39884 0.69212 0.402209
0 0.718921 0.396007 0.715311 0.395275 0.71129 0.392306 0.710102 0.386456 0.711473 0.381703 0.715128 0.380881 0.718875 0.379922 0.722806 0.380652 0.724861 0.382755 0.726872 0.389655 0.722942 0.393676
0 0.732356 0.391117 0.728289 0.390341 0.725272 0.386913 0.723308 0.381019 0.725775 0.375306 0.728234 0.373858 0.733825 0.372413 0.738114 0.375305 0.740669 0.382437 0.740235 0.387643 0.737006 0.39092
0 0.824194 0.382755 0.820972 0.382994 0.817646 0.383234 0.815967 0.380903 0.818195 0.379086 0.821727 0.377098 0.824606 0.375521 0.82776 0.376104 0.828789 0.379052 0.827623 0.381726
0 0.872091 0.390787 0.86612 0.389869 0.864168 0.383037 0.866981 0.377182 0.871746 0.375058 0.876626 0.37856 0.882022 0.383956 0.881793 0.389295 0.876396 0.388491 0.874502 0.389467
0 0.853277 0.388514 0.849627 0.386689 0.848598 0.381354 0.851358 0.378173 0.855804 0.379249 0.858424 0.382197 0.856178 0.387858
1 0.846705 0.358542 0.835699 0.359241 0.825654 0.361075 0.821636 0.354262 0.823907 0.347012 0.833429 0.344042 0.839455 0.343344 0.844085 0.337578 0.851248 0.338103 0.857624 0.346663 0.860594 0.349981 0.866359 0.350331 0.870115 0.358455 0.865748 0.364919 0.861816 0.367015 0.859109 0.374091 0.850636 0.3761 0.845482 0.370945 0.846146 0.366155 0.851666 0.360635 0.853286 0.358608
0 0.893518 0.379031 0.889418 0.376921 0.88605 0.375825 0.883169 0.370346 0.882763 0.36649 0.885481 0.363853 0.890555 0.361296 0.895506 0.363894 0.89717 0.368398 0.894979 0.375906
0 0.884214 0.365147 0.879474 0.364877 0.874824 0.362395 0.873199 0.357248 0.874012 0.353907 0.876269 0.350522 0.879429 0.348175 0.883853 0.348039 0.88787 0.350387 0.891481 0.355939 0.89252 0.360859
0 0.90042 0.363975 0.896222 0.362529 0.891888 0.358828 0.889089 0.355759 0.88787 0.350929 0.889766 0.3484 0.89279 0.345105 0.895409 0.342894 0.898568 0.34032 0.90218 0.341584 0.905159 0.347317 0.906243 0.353637 0.905476 0.359551 0.902405 0.363433
1 0.925213 0.351605 0.919854 0.358538 0.915034 0.362373 0.910511 0.356424 0.908884 0.352544 0.906711 0.347055 0.909855 0.341794 0.915459 0.34208 0.917632 0.339564 0.923406 0.335048 0.926723 0.334304 0.931411 0.339107 0.935757 0.340594 0.936214 0.347512 0.931754 0.351857
1 0.918217 0.373369 0.91502 0.379964 0.912918 0.385992 0.909128 0.383364 0.905154 0.377801 0.904788 0.369671 0.907845 0.363252 0.912612 0.361969 0.917992 0.364597 0.921721 0.359278 0.925756 0.355672 0.932907 0.357322 0.934497 0.358545 0.935251 0.355684 0.938964 0.353375 0.945483 0.35523 0.950011 0.357585 0.95186 0.35367 0.956265 0.353307 0.962439 0.356984 0.965481 0.36207 0.964185 0.365084 0.95877 0.364678 0.959131 0.369958 0.955476 0.37429 0.950736 0.375418 0.949112 0.37235 0.946449 0.370996 0.943346 0.374662 0.935607 0.376291 0.926986 0.377648 0.922303 0.374051
0 0.97258 0.395472 0.968709 0.395522 0.965894 0.390646 0.964687 0.38416 0.96534 0.378429 0.969966 0.375915 0.973384 0.373502 0.978663 0.373652 0.981126 0.377675 0.984042 0.38245 0.983138 0.388132 0.978462 0.392354 0.975194 0.394517
1 1 0.416454 0.995651 0.413884 0.991582 0.406674 0.98737 0.406674 0.984871 0.409458 0.979231 0.401533 0.97816 0.396179 0.980659 0.390039 0.984871 0.384757 0.990439 0.382972 0.99351 0.384828 0.999935 0.383328
0 0.999873 0.377669 0.996981 0.377609 0.99397 0.373333 0.994512 0.367791 0.995114 0.363153 0.996861 0.359179 1 0.356468
0 0.976474 0.356662 0.972278 0.361171 0.968646 0.359793 0.966894 0.354032 0.968146 0.348835 0.971276 0.347082 0.975347 0.346456 0.977037 0.349336
1 0.945891 0.275845 0.93123 0.278186 0.922854 0.275521 0.917835 0.273221 0.908214 0.264959 0.911246 0.256069 0.913651 0.246135 0.918137 0.237331 0.93036 0.236574 0.94523 0.239095 0.955563 0.242245 0.969299 0.24527 0.979002 0.253083 0.981522 0.263668 0.973583 0.270599 0.956697 0.269339 0.953421 0.267826
1 0.881388 0.276485 0.870123 0.275034 0.860907 0.27145 0.858433 0.264111 0.863895 0.258821 0.870977 0.254725 0.878742 0.254896 0.88463 0.254811 0.890689 0.257626 0.894614 0.263003 0.894785 0.269744 0.888044 0.274096
1 0.87183 0.281264 0.862614 0.277851 0.856129 0.268464 0.851009 0.263855 0.848022 0.271365 0.847766 0.28024 0.847681 0.293211 0.848448 0.304304 0.856043 0.305499 0.86671 0.304561 0.886868 0.311933 0.901999 0.316178 0.919742 0.318464 0.931717 0.314654 0.94097 0.30268 0.947392 0.306272 0.949769 0.301388 0.946229 0.295061 0.938395 0.288355 0.929807 0.281274 0.923103 0.280823 0.918733 0.287075 0.916322 0.293102 0.911803 0.298073 0.905852 0.298902 0.901935 0.292197 0.896343 0.290392 0.885806 0.28766 0.876635 0.284635
1 0.737219 0.271067 0.737648 0.287172 0.727878 0.292862 0.727448 0.303599 0.721544 0.310899 0.713921 0.31369 0.704365 0.30435 0.703721 0.293077 0.703112 0.284133 0.705989 0.266869 0.71112 0.265598 0.710802 0.256461 0.714308 0.24318 0.721958 0.230748 0.728173 0.217404 0.739581 0.206903 0.753322 0.198347 0.765712 0.199905 0.777842 0.195127 0.783478 0.195617 0.793892 0.199415 0.805164 0.200886 0.817531 0.204241 0.834086 0.214476 0.847404 0.213912 0.863812 0.218983 0.877683 0.228529 0.878727 0.243445 0.864706 0.251052 0.854612 0.251771 0.841078 0.243876 0.825163 0.235856 0.81777 0.235354 0.80198 0.237485 0.789323 0.246383 0.779826 0.241559 0.767751 0.256566 0.752398 0.264502 0.748604 0.276922 0.744809 0.276922
1 0.554801 0.240904 0.573079 0.24236 0.588047 0.245274 0.592021 0.258918 0.583014 0.275739 0.564867 0.27309 0.543808 0.264216 0.522747 0.263686 0.516989 0.261703 0.500718 0.254347 0.487789 0.24465 0.479294 0.244966 0.472643 0.233646 0.465523 0.22501 0.458171 0.218124 0.459221 0.205753 0.464473 0.19875 0.469209 0.201259 0.47565 0.195771 0.472549 0.185272 0.474338 0.173343 0.467538 0.17716 0.457994 0.1669 0.460857 0.157714 0.46892 0.149455 0.479841 0.147091 0.485432 0.155492 0.488795 0.160978 0.496322 0.176811 0.49762 0.201859 0.501514 0.226518 0.515126 0.234918 0.518253 0.238189 0.522183 0.237638 0.527283 0.235708 0.535486 0.234191 0.540935 0.235563 0.541814 0.238881 0.543438 0.244643 0.544742 0.247095 0.547564 0.24316
0 0.218596 0.59948 0.214213 0.598604 0.209218 0.596457 0.207815 0.592907 0.210795 0.590453 0.215046 0.591023 0.218552 0.594047 0.21991 0.598648
0 0.044002 0.516989 0.0391318 0.515316 0.037459 0.511087 0.0404111 0.50725 0.0444443 0.504249 0.0483799 0.505528 0.0506426 0.507644 0.0489697 0.513841 0.046707 0.51635
0 0.210888 0.426758 0.20672 0.424538 0.203956 0.419147 0.207535 0.414707 0.210072 0.411491 0.214783 0.411355 0.217411 0.417606 0.216596 0.422861
0 0.229687 0.423134 0.223662 0.423179 0.219495 0.419736 0.218815 0.414617 0.222666 0.412035 0.226019 0.413258 0.229234 0.413213 0.232179 0.414934 0.232949 0.419963 0.231771 0.422998
0 0.224354 0.406966 0.219623 0.407185 0.217257 0.40551 0.216165 0.402489 0.217584 0.399577 0.22086 0.398521 0.224573 0.39823 0.227194 0.400596 0.226794 0.404818 0.226394 0.406711
0 0.265073 0.368528 0.261152 0.36654 0.258064 0.363257 0.258292 0.360071 0.258779 0.357211 0.260372 0.355065 0.261705 0.354513 0.263785 0.35409 0.265346 0.354643 0.268142 0.356658 0.269441 0.358479 0.269052 0.36147
0 0.287195 0.377534 0.283733 0.376752 0.278819 0.375673 0.280681 0.367743 0.283101 0.36778 0.285781 0.368115 0.288871 0.368785 0.290583 0.371316 0.289169 0.376156
0 0.235757 0.443576 0.231006 0.442525 0.228813 0.440562 0.228631 0.435126 0.230595 0.431517 0.234112 0.430832 0.237173 0.43307 0.237584 0.439511 0.237584 0.442937
0 0.218279 0.486204 0.215244 0.484591 0.212556 0.483093 0.211826 0.480135 0.213823 0.478561 0.217165 0.478561 0.219969 0.480865 0.220314 0.484514
0 0.330512 0.472386 0.3276 0.470565 0.325536 0.464862 0.327479 0.454669 0.331058 0.455397 0.334819 0.456793 0.33761 0.463285 0.336822 0.46832
0 0.321047 0.46195 0.313645 0.461161 0.311278 0.457885 0.31055 0.453517 0.312066 0.449451 0.314736 0.4466 0.318802 0.446296 0.322624 0.450482 0.325294 0.45479 0.32402 0.45928
0 0.34295 0.457581 0.339067 0.456246 0.333667 0.453759 0.333485 0.447752 0.335791 0.444961 0.339674 0.44484 0.341736 0.445871 0.344225 0.447813 0.345741 0.449937 0.34471 0.456975
0 0.544603 0.419667 0.540175 0.419386 0.536352 0.417212 0.535748 0.411819 0.537116 0.409203 0.538767 0.406346 0.540859 0.4055 0.543314 0.405299 0.544884 0.40534 0.547339 0.406306 0.549754 0.409525 0.55241 0.411457 0.552974 0.413831 0.549633 0.418339
0 0.566024 0.418205 0.562917 0.416578 0.5594 0.412214 0.557705 0.407977 0.558977 0.406111 0.562281 0.405222 0.564273 0.40484 0.566858 0.404756 0.569146 0.405772 0.571138 0.407002 0.572197 0.409841 0.571562 0.412426 0.569231 0.416154
0 0.513606 0.403147 0.506605 0.403389 0.504278 0.400286 0.501633 0.396774 0.503412 0.392714 0.505784 0.391665 0.508703 0.391437 0.511577 0.391665 0.514862 0.393307 0.518876 0.395086 0.518785 0.39837 0.51623 0.402385
0 0.465 0.413723 0.460939 0.413261 0.458909 0.408877 0.459602 0.40237 0.461955 0.400802 0.464446 0.399925 0.467308 0.400433 0.470999 0.400848 0.472892 0.403801 0.47386 0.407724 0.472061 0.410723
0 0.469477 0.396651 0.46378 0.394839 0.461191 0.390903 0.460519 0.385829 0.462642 0.382411 0.46492 0.382049 0.468026 0.380236 0.471496 0.379356 0.473981 0.379253 0.478693 0.383913 0.478486 0.388987 0.477244 0.391317 0.472998 0.389246
1 0.43701 0.427108 0.4317 0.426252 0.426619 0.428251 0.419769 0.430077 0.413374 0.427395 0.41092 0.420771 0.411662 0.414264 0.41543 0.411352 0.420682 0.409696 0.425592 0.406499 0.428617 0.405699 0.434041 0.404558 0.437353 0.403645 0.440378 0.401532 0.443404 0.399705 0.447972 0.399191 0.451283 0.401703 0.451283 0.40941 0.448428 0.415805 0.442434 0.418031 0.439979 0.422827 0.439979 0.42591
0 0.0167607 0.00762012 0.0129287 0.00801953 0.0092168 0.00566504 0.00682227 0.00267188 0.0102949 0 0.014126 0.000995117 0.0189551 0.0023125 0.0191152 0.00658301
0 0.0222686 0.0191943 0.0181572 0.0178379 0.0161621 0.0125693 0.0166006 0.00953613 0.0185166 0.00710156 0.0206719 0.00666211 0.0241836 0.0089375 0.0263789 0.0111729 0.0252617 0.0159219 0.0229062 0.018835
0 0.0314541 0.0257178 0.0271738 0.0252676 0.025957 0.0209873 0.0264971 0.0174277 0.0306875 0.0159863 0.0347432 0.01896 0.0316338 0.0260781
0 0.0314707 0.0554717 0.0274385 0.0556221 0.0253848 0.054042 0.02529 0.0489238 0.0272168 0.0465225 0.0304717 0.0489551 0.033252 0.0509775 0.034832 0.0537266 0.0330625 0.0555586
0 0.0227529 0.0695029 0.0186631 0.0681807 0.0167627 0.0634717 0.0171758 0.060373 0.0210176 0.0585557 0.0264297 0.05996 0.02771 0.064752 0.0239092 0.0694619
0 0.00565527 0.0992432 0.0034375 0.098334 0.00275488 0.0920781 0.00320996 0.087585 0.00719141 0.0859365 0.0107168 0.0864482 0.012707 0.0886094 0.0128213 0.0930449 0.00844238 0.0985615
0 0.0265176 0.0974463 0.0240781 0.0973662 0.0221182 0.094207 0.022998 0.0910078 0.0247979 0.0894482 0.0272773 0.0907676 0.0287168 0.0940869
0 0.0549844 0.092334 0.0476445 0.0914561 0.0425 0.0848682 0.0425 0.0766504 0.0440684 0.0719443 0.048334 0.0684941 0.0527256 0.0681182 0.0579951 0.0712549 0.0625127 0.0733877 0.0648965 0.0769639 0.0641436 0.0845547 0.058999 0.0912051
0 0.0484814 0.0653994 0.0450742 0.0632607 0.0434424 0.0603242 0.0424277 0.0565186 0.0429717 0.0538359 0.0446025 0.0520957 0.0467051 0.0531836 0.0498584 0.0555039 0.0513447 0.0576787 0.0520703 0.0596357 0.0494961 0.0642393
0 0.0656602 0.0659746 0.0623467 0.0637148 0.0601172 0.0604316 0.0602686 0.0572383 0.0624375 0.054918 0.0644258 0.054165 0.0669258 0.0542256 0.068251 0.0549482 0.0703906 0.0529004 0.0724082 0.0561533 0.0744873 0.0531709 0.0766562 0.0552197 0.0744268 0.0600693 0.0698779 0.061998 0.0678896 0.0658232
0 0.0686045 0.0477461 0.0664102 0.0466191 0.0649863 0.043832 0.0652832 0.0408672 0.0670029 0.0402148 0.0694346 0.0402148 0.0720439 0.0402744 0.0728145 0.042083 0.0720732 0.0445146 0.069375 0.0475088
0 0.053335 0.0374131 0.0513877 0.0367559 0.0497959 0.0318262 0.0500234 0.02854 0.0526777 0.027377 0.0569912 0.0268447 0.0589512 0.026748 0.0618115 0.0260732 0.0646396 0.0275518 0.0644473 0.0309268 0.0619082 0.0334658 0.0584053 0.0355225 0.0558018 0.0372578
0 0.0470723 0.0487334 0.0442314 0.0481045 0.0421826 0.0459619 0.0431377 0.0438662 0.045 0.043168 0.0469092 0.0435635 0.0487021 0.0437969 0.0493779 0.0456357 0.0485391 0.0481738
0 0.0967432 0.0272187 0.093835 0.0261025 0.0904873 0.0245137 0.0893379 0.0204893 0.0901152 0.017582 0.0927197 0.0161279 0.0955938 0.0161611 0.0981631 0.0169053 0.100902 0.0181904 0.102221 0.0209287 0.100767 0.0250547 0.100733 0.0255273 0.098501 0.0265762
0 0.105252 0.0370898 0.101325 0.0360039 0.0982598 0.0327158 0.097876 0.029874 0.100431 0.0267764 0.102123 0.0250527 0.10423 0.0238711 0.107104 0.0241582 0.108956 0.0252441 0.109467 0.0276387 0.109786 0.0311826 0.107583 0.0359717
0 0.122172 0.0218662 0.114934 0.0225439 0.109517 0.0205967 0.109432 0.0132744 0.111463 0.00878711 0.115104 0.00485059 0.119506 0.00332715 0.123188 0.00400488 0.125474 0.00620508 0.126701 0.00942285 0.124966 0.0200889
0 0.105802 0.0104707 0.0999756 0.00936816 0.0968262 0.00511621 0.0967207 0 0.111104 0 0.111733 0.0043291 0.107271 0.0105752
0 0.0773555 0.079332 0.0739541 0.0789111 0.072918 0.0746035 0.0747314 0.0721738 0.0788779 0.0716563 0.080626 0.0733398 0.0817275 0.0763516 0.0798486 0.0788457
1 0.0982861 0.0635195 0.0923594 0.0626426 0.0884551 0.0580098 0.0841348 0.0537939 0.081792 0.0495771 0.0858008 0.0467148 0.0869453 0.0434873 0.0870498 0.0392187 0.0920469 0.0380742 0.0965752 0.0390107 0.100479 0.0418213 0.101729 0.0482764 0.104852 0.0522324 0.10834 0.05546 0.105841 0.0606123
0 0.179299 0.0541484 0.174566 0.0526338 0.171475 0.0463242 0.174251 0.0412764 0.179931 0.0396357 0.184221 0.0391309 0.185735 0.042917 0.187061 0.0478389 0.183464 0.0544014
0 0.161127 0.0845625 0.153996 0.0827959 0.150652 0.0754131 0.154438 0.0700498 0.160748 0.0678408 0.165165 0.0685352 0.166932 0.0722578 0.166049 0.0798926 0.165544 0.0823535
0 0.163312 0.0992773 0.158953 0.0970732 0.154066 0.0947744 0.152821 0.0904629 0.154306 0.0870615 0.158426 0.0849053 0.161636 0.0855762 0.163983 0.0866777 0.165708 0.0915645 0.166234 0.0958281 0.165085 0.0985586
0 0.178597 0.0919111 0.173191 0.0882793 0.168926 0.082959 0.168673 0.0786094 0.170573 0.0745977 0.17374 0.0723594 0.177076 0.0701641 0.180539 0.0701641 0.183833 0.0723594 0.187169 0.0751885 0.188773 0.0791162 0.188688 0.082832 0.18607 0.0877305 0.181003 0.0903486
0 0.213109 0.0412568 0.208433 0.0387217 0.204542 0.0337832 0.205592 0.0305049 0.208607 0.0282754 0.211886 0.0266582 0.215775 0.0279697 0.217961 0.0299805 0.21949 0.0338701 0.218747 0.037542 0.217174 0.0410381
0 0.20529 0.0316328 0.202123 0.0300889 0.201004 0.0272695 0.203204 0.0249912 0.206023 0.0236396 0.208842 0.0233701 0.211815 0.0242578 0.210387 0.02754
0 0.166419 0.11696 0.161232 0.114922 0.156231 0.110801 0.154518 0.105567 0.157296 0.102232 0.161094 0.101028 0.164799 0.101677 0.167067 0.105058 0.168735 0.111912 0.167299 0.116729
0 0.171004 0.109457 0.166419 0.107559 0.164196 0.102372 0.164845 0.0983887 0.16716 0.0947305 0.170819 0.0938506 0.174802 0.0942676 0.176747 0.0989443 0.177534 0.102465 0.174015 0.107188
0 0.228339 0.122299 0.221839 0.12156 0.219778 0.115853 0.221205 0.111836 0.226119 0.110568 0.232408 0.110462 0.234046 0.117015
0 0.226066 0.134717 0.220254 0.134929 0.213755 0.132709 0.210689 0.12584 0.211905 0.11971 0.21534 0.117438 0.220096 0.120819 0.224376 0.121876 0.230188 0.121876 0.229871 0.130066
0 0.201856 0.184194 0.196907 0.182291 0.193861 0.177886 0.194188 0.171957 0.196689 0.170054 0.201258 0.168911 0.20512 0.16864 0.20996 0.168693 0.21181 0.172012 0.206262 0.176472
0 0.155222 0.186733 0.153115 0.18593 0.152561 0.182854 0.153946 0.180719 0.157272 0.181052 0.158825 0.182604 0.157827 0.186457
1 0.202212 0.0834834 0.193219 0.0796396 0.185287 0.0723633 0.180545 0.0625518 0.182508 0.0541299 0.190029 0.0491426 0.198941 0.0470166 0.2081 0.0470986 0.217911 0.0485703 0.22206 0.0534063 0.227085 0.0588721 0.225058 0.0682178 0.221795 0.0791504 0.225233 0.0889365 0.227702 0.101279 0.218445 0.108773 0.206896 0.108509 0.206394 0.111301 0.204454 0.123037 0.203739 0.126201 0.20425 0.137937 0.203832 0.141182 0.207699 0.139931 0.210941 0.135438 0.213898 0.136291 0.215149 0.143229 0.214638 0.151476 0.212633 0.15549 0.213761 0.166946 0.207859 0.168508 0.196143 0.168942 0.187464 0.160871 0.185208 0.150196 0.180322 0.147417 0.174364 0.130617 0.169578 0.121729 0.169879 0.114152 0.174854 0.107032 0.180603 0.102915 0.180431 0.0958799 0.18412 0.0916768 0.189696 0.092792 0.195712 0.0915146 0.202284 0.0890156
1 0.288019 0.0298662 0.282146 0.0310879 0.275758 0.0307119 0.270309 0.0302422 0.271437 0.0249814 0.273362 0.0202363 0.275288 0.0147871 0.278529 0.0103721 0.280644 0.00849219 0.287737 0.0155391 0.293374 0.0193437 0.296851 0.0254033 0.292152 0.0291152
1 0.29708 0.063043 0.286756 0.0613574 0.2768 0.0616729 0.267371 0.0577227 0.267415 0.0510957 0.265343 0.0408076 0.269487 0.0374502 0.279632 0.0378789 0.28942 0.0368066 0.297993 0.0384502 0.303327 0.037334 0.307702 0.0415889 0.31022 0.0521367 0.307343 0.0563926 0.302729 0.0570518 0.300211 0.0606475
1 0.231747 0.0225332 0.23818 0.0249893 0.243793 0.0268018 0.248004 0.0237607 0.246366 0.0182061 0.247536 0.0132939 0.252038 0.00785547 0.255547 0.0041123 0.259774 0.00111426 0.267268 0.00422363 0.274522 0.00549902 0.278189 0.0107607 0.273885 0.0179346 0.269341 0.0283779 0.264877 0.0332412 0.262088 0.0360859 0.266287 0.0380449 0.267688 0.0398652 0.264817 0.0490332 0.259079 0.0561719 0.252663 0.0685146 0.250502 0.0843076 0.241774 0.0996006 0.233629 0.103674 0.225233 0.0956943 0.224568 0.0833096 0.232299 0.0710918 0.223826 0.0585986 0.219989 0.0494277 0.223358 0.0457783 0.232248 0.044375 0.239827 0.0403506 0.234077 0.0412842 0.22641 0.0364844 0.22741 0.0294834 0.229677 0.024417
1 0.280952 0.275433 0.279458 0.284172 0.2755 0.286562 0.273259 0.291044 0.265864 0.286936 0.263997 0.278495 0.266687 0.272296 0.262578 0.267516 0.255856 0.26296 0.250242 0.235535 0.25427 0.228468 0.260927 0.231971 0.269964 0.232742 0.276906 0.243652 0.28396 0.251036 0.285282 0.262718 0.286715 0.271204
1 0.27611 0.233604 0.264719 0.225765 0.251489 0.216455 0.237882 0.194287 0.247822 0.193904 0.251455 0.188647 0.247918 0.185685 0.241036 0.188647 0.230904 0.18817 0.230331 0.193044 0.224022 0.19075 0.216186 0.184729 0.215317 0.178021 0.214065 0.169826 0.216693 0.163758 0.220947 0.163633 0.22395 0.168825 0.229393 0.169576 0.237173 0.169183 0.242315 0.164694 0.237827 0.156092 0.231375 0.150855 0.222492 0.146273 0.21819 0.140757 0.221838 0.13524 0.23044 0.133089 0.235677 0.131312 0.245308 0.135333 0.246523 0.143187 0.251125 0.145375 0.25387 0.154856 0.262166 0.164962 0.270025 0.175129 0.275642 0.179818 0.280917 0.190444 0.290648 0.193015 0.302384 0.21481 0.305584 0.221303 0.297768 0.2279 0.283149 0.228611
0 0.288488 0.192833 0.283173 0.191181 0.278349 0.188947 0.277813 0.185106 0.279286 0.181801 0.282771 0.180237 0.285719 0.18055 0.288265 0.181131 0.289828 0.18323 0.291883 0.18582 0.291704 0.189305 0.289694 0.192923
1 0.321471 0.305584 0.31589 0.303703 0.310309 0.296849 0.306486 0.290054 0.311946 0.286354 0.319104 0.282713 0.324747 0.278406 0.326931 0.2778 0.329418 0.274038 0.332755 0.272643 0.336576 0.276586 0.337062 0.283381 0.332209 0.294422 0.328751 0.300185 0.324625 0.303279
1 0.316544 0.280806 0.313268 0.278546 0.310609 0.274143 0.30633 0.274309 0.303423 0.270279 0.306289 0.267704 0.311273 0.266458 0.31468 0.265045 0.316757 0.262636 0.318802 0.265272 0.321171 0.269122 0.322799 0.272638 0.319579 0.275524
1 0.307118 0.261492 0.30209 0.254999 0.300116 0.248124 0.295787 0.250606 0.289994 0.250097 0.285475 0.245769 0.284902 0.240357 0.288658 0.23552 0.293178 0.232272 0.296487 0.230872 0.301008 0.228645 0.304954 0.227753 0.311702 0.229472 0.316477 0.232909 0.323479 0.237175 0.33167 0.237566 0.339929 0.251725 0.344869 0.260057 0.342289 0.267873 0.334325 0.272298 0.32614 0.269569 0.315742 0.262638
1 0.289086 0.353023 0.285193 0.360545 0.278068 0.361336 0.272988 0.353419 0.273978 0.347481 0.273318 0.340026 0.273582 0.331912 0.273405 0.321769 0.275536 0.310325 0.276877 0.302591 0.283743 0.297777 0.284967 0.295646 0.28619 0.293516 0.281317 0.284659 0.285418 0.281395 0.286108 0.278917 0.289589 0.27713 0.293478 0.276941 0.296771 0.279795 0.296269 0.285221 0.293791 0.289046 0.293509 0.293938 0.295579 0.292841 0.297931 0.290019 0.301913 0.289674 0.305116 0.292838 0.30449 0.296452 0.309743 0.296114 0.308779 0.304692 0.307333 0.31356 0.30996 0.32175 0.308815 0.331477 0.302093 0.331905 0.294727 0.339058 0.288003 0.342991
0 0.26045 0.333647 0.254132 0.33283 0.250266 0.329127 0.249993 0.322755 0.25288 0.319105 0.256256 0.318507 0.259143 0.318507 0.261757 0.319705 0.264153 0.32319 0.265024 0.328527 0.264153 0.331577 0.262029 0.334899
0 0.304158 0.386049 0.299587 0.384872 0.297144 0.380029 0.298501 0.375956 0.299904 0.374463 0.302664 0.373648 0.306104 0.373467 0.308864 0.374236 0.310132 0.375458 0.311399 0.376952
0 0.311128 0.38704 0.308827 0.38922 0.306599 0.389704 0.306526 0.386701 0.30752 0.386168 0.308488 0.384255 0.309796 0.383407 0.311007 0.382633 0.312798 0.383286 0.312919 0.384909 0.312387 0.38767
0 0.318238 0.381352 0.315088 0.380498 0.312793 0.378229 0.311752 0.375613 0.313566 0.374652 0.315542 0.374252 0.31725 0.374599 0.32064 0.37612 0.321228 0.376734 0.321734 0.378122 0.319866 0.380845
0 0.33394 0.386201 0.330247 0.384509 0.330055 0.380199 0.329978 0.376236 0.331593 0.374736 0.334056 0.374774 0.338519 0.378775 0.338249 0.381585 0.336749 0.385432 0.334902 0.38724
0 0.321874 0.413024 0.320162 0.410994 0.318132 0.408238 0.318189 0.40525 0.319234 0.403713 0.320829 0.402843 0.322657 0.40293 0.324688 0.404032 0.325877 0.405772 0.326254 0.406933 0.324571 0.410559
0 0.326464 0.399391 0.324123 0.398992 0.322104 0.396975 0.322952 0.394533 0.324771 0.393637 0.327013 0.393412 0.328433 0.393537 0.329528 0.395929 0.329254 0.398221 0.32766 0.399391
0 0.333615 0.415087 0.330718 0.415683 0.328036 0.413056 0.32698 0.411214 0.328297 0.409895 0.33108 0.407346 0.332749 0.406467 0.335269 0.406877 0.33647 0.407316 0.337582 0.4084 0.337113 0.41171 0.335298 0.414376
0 0.295479 0.432056 0.291867 0.430899 0.289238 0.427779 0.290712 0.424369 0.292099 0.42226 0.294873 0.421306 0.296664 0.421566 0.298687 0.421971 0.299525 0.423849 0.298687 0.426652 0.297011 0.431102
0 0.301433 0.429946 0.299352 0.428559 0.298658 0.424571 0.299554 0.421161 0.301374 0.419457 0.304408 0.419543 0.306026 0.42067 0.307298 0.42252 0.307559 0.424484 0.305246 0.427229
0 0.298525 0.448387 0.295192 0.447589 0.294394 0.444443 0.295074 0.441109 0.29592 0.438598 0.297892 0.437635 0.299864 0.437494 0.301859 0.439278 0.30308 0.440827 0.303244 0.442564 0.302563 0.444561 0.300333 0.446814
0 0.27088 0.437681 0.266142 0.434948 0.264517 0.430141 0.266142 0.426267 0.269462 0.425506 0.27216 0.425782 0.273232 0.428169 0.274062 0.431316 0.273785 0.436885 0.271676 0.439063
0 0.279896 0.433354 0.275549 0.432504 0.273799 0.428506 0.2726 0.424008 0.275898 0.420909 0.280546 0.421909 0.282895 0.426957 0.281646 0.433403
0 0.313691 0.441546 0.310897 0.441686 0.308732 0.43725 0.307579 0.433408 0.308627 0.429881 0.310618 0.428973 0.313028 0.428658 0.315229 0.429146 0.317848 0.429531 0.318337 0.432081 0.318197 0.435329 0.315438 0.441406
0 0.320101 0.430441 0.316154 0.429878 0.312348 0.428073 0.31029 0.423676 0.31153 0.42173 0.316577 0.421814 0.320354 0.423309 0.322554 0.424944 0.322666 0.42968
0 0.332422 0.431445 0.328487 0.429807 0.325839 0.427278 0.325381 0.424221 0.326079 0.421716 0.328318 0.418995 0.330221 0.416853 0.33258 0.41589 0.334796 0.416636 0.335903 0.421018 0.336023 0.424485 0.333592 0.430721
0 0.339338 0.431012 0.336771 0.431458 0.333643 0.42995 0.334495 0.424233 0.335093 0.419712 0.335661 0.416412 0.338136 0.416156 0.341435 0.41792 0.341492 0.420821 0.341492 0.425371 0.340411 0.430832
0 0.347616 0.432526 0.344905 0.431623 0.342552 0.429126 0.342052 0.426415 0.343313 0.423371 0.345048 0.421326 0.347878 0.421018 0.350422 0.422824 0.351588 0.425393 0.351896 0.42827 0.349447 0.432122
1 0.354083 0.423254 0.350826 0.422584 0.349357 0.419423 0.350348 0.415272 0.352327 0.411058 0.355104 0.406333 0.35997 0.403728 0.366218 0.406122 0.368612 0.409489 0.366779 0.412333 0.363449 0.412856 0.360269 0.41237 0.360044 0.417496 0.357126 0.421948
1 0.365496 0.445413 0.360522 0.444587 0.356725 0.440536 0.354756 0.436852 0.354559 0.433083 0.356105 0.429201 0.359341 0.426106 0.363223 0.42501 0.366682 0.426697 0.370508 0.430889 0.372083 0.432604 0.37287 0.438117 0.372195 0.441774 0.368313 0.445543
1 0.388574 0.443218 0.384062 0.442732 0.381736 0.437873 0.381043 0.433638 0.376981 0.433707 0.374274 0.432354 0.368438 0.418705 0.370453 0.415026 0.373432 0.412397 0.381447 0.414281 0.385872 0.414413 0.391873 0.422298 0.394457 0.431452 0.394413 0.439249 0.391304 0.441965
0 0.401145 0.431688 0.397305 0.43188 0.394925 0.427964 0.394426 0.423203 0.396422 0.419325 0.399378 0.417559 0.403563 0.417214 0.405829 0.418365 0.408247 0.420746 0.408746 0.424585 0.407979 0.428271 0.403985 0.432072
0 0.405817 0.415233 0.401089 0.413309 0.39929 0.409961 0.398453 0.405148 0.399917 0.402512 0.402972 0.40134 0.40632 0.401885 0.408956 0.403182 0.410421 0.40632 0.40837 0.412304
0 0.379998 0.410229 0.377036 0.409281 0.37601 0.406517 0.376049 0.403239 0.378261 0.399448 0.380709 0.398224 0.382131 0.399448 0.382763 0.403437 0.381894 0.40782 0.381617 0.410545
0 0.387619 0.408136 0.384065 0.405292 0.384065 0.400988 0.384658 0.398026 0.386909 0.396525 0.389555 0.396091 0.3922 0.396328 0.394925 0.397789 0.396781 0.400316 0.396939 0.403437 0.396387 0.406043 0.389791 0.405529
0 0.421518 0.453174 0.41857 0.451721 0.417561 0.447036 0.416511 0.442836 0.418005 0.44009 0.420226 0.438757 0.423174 0.438111 0.425839 0.438435 0.429069 0.439969 0.431614 0.443078 0.428908 0.446552 0.424547 0.450832
0 0.431978 0.455719 0.428868 0.454265 0.427252 0.451155 0.428464 0.448207 0.429958 0.446229 0.432179 0.44538 0.43444 0.446511 0.43755 0.448247 0.434521 0.453336 0.432946 0.45592
1 0.402328 0.395317 0.397022 0.392688 0.393007 0.387048 0.387653 0.38633 0.384929 0.380833 0.383447 0.376149 0.387176 0.371703 0.389996 0.369982 0.394967 0.370604 0.398218 0.373042 0.401468 0.371034 0.406104 0.370795 0.409068 0.375671 0.408638 0.384514 0.408447 0.391923
1 0.355916 0.383501 0.350309 0.381613 0.349477 0.373786 0.353418 0.368845 0.348865 0.368623 0.344979 0.365236 0.345479 0.359796 0.350087 0.356076 0.354473 0.355021 0.360579 0.356521 0.365909 0.358963 0.368907 0.362738 0.369129 0.369844 0.366131 0.374896 0.363022 0.38067
1 0.316147 0.358751 0.309242 0.36253 0.306844 0.354972 0.308079 0.34763 0.310114 0.340652 0.315929 0.340943 0.317601 0.349156 0.320218 0.354535
1 0.333128 0.31242 0.32359 0.313836 0.32 0.319598 0.320567 0.32753 0.322173 0.340092 0.3302 0.349914 0.341251 0.351614 0.348807 0.34387 0.351356 0.334897 0.345501 0.325264 0.338323 0.325831 0.335489 0.326681 0.335111 0.31752
1 0.366763 0.253527 0.360623 0.250138 0.352052 0.247835 0.343354 0.242271 0.340667 0.235938 0.344696 0.229543 0.349941 0.223339 0.355506 0.221548 0.361838 0.227177 0.371688 0.22999 0.378275 0.236066 0.374374 0.240544 0.371304 0.246364 0.361326 0.242015 0.36817 0.249626 0.370345 0.252952
1 0.392653 0.26099 0.386144 0.262128 0.379951 0.254292 0.375654 0.248162 0.381342 0.244244 0.379572 0.240516 0.38052 0.236155 0.388419 0.232616 0.391073 0.232743 0.399541 0.229772 0.401437 0.233375 0.406998 0.231163 0.411863 0.236345 0.411801 0.240263 0.404786 0.243549 0.401689 0.251132 0.399794 0.254734
0 0.351714 0.309764 0.346932 0.309194 0.343972 0.305836 0.34346 0.300371 0.345167 0.297069 0.348412 0.295532 0.351372 0.295532 0.355585 0.297126 0.356495 0.299858 0.354275 0.305836
0 0.36976 0.300884 0.364863 0.299973 0.360082 0.29519 0.35974 0.290352 0.365376 0.287051 0.36902 0.286481 0.372663 0.287562 0.376306 0.290352 0.37716 0.293768 0.373346 0.298663
1 0.371252 0.338151 0.366428 0.335991 0.360647 0.32979 0.359636 0.325275 0.363517 0.320213 0.366766 0.317639 0.371701 0.317766 0.374908 0.318947 0.3763 0.323672 0.376089 0.330338 0.373979 0.337384
1 0.385412 0.320299 0.379822 0.318662 0.375587 0.313637 0.374119 0.305731 0.37666 0.299634 0.38146 0.299803 0.385808 0.302569 0.390606 0.306974 0.39264 0.313749 0.391284 0.317024
1 0.396189 0.295246 0.387988 0.291393 0.380874 0.286551 0.374946 0.2825 0.368425 0.283686 0.365065 0.277164 0.364077 0.268864 0.369907 0.266197 0.376626 0.264616 0.387297 0.267778 0.393719 0.269557 0.40024 0.267185 0.409429 0.266987 0.416246 0.258688 0.427115 0.259182 0.439466 0.263332 0.440849 0.279931 0.424941 0.289021 0.425139 0.302755 0.413678 0.3073 0.403007 0.30809 0.395398 0.30651 0.403007 0.293961 0.413282 0.286155 0.41022 0.283488 0.40192 0.28161 0.400536 0.27509 0.397399 0.277101 0.399142 0.282952 0.401881 0.286625 0.401508 0.292352
0 0.444309 0.371829 0.43874 0.371188 0.435636 0.367147 0.433911 0.361333 0.436474 0.358573 0.44012 0.356849 0.443668 0.356701 0.447562 0.35813 0.44835 0.361825 0.446033 0.367246
0 0.452242 0.373603 0.448104 0.37247 0.445442 0.367 0.446132 0.362614 0.450764 0.360594 0.456234 0.359806 0.460127 0.36291 0.462098 0.369513 0.458304 0.372075
1 0.487867 0.392599 0.483757 0.390119 0.479386 0.383985 0.477298 0.376091 0.474622 0.366564 0.466728 0.364868 0.464703 0.360691 0.462094 0.354166 0.463464 0.348685 0.466661 0.345096 0.474753 0.349337 0.483171 0.349794 0.488782 0.361539 0.491262 0.363171 0.497787 0.361018 0.505357 0.366891 0.504509 0.376418 0.498962 0.37713 0.495477 0.383229 0.492253 0.39081
1 0.436581 0.338871 0.430099 0.337869 0.421545 0.333726 0.41319 0.329516 0.413324 0.322097 0.416532 0.317553 0.423684 0.317619 0.4309 0.319959 0.436581 0.322164 0.44019 0.3231 0.443465 0.330585 0.436581 0.335329
0 0.444596 0.343527 0.440615 0.343576 0.440615 0.336598 0.440812 0.332174 0.445038 0.330749 0.449609 0.330749 0.45241 0.333255 0.448233 0.339939 0.445678 0.34392
0 0.452902 0.354045 0.446808 0.35547 0.444104 0.349425 0.446268 0.3451 0.450347 0.341021 0.454032 0.33876 0.458357 0.340431 0.460962 0.343724 0.461503 0.346673 0.456834 0.351391
0 0.461383 0.441315 0.456028 0.440412 0.453872 0.436378 0.452203 0.430606 0.454012 0.427338 0.457836 0.425808 0.464095 0.426295 0.465485 0.429842 0.462287 0.438187
0 0.46034 0.449661 0.453246 0.45126 0.448935 0.445141 0.448309 0.438117 0.450743 0.435404 0.454776 0.43777 0.457558 0.443889 0.461661 0.447019
1 0.399995 0.0923037 0.38143 0.0916582 0.368676 0.0855234 0.357375 0.0761602 0.346559 0.0642139 0.347437 0.0521602 0.354811 0.0453457 0.358824 0.0469326 0.366479 0.0584141 0.372266 0.0622412 0.37796 0.0593477 0.385987 0.0688682 0.393361 0.0726953 0.400735 0.0801631 0.402136 0.0903379
1 0.342434 0.0902344 0.328276 0.0863184 0.315022 0.0837578 0.31427 0.0726133 0.324661 0.0686973 0.332794 0.0643291 0.339271 0.057251 0.349813 0.0662871 0.348457 0.086168
1 0.440451 0.124011 0.429015 0.123534 0.422025 0.119484 0.420357 0.112336 0.422979 0.107729 0.429253 0.107095 0.433938 0.109318 0.438228 0.107491 0.443707 0.108286 0.448393 0.110668 0.449981 0.11456 0.445296 0.121549
1 0.616558 0.27932 0.61227 0.280681 0.609312 0.275868 0.606265 0.273527 0.604366 0.276663 0.604758 0.265037 0.611657 0.260734 0.616628 0.257024 0.618497 0.260067 0.622328 0.258026 0.627068 0.261386 0.623646 0.263238 0.623238 0.268324 0.619345 0.269862 0.617367 0.27071 0.618435 0.275639
1 0.651587 0.284128 0.645929 0.284634 0.639443 0.28422 0.633785 0.282242 0.633923 0.276814 0.636407 0.273778 0.639765 0.274192 0.644549 0.272767 0.647677 0.271754 0.651311 0.272076 0.654761 0.275664 0.657337 0.279068 0.655635 0.283208
1 0.6791 0.294751 0.672352 0.291977 0.666425 0.286995 0.666361 0.282014 0.668947 0.277473 0.676136 0.271672 0.680928 0.272491 0.685153 0.272302 0.689188 0.275329 0.686855 0.278167 0.683135 0.279428 0.688495 0.284599 0.682946 0.291725 0.681748 0.294184
1 0.704421 0.323391 0.695499 0.322824 0.692878 0.317088 0.692666 0.310432 0.697481 0.307032 0.701164 0.305191 0.705555 0.306607 0.709945 0.311635 0.712282 0.315105 0.71129 0.320912
1 0.729887 0.340737 0.723018 0.341854 0.717937 0.337274 0.718718 0.332416 0.723409 0.329232 0.718606 0.326943 0.72313 0.321861 0.729998 0.317338 0.733796 0.317059 0.738208 0.319963 0.742731 0.320074 0.743066 0.32644 0.737761 0.327893 0.734578 0.333198 0.729831 0.337665
0 0.733479 0.352437 0.730119 0.35165 0.728511 0.348325 0.730227 0.346646 0.732406 0.346252 0.734194 0.346538 0.734694 0.348719 0.734266 0.352079
0 0.759557 0.321616 0.756075 0.319191 0.754315 0.314302 0.756701 0.311564 0.759087 0.311291 0.761981 0.31043 0.76378 0.312112 0.764836 0.313911 0.765775 0.316962 0.762216 0.319191
1 0.754247 0.355005 0.749803 0.354296 0.747013 0.348433 0.746162 0.342616 0.748621 0.339401 0.750275 0.335477 0.752214 0.332214 0.755808 0.331079 0.760158 0.331836 0.761954 0.336754 0.763609 0.342759 0.761009 0.347771 0.758077 0.349898
1 0.777502 0.337431 0.77331 0.337103 0.769519 0.335353 0.766638 0.32952 0.768023 0.326274 0.769883 0.323723 0.773164 0.323796 0.77608 0.32427 0.779033 0.327004 0.781221 0.330978 0.7802 0.334951
1 0.786872 0.334332 0.781694 0.330613 0.780893 0.32591 0.78082 0.321207 0.782679 0.318947 0.784685 0.31727 0.788075 0.318145 0.790408 0.319895 0.79296 0.323759 0.792559 0.327624 0.788075 0.333603
1 0.798065 0.351727 0.795983 0.349729 0.794198 0.343015 0.793773 0.33647 0.796366 0.333537 0.801083 0.334005 0.803251 0.335747 0.804016 0.339317 0.803081 0.343482 0.803038 0.347265 0.801551 0.350197
1 0.788362 0.372935 0.785171 0.372835 0.782844 0.370375 0.781215 0.368778 0.781281 0.364756 0.781846 0.362562 0.782877 0.360667 0.783841 0.359736 0.785337 0.358373 0.788362 0.357076 0.789592 0.356112 0.792884 0.358406 0.794213 0.360168 0.795311 0.363227 0.794812 0.36735 0.792784 0.371239 0.791454 0.373134 0.788396 0.373699
1 0.785474 0.310755 0.78115 0.304302 0.777267 0.305555 0.772505 0.307747 0.766615 0.304552 0.765989 0.29835 0.767994 0.293588 0.774447 0.291207 0.781651 0.292899 0.785223 0.296658 0.788919 0.295279 0.793932 0.293776 0.795435 0.299665 0.788104 0.304928
1 0.787035 0.291367 0.778084 0.288933 0.775219 0.282846 0.774146 0.275972 0.77035 0.272391 0.772427 0.267521 0.776723 0.266591 0.78238 0.269956 0.78725 0.270314 0.790544 0.271961 0.795843 0.277332 0.795075 0.282857 0.791885 0.291729
1 0.800324 0.273746 0.793293 0.272239 0.788924 0.26777 0.784855 0.261742 0.785709 0.257423 0.789426 0.254359 0.79259 0.253606 0.798265 0.254359 0.801429 0.25682 0.804141 0.260838 0.806301 0.26571 0.803287 0.271637
1 0.828098 0.337983 0.821253 0.341361 0.814054 0.345183 0.810409 0.33825 0.817876 0.321362 0.822409 0.317007 0.824809 0.302608 0.829342 0.298164 0.834764 0.299408 0.838675 0.301541 0.834586 0.310607 0.842674 0.313362 0.843919 0.324562 0.840008 0.331229 0.832986 0.337361
1 0.816206 0.308748 0.817301 0.315644 0.815368 0.321058 0.810985 0.323249 0.806474 0.319575 0.800352 0.311325 0.797387 0.305461 0.798676 0.298564 0.800867 0.296052 0.794004 0.280898 0.796622 0.278402 0.798996 0.280168 0.800275 0.275662 0.804294 0.275114 0.806607 0.278524 0.807155 0.267139 0.810611 0.257019 0.808428 0.253671 0.807846 0.246175 0.810029 0.240135 0.81818 0.238389 0.827 0.23939 0.838563 0.243046 0.850716 0.251653 0.856564 0.256202 0.85091 0.263451 0.845085 0.26854 0.838096 0.270012 0.838157 0.274916 0.839322 0.281783 0.830493 0.281354 0.825404 0.287976 0.827807 0.292837 0.830053 0.296318 0.825935 0.301335 0.819607 0.300998 0.817474 0.307213
1 0.937717 0.239911 0.929103 0.239994 0.92463 0.234776 0.926866 0.229807 0.91933 0.226493 0.911296 0.222518 0.910655 0.218767 0.912448 0.212988 0.917431 0.212391 0.926846 0.21259 0.932924 0.211543 0.937806 0.214134 0.940895 0.21802 0.940646 0.223799 0.938902 0.228581 0.943605 0.229935 0.944514 0.233883 0.941592 0.23787
1 0.958821 0.243151 0.953238 0.241533 0.950001 0.237569 0.951843 0.233996 0.956365 0.231429 0.96178 0.23154 0.964236 0.233271 0.964683 0.237122 0.964348 0.243599
1 0.956453 0.229693 0.952571 0.233627 0.947361 0.233423 0.947157 0.227497 0.944756 0.223003 0.943326 0.218457 0.945829 0.214269 0.950018 0.212838 0.95441 0.211766 0.9587 0.21243 0.96105 0.215086 0.966311 0.222747 0.968048 0.228876 0.96483 0.229847 0.96105 0.226782 0.958292 0.225761
1 0.991526 0.239269 0.980492 0.237681 0.973555 0.231913 0.969542 0.221548 0.974558 0.217452 0.984588 0.217201 0.99186 0.220545 0.996541 0.224139 0.996458 0.237012
0 0.0177178 0.426413 0.0142002 0.425631 0.0126035 0.422896 0.0135479 0.420388 0.0181738 0.420094 0.0202578 0.420257 0.0217559 0.421104 0.0222451 0.422993 0.0189873 0.426218
0 0.0284922 0.434626 0.0259434 0.434373 0.0224893 0.432983 0.0200889 0.431046 0.021416 0.428055 0.0227422 0.425738 0.0247012 0.424243 0.0262178 0.424116 0.0280498 0.424158 0.0304512 0.425907 0.0320723 0.42757 0.03321 0.429214 0.0334209 0.430604 0.0336943 0.432226 0.031083 0.433889
0 0.0268389 0.446162 0.0224775 0.446062 0.0209453 0.443898 0.0205127 0.440969 0.0229766 0.438704 0.0241748 0.437039 0.0276709 0.437006 0.030002 0.437905 0.0316006 0.439137 0.0313672 0.442933 0.0280039 0.446861
0 0.139407 0.448104 0.135867 0.448403 0.132762 0.446089 0.131809 0.442412 0.133034 0.440015 0.135513 0.439524 0.138645 0.439606 0.140415 0.439716 0.142022 0.441649 0.143684 0.444046 0.141396 0.447069 0.14017 0.448322
0 0.129194 0.453851 0.125254 0.453014 0.124 0.449302 0.125706 0.445539 0.128716 0.445087 0.131525 0.447295 0.13293 0.451007
0 0.418528 0.516621 0.415209 0.51528 0.413621 0.513549 0.413662 0.511137 0.415146 0.509467 0.416549 0.508662 0.418796 0.508353 0.419992 0.508621 0.422487 0.509425 0.422879 0.510909 0.422569 0.513734 0.421271 0.515652 0.419766 0.516064
0 0.421302 0.503277 0.418643 0.502897 0.417847 0.500617 0.418316 0.498826 0.420271 0.499007 0.421646 0.499261 0.422731 0.499007 0.423473 0.500364 0.423581 0.50248 0.422405 0.503548
0 0.258516 0.391096 0.254875 0.390468 0.251698 0.387323 0.251698 0.383882 0.254842 0.383551 0.257722 0.385239 0.261097 0.3861 0.261891 0.387258 0.260104 0.391096
0 0.264108 0.383121 0.260303 0.384709 0.256927 0.383188 0.254512 0.379745 0.256497 0.377528 0.258681 0.37872 0.26113 0.378918 0.262553 0.377495 0.264803 0.376535 0.266689 0.376503 0.267616 0.379282 0.267979 0.381499 0.265398 0.383021
0 0.143163 0.0862568 0.139469 0.0862568 0.138177 0.0837637 0.138146 0.0798242 0.139962 0.0781006 0.142208 0.0780088 0.144394 0.0788086 0.14581 0.0804092 0.147564 0.082748 0.146363 0.0857031 0.144425 0.0863184
0 0.213128 0 0.213827 0.00272461 0.212241 0.00500977 0.209122 0.00573633 0.205896 0.00458008 0.20439 0.00256348 0.20498 0
0 0.217431 0.00756445 0.215091 0.00592383 0.213854 0.00350391 0.213209 6.25e-05 0.219527 0 0.220146 0.00369238 0.218694 0.00659668
1 0.335364 0.0484502 0.326316 0.044127 0.321673 0.0495713 0.313907 0.0458877 0.3055 0.0385225 0.303018 0.0286738 0.3051 0.0250713 0.304792 0.0196006 0.313059 0.0146572 0.318812 0.0107676 0.328942 0.0145762 0.336261 0.0195439 0.339298 0.0318643 0.348321 0.0366367 0.349678 0.0412129 0.342722 0.0442021
1 0.260696 0 0.272513 0.00446973 0.280719 0.00834277 0.292799 0.0122822 0.304747 0.0141855 0.311902 0.0148428 0.321553 0.00906543 0.324901 0
0 0.33883 0.00764551 0.334157 0.00612988 0.332221 0.00027832 0.341903 0 0.343419 0.00271973 0.341398 0.00596094
0 0.366574 0.0128398 0.361875 0.0128125 0.359055 0.00913574 0.358419 0.00487891 0.36088 0.00327539 0.365357 0.00302734 0.368177 0.00424316 0.371909 0.00664844 0.372821 0.0099375 0.369504 0.0122041
0 0.463383 0.0157305 0.459675 0.0149336 0.455567 0.0132783 0.454096 0.0106738 0.456732 0.00812988 0.459797 0.00766992 0.461636 0.00766992 0.464486 0.00816016 0.466755 0.0100605 0.467827 0.0112559 0.467857 0.0131865 0.465191 0.0153633
0 0.69121 0.344794 0.687291 0.343294 0.686564 0.339036 0.688791 0.335891 0.69334 0.334633 0.69571 0.335987 0.69484 0.341021 0.692227 0.344746
0 0.745837 0.438892 0.742516 0.438534 0.741116 0.436906 0.742223 0.435115 0.744925 0.434563 0.746748 0.434595 0.748604 0.434432 0.749678 0.43632 0.746097 0.439413
0 0.763546 0.432611 0.758496 0.430563 0.757353 0.427371 0.759163 0.421845 0.76245 0.420035 0.765022 0.419797 0.767547 0.422321 0.768071 0.42518 0.766118 0.43061 0.764975 0.432945
0 0.976354 0.286764 0.973323 0.286106 0.969233 0.284317 0.968613 0.281287 0.969891 0.278403 0.972738 0.277016 0.975294 0.276833 0.977011 0.277965 0.978179 0.280338 0.978032 0.284172
0 0.853332 0.323617 0.84882 0.322272 0.847188 0.319777 0.847908 0.314113 0.849253 0.310563 0.851893 0.309555 0.854628 0.311714 0.855396 0.314689 0.855972 0.319969
0 0.846322 0.558522 0.841963 0.55801 0.840624 0.554848 0.84165 0.550916 0.844499 0.547868 0.847747 0.549008 0.849854 0.551059 0.85014 0.554221 0.848345 0.557696
0 0.832653 0.72454 0.825683 0.724644 0.822378 0.719738 0.824599 0.713954 0.830123 0.711321 0.833738 0.713541 0.836372 0.71726 0.83663 0.722682 0.834874 0.723972
0 0.842712 0.723217 0.840048 0.721947 0.839216 0.7192 0.840402 0.717432 0.842733 0.716141 0.844918 0.716328 0.846458 0.717827 0.846937 0.719263 0.846874 0.720637 0.844356 0.722571
0 0.970802 0.703021 0.967027 0.701479 0.965554 0.698579 0.966797 0.695402 0.96972 0.694091 0.972183 0.694113 0.974462 0.696254 0.975383 0.699063 0.974531 0.701571
0 0.986826 0.723382 0.98267 0.722095 0.982155 0.719262 0.984436 0.716908 0.987157 0.716319 0.990505 0.717901 0.990946 0.720807 0.989218 0.723676
0 0.934027 0.721288 0.930442 0.720264 0.92833 0.718184 0.929931 0.715623 0.932587 0.714662 0.935083 0.715047 0.93742 0.716039 0.937004 0.718471 0.934827 0.721704
0 0.796403 0.724914 0.793582 0.723126 0.792231 0.719432 0.79406 0.716254 0.797516 0.716175 0.800098 0.717764 0.800813 0.719313 0.798905 0.722729
0 0.791636 0.72249 0.786353 0.724795 0.78246 0.723126 0.780394 0.718915 0.782062 0.715737 0.784764 0.715817 0.787822 0.717564 0.791199 0.717764 0.793186 0.719948 0.791636 0.722928
0 0.816458 0.723241 0.812104 0.721661 0.810195 0.718678 0.812044 0.716054 0.814341 0.715457 0.817682 0.715964 0.819173 0.717455 0.821678 0.717455 0.82135 0.719603 0.818069 0.722317
0 0.856555 0.723241 0.854229 0.721853 0.854055 0.719561 0.854905 0.717165 0.85718 0.71673 0.858482 0.718641 0.85909 0.720689 0.858014 0.723346
0 0.862458 0.723276 0.859523 0.72227 0.858898 0.720411 0.859454 0.71798 0.86133 0.716852 0.863274 0.716766 0.864473 0.718588 0.86456 0.720984 0.86383 0.723468
0 0.676695 0.477022 0.672445 0.476088 0.671298 0.472093 0.671936 0.46814 0.67491 0.466907 0.677035 0.468098 0.679033 0.47188 0.678141 0.475152
0 0.601812 0.466172 0.598962 0.465347 0.598962 0.46216 0.600087 0.460923 0.602224 0.461298 0.604211 0.463247 0.603873 0.466434
1 0.183842 0.601815 0.175828 0.601082 0.171313 0.597019 0.172837 0.58923 0.173401 0.582741 0.178819 0.580766 0.186268 0.582741 0.189315 0.587933 0.194112 0.585394 0.198966 0.590528 0.192701 0.594479 0.186494 0.596567
0 0.166992 0.254883 0.173828 0.256836 0.174805 0.262695 0.168945 0.261719
0 0.157227 0.260742 0.161133 0.260742 0.161133 0.265625 0.15625 0.264648
0 0.154297 0.242188 0.160156 0.241211 0.161133 0.246094 0.15625 0.24707
0 0.144531 0.244141 0.149414 0.241211 0.151367 0.24707 0.149414 0.250977 0.142578 0.25
0 0.150391 0.25293 0.155273 0.250977 0.15625 0.253906 0.15332 0.255859
0 0.158203 0.249023 0.164062 0.24707 0.164062 0.250977 0.161133 0.251953
0 0.0986328 0.364258 0.103516 0.363281 0.105469 0.368164 0.0996094 0.370117
0 0.124023 0.398438 0.129883 0.398438 0.129883 0.404297 0.134766 0.404297 0.131836 0.411133 0.124023 0.408203
0 0.15332 0.383789 0.161133 0.384766 0.162109 0.390625 0.15625 0.390625
0 0.207031 0.510742 0.209961 0.511719 0.208984 0.516602 0.205078 0.515625
0 0.212891 0.513672 0.216797 0.513672 0.216797 0.517578 0.212891 0.518555
0 0.0390625 0.5625 0.0439453 0.5625 0.0439453 0.568359 0.0390625 0.568359
0 0.0527344 0.56543 0.0576172 0.560547 0.0605469 0.563477 0.0605469 0.569336 0.0605469 0.569336 0.0546875 0.571289
0 0.0605469 0.575195 0.0644531 0.573242 0.0683594 0.574219 0.0693359 0.579102 0.0654297 0.582031 0.0615234 0.581055
0 0.0742188 0.576172 0.0771484 0.575195 0.0800781 0.578125 0.0761719 0.580078
0 0.0839844 0.583008 0.0898438 0.583008 0.0908203 0.587891 0.0888672 0.591797 0.0839844 0.591797 0.0839844 0.585938
0 0.0947266 0.580078 0.0976562 0.578125 0.101562 0.580078 0.101562 0.583984 0.0966797 0.585938
0 0.116211 0.570312 0.119141 0.569336 0.121094 0.571289 0.118164 0.574219
0 0.15332 0.587891 0.160156 0.585938 0.160156 0.591797 0.154297 0.594727
0 0.24707 0.588867 0.253906 0.584961 0.258789 0.584961 0.258789 0.584961 0.261719 0.589844 0.258789 0.595703 0.251953 0.59668 0.251953 0.59668
0 0.222656 0.589844 0.226562 0.59082 0.228516 0.594727 0.222656 0.594727
0 0.275391 0.586914 0.279297 0.59082 0.279297 0.59082 0.288086 0.588867 0.288086 0.588867 0.290039 0.592773 0.283203 0.598633 0.279297 0.600586 0.273438 0.59668 0.272461 0.588867
0 0.294922 0.583984 0.300781 0.582031 0.305664 0.585938 0.302734 0.59082 0.296875 0.589844 0.292969 0.586914
0 0.311523 0.591797 0.317383 0.591797 0.324219 0.592773 0.325195 0.595703 0.321289 0.599609 0.31543 0.597656 0.311523 0.59668
0 0.314453 0.598633 0.317383 0.598633 0.321289 0.599609 0.320312 0.603516 0.316406 0.604492
0 0.324219 0.592773 0.329102 0.59082 0.333008 0.591797 0.334961 0.595703 0.333984 0.599609 0.327148 0.599609
0 0.355469 0.59082 0.358398 0.587891 0.363281 0.588867 0.363281 0.592773 0.358398 0.59668
0 0.364258 0.597656 0.368164 0.59668 0.371094 0.598633 0.371094 0.602539 0.366211 0.604492
0 0.375977 0.599609 0.379883 0.597656 0.383789 0.600586 0.381836 0.604492 0.37793 0.604492
0 0.389648 0.603516 0.396484 0.601562 0.399414 0.606445 0.399414 0.611328 0.395508 0.613281 0.388672 0.609375
0 0.270508 0.560547 0.277344 0.55957 0.27832 0.564453 0.274414 0.567383 0.269531 0.564453
1 0.313477 0.132812 0.322266 0.131836 0.325195 0.123047 0.336914 0.12207 0.341797 0.12793 0.341797 0.12793 0.354492 0.126953 0.354492 0.126953 0.363281 0.132812 0.373047 0.133789 0.373047 0.133789 0.378906 0.137695 0.389648 0.144531 0.398438 0.150391 0.407227 0.157227 0.416992 0.167969 0.417969 0.176758 0.426758 0.178711 0.426758 0.178711 0.438477 0.179688 0.449219 0.18457 0.451172 0.193359 0.444336 0.192383 0.4375 0.189453 0.444336 0.198242 0.444336 0.206055 0.444336 0.206055 0.441406 0.210938 0.435547 0.209961 0.431641 0.213867 0.421875 0.216797 0.410156 0.21582 0.400391 0.214844 0.392578 0.216797 0.383789 0.214844 0.381836 0.204102 0.375 0.203125 0.368164 0.202148 0.360352 0.201172 0.354492 0.205078 0.34668 0.208984 0.338867 0.211914 0.331055 0.21582 0.331055 0.21582 0.321289 0.211914 0.313477 0.210938 0.307617 0.204102 0.302734 0.194336 0.302734 0.194336 0.297852 0.186523 0.291016 0.180664 0.282227 0.178711 0.276367 0.171875 0.276367 0.171875 0.28125 0.161133 0.283203 0.149414 0.283203 0.149414 0.293945 0.143555 0.300781 0.136719
0 0.425781 0.240234 0.422852 0.243164 0.419922 0.241211 0.420898 0.238281
0 0.430664 0.237305 0.43457 0.240234 0.433594 0.243164 0.430664 0.242188
0 0.425781 0.243164 0.424805 0.24707 0.426758 0.24707 0.430664 0.24707 0.428711 0.243164
0 0.443359 0.250977 0.443359 0.257812 0.439453 0.257812 0.4375 0.254883 0.439453 0.25
0 0.485352 0.255859 0.489258 0.258789 0.486328 0.264648 0.479492 0.265625 0.478516 0.260742 0.478516 0.260742
0 0.474609 0.268555 0.477539 0.269531 0.476562 0.275391 0.47168 0.276367 0.469727 0.272461
0 0.448242 0.28125 0.457031 0.28125 0.458984 0.283203 0.457031 0.287109 0.450195 0.287109
0 0.460938 0.0683594 0.464844 0.0712891 0.463867 0.078125 0.457031 0.0800781 0.454102 0.078125 0.454102 0.0722656
0 0.46875 0.0527344 0.46875 0.0615234 0.46582 0.0654297 0.460938 0.0644531 0.458008 0.0585938 0.461914 0.0517578
1 0.506836 0.0253906 0.517578 0.0253906 0.53125 0.0224609 0.541992 0.0273438 0.544922 0.0351562 0.548828 0.0439453 0.546875 0.0527344 0.537109 0.0566406 0.53125 0.0605469 0.524414 0.0644531 0.518555 0.0673828 0.518555 0.0673828 0.507812 0.0654297 0.50293 0.0585938 0.506836 0.0507812 0.5 0.0410156 0.500977 0.0322266 0.500977 0.0322266
1 0.583008 0.0595703 0.586914 0.0605469 0.587891 0.0693359 0.581055 0.0742188 0.580078 0.078125 0.583984 0.0849609 0.583984 0.0927734 0.583984 0.0927734 0.581055 0.101562 0.577148 0.110352 0.572266 0.112305 0.574219 0.121094 0.569336 0.129883 0.5625 0.133789 0.552734 0.132812 0.545898 0.138672 0.541016 0.130859 0.543945 0.121094 0.543945 0.111328 0.549805 0.103516 0.547852 0.0976562 0.549805 0.0878906 0.554688 0.0839844 0.555664 0.0742188 0.563477 0.0703125 0.569336 0.0712891 0.572266 0.0634766
0 0.538086 0.272461 0.544922 0.276367 0.543945 0.285156 0.536133 0.287109 0.529297 0.282227 0.529297 0.274414
0 0.552734 0.364258 0.558594 0.368164 0.561523 0.369141 0.5625 0.375977 0.554688 0.381836 0.550781 0.378906 0.551758 0.371094
0 0.568359 0.380859 0.572266 0.379883 0.577148 0.380859 0.579102 0.384766 0.575195 0.387695 0.567383 0.385742
0 0.584961 0.379883 0.589844 0.375977 0.591797 0.378906 0.591797 0.383789 0.591797 0.383789 0.586914 0.383789
0 0.59375 0.361328 0.59668 0.367188 0.594727 0.370117 0.589844 0.365234
0 0.600586 0.351562 0.606445 0.348633 0.609375 0.349609 0.609375 0.355469 0.606445 0.358398 0.601562 0.358398
1 0.607422 0.385742 0.613281 0.382812 0.613281 0.376953 0.617188 0.374023 0.618164 0.365234 0.62207 0.364258 0.625 0.362305 0.629883 0.360352 0.629883 0.354492 0.635742 0.354492 0.637695 0.358398 0.641602 0.359375 0.645508 0.357422 0.649414 0.359375 0.642578 0.363281 0.634766 0.363281 0.62793 0.367188 0.624023 0.374023 0.623047 0.382812 0.618164 0.385742 0.615234 0.389648
0 0.701172 0.358398 0.706055 0.358398 0.706055 0.363281 0.701172 0.362305
0 0.632812 0.367188 0.638672 0.366211 0.644531 0.368164 0.644531 0.37207 0.638672 0.373047
0 0.617188 0.318359 0.619141 0.320312 0.620117 0.324219 0.614258 0.323242 0.614258 0.319336
0 0.625 0.328125 0.626953 0.331055 0.625977 0.333984 0.62207 0.333984 0.621094 0.330078
0 0.628906 0.335938 0.631836 0.335938 0.632812 0.339844 0.629883 0.341797
0 0.630859 0.325195 0.637695 0.323242 0.640625 0.329102 0.642578 0.332031 0.635742 0.333008 0.635742 0.333008 0.630859 0.335938
0 0.645508 0.324219 0.650391 0.324219 0.65332 0.328125 0.650391 0.332031 0.644531 0.330078
0 0.663086 0.335938 0.666992 0.335938 0.669922 0.339844 0.669922 0.339844 0.666992 0.342773 0.662109 0.34082
1 0.645508 0.293945 0.651367 0.292969 0.657227 0.294922 0.65625 0.300781 0.65625 0.304688 0.660156 0.305664 0.662109 0.310547 0.655273 0.313477 0.647461 0.311523 0.644531 0.302734
0 0.671875 0.296875 0.677734 0.298828 0.677734 0.303711 0.673828 0.305664 0.670898 0.302734
0 0.669922 0.304688 0.673828 0.307617 0.673828 0.307617 0.675781 0.311523 0.671875 0.313477 0.667969 0.31543 0.665039 0.310547 0.666992 0.308594
0 0.679688 0.306641 0.685547 0.305664 0.688477 0.311523 0.685547 0.316406 0.680664 0.314453 0.679688 0.30957
0 0.969727 0.327148 0.976562 0.328125 0.977539 0.334961 0.970703 0.338867 0.962891 0.333008
0 0.977539 0.305664 0.985352 0.301758 0.991211 0.305664 0.986328 0.31543 0.978516 0.3125
0 0.790039 0.383789 0.797852 0.380859 0.801758 0.385742 0.798828 0.388672 0.793945 0.388672
0 0.770508 0.350586 0.773438 0.351562 0.773438 0.356445 0.769531 0.356445
0 0.833008 0.410156 0.837891 0.410156 0.838867 0.414062 0.834961 0.416016
0 0.855469 0.548828 0.862305 0.545898 0.865234 0.552734 0.859375 0.556641
0 0.870117 0.523438 0.875977 0.522461 0.879883 0.52832 0.879883 0.52832 0.875 0.532227 0.870117 0.52832
0 0.869141 0.512695 0.873047 0.510742 0.875977 0.514648 0.875977 0.519531 0.871094 0.520508
0 0.464844 0.62793 0.470703 0.632812 0.469727 0.636719 0.463867 0.637695 0.459961 0.632812
0 0.495117 0.637695 0.500977 0.637695 0.505859 0.640625 0.505859 0.645508 0.499023 0.645508 0.494141 0.642578
0 0.515625 0.636719 0.523438 0.637695 0.523438 0.642578 0.518555 0.646484 0.512695 0.642578
0 0.56543 0.658203 0.569336 0.65625 0.572266 0.660156 0.568359 0.663086 0.56543 0.662109
0 0.575195 0.666016 0.581055 0.665039 0.583984 0.663086 0.585938 0.667969 0.582031 0.670898 0.581055 0.672852 0.575195 0.670898
0 0.588867 0.662109 0.595703 0.658203 0.604492 0.65918 0.609375 0.664062 0.608398 0.670898 0.603516 0.673828 0.597656 0.672852 0.589844 0.668945
0 0.625977 0.674805 0.631836 0.673828 0.632812 0.679688 0.626953 0.680664
0 0.636719 0.672852 0.640625 0.674805 0.639648 0.678711 0.633789 0.680664 0.631836 0.674805
0 0.65918 0.675781 0.668945 0.670898 0.672852 0.673828 0.671875 0.685547 0.666992 0.68457 0.663086 0.680664
0 0.623047 0.733398 0.626953 0.739258 0.619141 0.744141 0.614258 0.740234 0.614258 0.733398
0 0.621094 0.742188 0.624023 0.746094 0.625 0.750977 0.620117 0.75293 0.616211 0.74707
0 0.90332 0.71582 0.908203 0.713867 0.908203 0.713867 0.911133 0.719727 0.908203 0.722656 0.904297 0.72168
0 0.927734 0.701172 0.931641 0.698242 0.93457 0.700195 0.93457 0.705078 0.929688 0.706055
