0 0.62837 0.0213564 0.626143 0.0173486 0.622356 0.01579 0.619461 0.0181279 0.617567 0.0216904 0.616343 0.0228037 0.613336 0.0219131 0.613001 0.0246963 0.61211 0.0281475 0.612333 0.0315986 0.616009 0.0331572 0.620686 0.0324893 0.623692 0.0308193 0.624473 0.0244717
0 0.612651 0.0431611 0.607541 0.0444746 0.609477 0.0466416 0.607618 0.0522939 0.609554 0.0543066 0.612187 0.0543066 0.615206 0.0508232 0.617993 0.0496621 0.620007 0.0467988 0.620161 0.039833 0.614974 0.0404521
0 0.516565 0.0137461 0.511871 0.0113496 0.505381 0.0118467 0.506579 0.0167402 0.50548 0.0219316 0.510273 0.0259248 0.510474 0.0287197 0.514867 0.0303174 0.52056 0.0301172 0.522657 0.0276221
0 0.510374 0.0296182 0.507577 0.0325127 0.504481 0.0318125 0.506579 0.0356055 0.504582 0.0417969 0.506679 0.0455908 0.509375 0.0475869 0.51297 0.0479863 0.514768 0.0493838 0.521458 0.0429951 0.517664 0.0403975 0.520659 0.0334111 0.518662 0.0303174
0 0.352213 0.0363086 0.34685 0.0358379 0.339321 0.0353652 0.340356 0.0422324 0.339416 0.0447744 0.340451 0.0517344 0.342803 0.0561553 0.34779 0.0543682 0.351837 0.0507002 0.35052 0.0454307 0.354659 0.0396006
0 0.352777 0.0501338 0.350425 0.0528613 0.352777 0.059542 0.350425 0.0622695 0.347226 0.0645273 0.344215 0.0642432 0.342051 0.0600098 0.34101 0.0543184 0.342576 0.0546123 0.344778 0.0556885 0.346785 0.0543193 0.348742 0.052167 0.350798 0.0503076
0 0.351014 0.108484 0.347498 0.105061 0.342812 0.105061 0.339747 0.106592 0.338215 0.111365 0.338305 0.120377 0.341099 0.123351 0.342991 0.123981 0.345154 0.127314 0.348039 0.128396 0.351914 0.125873 0.354799 0.12299 0.356241 0.115512 0.354889 0.112719 0.351374 0.115062 0.34858 0.117944 0.346597 0.119477 0.344704 0.118485 0.347048 0.112088 0.350021 0.110557
0 0.489065 0.129642 0.486468 0.127197 0.483949 0.126298 0.481161 0.126793 0.479452 0.128411 0.478104 0.129625 0.47518 0.131871 0.475271 0.134568 0.47536 0.136142 0.475315 0.139021 0.475405 0.140639 0.476889 0.142706 0.478373 0.144189 0.480441 0.144233 0.482061 0.146481 0.484534 0.147517 0.487053 0.146572 0.489436 0.145898 0.491369 0.14464 0.493078 0.141537 0.493618 0.136323 0.491414 0.134479 0.491055 0.132815 0.48957 0.132232
0 0.502244 0.147338 0.499259 0.147936 0.496572 0.147936 0.494582 0.149925 0.492989 0.151864 0.489357 0.153057 0.489108 0.155445 0.489407 0.158031 0.493089 0.160618 0.494433 0.163304 0.495875 0.165592 0.500403 0.164846 0.503189 0.163851 0.505329 0.161314 0.505727 0.156788 0.507667 0.154948 0.506672 0.151118 0.504682 0.150074
0 0.522576 0.143066 0.519443 0.146559 0.518364 0.150665 0.516669 0.15313 0.516412 0.158728 0.517748 0.161861 0.519546 0.163505 0.522062 0.163556 0.525916 0.162528 0.528946 0.160372 0.531823 0.158112 0.533005 0.152207 0.531258 0.14851 0.528382 0.146353 0.526224 0.144349
0 0.544612 0.0767402 0.542878 0.0743916 0.541034 0.0730186 0.5393 0.071249 0.537637 0.0724766 0.535071 0.0732354 0.533589 0.0743906 0.534638 0.077498 0.53471 0.0810762 0.536589 0.0843281 0.537926 0.0855205 0.539372 0.0855566 0.540854 0.0847256 0.542517 0.0859541 0.544251 0.0847617 0.545119 0.0809678
0 0.529827 0.0986445 0.529905 0.102335 0.529905 0.106262 0.530573 0.107988 0.532654 0.109716 0.534854 0.110854 0.536739 0.110227 0.538113 0.108225 0.539685 0.105869 0.539999 0.102414 0.538978 0.0982529 0.537563 0.0959365 0.534226 0.0956611 0.531516 0.0960537
0 0.750252 0.347862 0.744264 0.348126 0.740478 0.350414 0.736604 0.351471 0.733521 0.351295 0.729823 0.350503 0.725773 0.349687 0.727621 0.354728 0.725773 0.356119 0.721399 0.356054 0.721463 0.36255 0.725966 0.362419 0.724357 0.367437 0.72603 0.368915 0.727896 0.371873 0.729954 0.37258 0.73034 0.375408 0.73034 0.378945 0.734521 0.379011 0.738445 0.377854 0.74179 0.374252 0.74462 0.369944 0.747175 0.367437 0.746703 0.36147 0.749181 0.357533 0.749402 0.353685
0 0.716786 0.455172 0.71716 0.458441 0.71716 0.463112 0.718842 0.465401 0.720337 0.466662 0.722019 0.468811 0.72599 0.469511 0.728093 0.468671 0.729541 0.465494 0.732531 0.463953 0.733933 0.460311 0.732905 0.457462 0.731223 0.457462 0.729635 0.456014 0.728513 0.453818 0.726037 0.452371 0.723794 0.452277 0.720991 0.453772 0.720243 0.455874
0 0.7213 0.500687 0.72022 0.503506 0.721359 0.506684 0.722499 0.508962 0.725018 0.50938 0.725498 0.511598 0.725078 0.515376 0.725618 0.517595 0.729336 0.515916 0.731975 0.515076 0.733595 0.511539 0.735453 0.505305 0.735394 0.500808 0.733954 0.499549 0.731855 0.499729 0.730176 0.496851 0.727237 0.499129 0.724778 0.498708 0.721839 0.498948
0 0.724456 0.527543 0.722628 0.531492 0.722875 0.534801 0.724012 0.53875 0.72411 0.543689 0.724999 0.545565 0.726086 0.54685 0.727123 0.548084 0.729297 0.547195 0.730927 0.546603 0.732655 0.543245 0.733594 0.538652 0.733792 0.53332 0.732161 0.531592 0.731223 0.528234 0.728803 0.526852
0 0.725632 0.55747 0.724663 0.559486 0.722848 0.560494 0.72313 0.564366 0.723171 0.56832 0.725229 0.571104 0.726883 0.571829 0.729264 0.571386 0.7312 0.570216 0.732249 0.567029 0.73233 0.562189 0.731281 0.559325 0.7289 0.559124
0 0.09675 0.679587 0.0938643 0.679724 0.0922158 0.681464 0.0910703 0.683157 0.090292 0.684394 0.0892842 0.687004 0.0869033 0.687369 0.0871777 0.689338 0.0874521 0.691627 0.0872236 0.693917 0.0874521 0.696114 0.087876 0.699009 0.0880371 0.701231 0.0893887 0.702557 0.090625 0.703268 0.0925625 0.702055 0.0932871 0.704245 0.0939023 0.705693 0.0952568 0.70679 0.0971055 0.708461 0.0983672 0.708266 0.0997949 0.707984 0.102174 0.707423 0.10358 0.706147 0.104964 0.705304 0.105585 0.702405 0.107483 0.697424 0.107863 0.694009 0.106258 0.689581 0.104219 0.68764 0.103014 0.684855 0.10114 0.681572 0.0988242 0.680939
0 0.136794 0.622652 0.132746 0.62712 0.133758 0.629397 0.132746 0.635551 0.131748 0.636715 0.127976 0.63607 0.127149 0.640979 0.126469 0.643118 0.127247 0.645889 0.129957 0.648474 0.132636 0.65011 0.134918 0.650507 0.13849 0.650259 0.14107 0.648226 0.143353 0.646589 0.146676 0.647382 0.148841 0.647407 0.151682 0.650191 0.154857 0.647018 0.156839 0.6452 0.157971 0.638411 0.156124 0.632993 0.157139 0.629785 0.152496 0.629152 0.148998 0.629088 0.146792 0.631126 0.145055 0.625446 0.144371 0.624626 0.139895 0.62281
0 0.168756 0.621365 0.165489 0.617101 0.161889 0.616701 0.157889 0.614102 0.154889 0.613702 0.151422 0.616301 0.147222 0.613702 0.143289 0.613969 0.139556 0.6183 0.137355 0.621898 0.143089 0.625631 0.147222 0.627429 0.149889 0.628963 0.155223 0.629029 0.158688 0.632962 0.160688 0.634028 0.161556 0.628097 0.166756 0.625231 0.168489 0.622764
0 0.0716055 0.638681 0.0695 0.640734 0.0676006 0.642428 0.0652383 0.644839 0.06529 0.649973 0.068165 0.653154 0.070373 0.652487 0.0741719 0.650178 0.0748398 0.64638 0.0741211 0.641606
1 0.822329 0.672963 0.826354 0.67414 0.829759 0.675997 0.83465 0.675812 0.837499 0.673336 0.839914 0.669932 0.8427 0.667331 0.844124 0.663556 0.844799 0.654574 0.843058 0.648717 0.83902 0.649351 0.837198 0.647293 0.833557 0.645552 0.831103 0.645473 0.829079 0.647117 0.82699 0.646338 0.825955 0.642151 0.821953 0.640456 0.820117 0.643751 0.822 0.645115 0.823931 0.647327 0.824166 0.649352 0.821152 0.649445 0.817527 0.647846 0.814986 0.649412 0.814472 0.655622 0.811714 0.655623 0.808472 0.655926 0.807684 0.653836 0.808926 0.651836 0.807351 0.648808 0.805945 0.648121 0.803566 0.648643 0.799969 0.647599 0.797355 0.648675 0.795281 0.650973 0.794776 0.652318 0.791132 0.651028 0.790347 0.653047 0.791132 0.656634 0.794216 0.658932 0.799598 0.660221 0.799304 0.66416 0.801417 0.667657 0.807392 0.668277 0.811837 0.669006 0.815181 0.668245 0.81664 0.670662 0.820766 0.670786 0.824017 0.672537
0 0.760504 0.645134 0.757023 0.646761 0.754328 0.648444 0.752925 0.652428 0.754328 0.657983 0.754328 0.663597 0.756293 0.667075 0.760279 0.665953 0.762693 0.663765 0.764191 0.66436 0.765655 0.665896 0.768049 0.66154 0.772084 0.656292 0.772905 0.652294 0.770763 0.649045 0.766549 0.650295 0.765191 0.64726 0.762334 0.648866
0 0.0549209 0.814306 0.0529785 0.816248 0.0505957 0.81709 0.0506689 0.820755 0.0515107 0.823585 0.0521484 0.826842 0.0532461 0.82932 0.054415 0.829745 0.056752 0.8284 0.0586289 0.827799 0.060541 0.825072 0.061498 0.82178 0.0599043 0.817391 0.0582754 0.814983
0 0.061502 0.851024 0.0592061 0.851848 0.0562607 0.854272 0.0540078 0.856135 0.053748 0.859771 0.053792 0.864103 0.0553076 0.867177 0.0569102 0.868303 0.0602461 0.86852 0.0630186 0.868476 0.0657041 0.867609 0.0678271 0.866181 0.0676963 0.860031 0.0666143 0.857001 0.0642314 0.856178
0 0.843977 0.844104 0.842197 0.843746 0.840704 0.84283 0.839692 0.846636 0.840704 0.847695 0.836947 0.848321 0.832805 0.848897 0.832612 0.851065 0.832853 0.853714 0.835213 0.857133 0.837573 0.858914 0.842583 0.857133 0.846195 0.855977 0.848989 0.853569 0.846581 0.850969 0.844221 0.848175
0 0.853652 0.859874 0.851806 0.860586 0.853652 0.866977 0.8567 0.869572 0.860551 0.868465 0.864217 0.866586 0.867821 0.864276 0.868715 0.860796 0.866525 0.859683 0.863544 0.8584 0.85958 0.857872 0.858711 0.859192 0.857088 0.857759 0.854483 0.857305
0 0.850705 0.864532 0.847674 0.864362 0.845357 0.864465 0.843279 0.863171 0.841854 0.864674 0.839001 0.863457 0.836845 0.864917 0.833296 0.866134 0.833296 0.869646 0.837714 0.871593 0.840323 0.872985 0.843211 0.873159 0.846968 0.872603 0.84989 0.871941 0.852464 0.869229 0.852754 0.865988
1 0.0622607 0.87027 0.0551025 0.869878 0.0524736 0.872617 0.0489512 0.876361 0.0509639 0.879885 0.0486143 0.88337 0.0478887 0.884356 0.0482354 0.890431 0.0471924 0.893037 0.048377 0.896164 0.0472393 0.897776 0.0484248 0.900904 0.0491826 0.903131 0.0484971 0.907592 0.0482529 0.911715 0.0466709 0.915399 0.0467021 0.918486 0.0485361 0.921909 0.0515928 0.923955 0.051623 0.926981 0.0503389 0.92912 0.050501 0.934151 0.0523672 0.939124 0.0523965 0.942085 0.0537129 0.946102 0.0531182 0.952104 0.0527432 0.955668 0.0527744 0.958732 0.0544883 0.962046 0.0542617 0.964544 0.0542939 0.967788 0.0545449 0.973017 0.0544238 0.976106 0.0543916 0.976944 0.0544502 0.98004 0.0552344 0.981157 0.0570576 0.98245 0.0583369 0.984789 0.0582334 0.986584 0.0583965 0.987658 0.0593545 0.989939 0.0609248 0.992087 0.0624434 0.993064 0.0649414 0.992503 0.067127 0.991473 0.068126 0.989132 0.068751 0.985918 0.06821 0.981414 0.0657334 0.978973 0.0636592 0.9773 0.0657002 0.974892 0.0681094 0.972283 0.0679463 0.966928 0.0666875 0.966188 0.0637773 0.965228 0.0667334 0.964047 0.0680928 0.963194 0.0685752 0.959337 0.0663975 0.957519 0.0677109 0.956309 0.0691113 0.954959 0.068373 0.952361 0.0651885 0.950757 0.0640322 0.949231 0.0655811 0.947941 0.0678008 0.94598 0.0690654 0.944354 0.0700088 0.942502 0.0709463 0.941307 0.0681699 0.935858 0.0693096 0.93415 0.0715889 0.934083 0.0717227 0.929794 0.0720771 0.922941 0.069624 0.921332 0.0680908 0.919838 0.0682793 0.917179 0.0663301 0.915495 0.0688203 0.913679 0.0675 0.911711 0.0666494 0.910279 0.0668574 0.906789 0.0676924 0.904409 0.0653125 0.903093 0.0652627 0.900498 0.0641016 0.897893 0.0646104 0.893254 0.0647432 0.890465 0.064584 0.887304 0.062623 0.883746 0.0636123 0.88177 0.0636357 0.879561 0.0662051 0.87891 0.0639502 0.873656
0 0.922213 0.539605 0.918511 0.541368 0.916924 0.544716 0.916396 0.547007 0.919921 0.549298 0.920538 0.551766 0.920847 0.552999 0.921544 0.555583 0.926701 0.549409 0.925751 0.543982 0.928398 0.538692 0.92419 0.539574
0 0.559832 0.68836 0.556867 0.686957 0.555931 0.688593 0.554292 0.691948 0.556009 0.696316 0.558428 0.696394 0.562719 0.691091 0.561203 0.689032
1 0.0898438 0.626953 0.0839844 0.62793 0.0791016 0.626953 0.0742188 0.629883 0.0693359 0.62793 0.0673828 0.623047 0.0693359 0.618164 0.0732422 0.614258 0.0761719 0.610352 0.0820312 0.611328 0.0859375 0.615234 0.0908203 0.614258 0.0957031 0.615234 0.100586 0.616211 0.106445 0.615234 0.116211 0.613281 0.121094 0.611328 0.123047 0.616211 0.124023 0.621094 0.119141 0.625977 0.111328 0.62793 0.106445 0.62793 0.101562 0.626953 0.0966797 0.625977
0 0.155273 0.0341797 0.152344 0.0380859 0.147461 0.0390625 0.146484 0.0341797 0.147461 0.0273438 0.150391 0.0283203 0.152344 0.0244141 0.15625 0.0283203 0.15918 0.0322266
0 0.423828 0.0537109 0.418945 0.0527344 0.417969 0.0478516 0.416992 0.0449219 0.420898 0.0429688 0.424805 0.0439453 0.427734 0.046875 0.428711 0.0507812 0.426758 0.0537109
0 0.469727 0.0605469 0.46582 0.0576172 0.464844 0.0527344 0.46582 0.046875 0.470703 0.046875 0.474609 0.0498047 0.472656 0.0546875 0.472656 0.0585938
0 0.393555 0.158203 0.388672 0.158203 0.383789 0.15625 0.387695 0.152344 0.392578 0.15332 0.398438 0.15625 0.402344 0.15332 0.404297 0.155273 0.40332 0.158203 0.398438 0.15918
0 0.572266 0.830078 0.572266 0.822266 0.571289 0.817383 0.574219 0.81543 0.578125 0.816406 0.580078 0.818359 0.580078 0.823242 0.581055 0.829102 0.577148 0.832031
0 0.577148 0.839844 0.573242 0.836914 0.574219 0.832031 0.579102 0.832031 0.581055 0.835938
0 0.561523 0.833008 0.556641 0.833008 0.555664 0.830078 0.556641 0.828125 0.55957 0.826172 0.556641 0.822266 0.557617 0.817383 0.561523 0.817383 0.566406 0.81543 0.568359 0.819336 0.567383 0.825195 0.567383 0.830078 0.566406 0.833984 0.564453 0.834961
1 0.557617 0.832031 0.553711 0.833984 0.553711 0.84082 0.556641 0.84668 0.560547 0.84668 0.560547 0.851562 0.560547 0.856445 0.560547 0.867188 0.566406 0.869141 0.568359 0.864258 0.569336 0.849609 0.568359 0.844727 0.568359 0.837891 0.563477 0.834961 0.563477 0.832031
