1 0.0527344 0.28125 0.046875 0.276367 0.0429688 0.28125 0.0380859 0.280273 0.0332031 0.27832 0.0283203 0.28125 0.0195312 0.286133 0.0146484 0.286133 0.00976562 0.288086 0.0078125 0.292969 0.00292969 0.293945 0 0.294922 0 0.323242 0.00390625 0.327148 0.00878906 0.326172 0.0126953 0.330078 0.0126953 0.334961 0.0175781 0.336914 0.0224609 0.336914 0.0332031 0.336914 0.0371094 0.333008 0.0419922 0.330078 0.046875 0.330078 0.0498047 0.333984 0.0507812 0.338867 0.0517578 0.34375 0.0478516 0.347656 0.0488281 0.352539 0.0517578 0.357422 0.0498047 0.362305 0.0488281 0.37207 0.0498047 0.37793 0.0498047 0.387695 0.0478516 0.402344 0.0449219 0.412109 0.0410156 0.416016 0.0390625 0.420898 0.0341797 0.422852 0.0332031 0.427734 0.0351562 0.432617 0.0390625 0.435547 0.0458984 0.442383 0.0517578 0.442383 0.0615234 0.441406 0.0654297 0.4375 0.0703125 0.436523 0.0761719 0.436523 0.0869141 0.435547 0.0976562 0.436523 0.102539 0.436523 0.108398 0.435547 0.112305 0.433594 0.117188 0.431641 0.12207 0.43457 0.126953 0.43457 0.130859 0.430664 0.136719 0.430664 0.140625 0.433594 0.145508 0.435547 0.147461 0.430664 0.146484 0.425781 0.146484 0.415039 0.151367 0.413086 0.154297 0.40918 0.15332 0.404297 0.150391 0.400391 0.145508 0.401367 0.141602 0.404297 0.136719 0.40625 0.131836 0.408203 0.126953 0.408203 0.12207 0.40625 0.119141 0.402344 0.12207 0.398438 0.12793 0.396484 0.133789 0.396484 0.137695 0.393555 0.138672 0.388672 0.138672 0.383789 0.137695 0.373047 0.135742 0.368164 0.131836 0.358398 0.129883 0.353516 0.124023 0.344727 0.121094 0.34082 0.121094 0.335938 0.117188 0.327148 0.109375 0.319336 0.112305 0.31543 0.113281 0.310547 0.109375 0.306641 0.105469 0.302734 0.0996094 0.294922 0.0976562 0.291016 0.0947266 0.286133 0.0908203 0.282227 0.0878906 0.27832 0.0771484 0.267578 0.0722656 0.269531 0.0625 0.272461 0.0585938 0.269531 0.0537109 0.270508
0 0.135742 0.395508 0.133789 0.397461 0.128906 0.396484 0.125977 0.395508 0.123047 0.399414 0.121094 0.404297 0.123047 0.40918 0.128906 0.410156 0.134766 0.40918 0.138672 0.407227 0.143555 0.405273 0.146484 0.401367 0.145508 0.396484 0.141602 0.394531 0.138672 0.397461
0 0.149414 0.415039 0.147461 0.420898 0.143555 0.424805 0.141602 0.429688 0.143555 0.43457 0.147461 0.438477 0.15625 0.442383 0.162109 0.442383 0.166016 0.439453 0.166016 0.43457 0.167969 0.423828 0.164062 0.420898 0.161133 0.416992 0.160156 0.412109 0.155273 0.411133
0 0.191406 0.541016 0.191406 0.535156 0.18457 0.536133 0.179688 0.538086 0.174805 0.539062 0.169922 0.543945 0.167969 0.548828 0.169922 0.553711 0.171875 0.558594 0.179688 0.566406 0.18457 0.566406 0.189453 0.568359 0.194336 0.566406 0.194336 0.561523 0.196289 0.556641 0.195312 0.545898
0 0.199219 0.518555 0.194336 0.517578 0.189453 0.517578 0.185547 0.521484 0.183594 0.526367 0.183594 0.53125 0.1875 0.535156 0.192383 0.537109 0.193359 0.541992 0.193359 0.546875 0.198242 0.548828 0.208008 0.548828 0.208984 0.543945 0.208008 0.539062 0.211914 0.536133 0.212891 0.53125 0.211914 0.526367 0.209961 0.521484 0.206055 0.518555
0 0.180664 0.496094 0.179688 0.50293 0.178711 0.507812 0.174805 0.510742 0.175781 0.516602 0.180664 0.517578 0.189453 0.516602 0.194336 0.518555 0.199219 0.515625 0.196289 0.510742 0.196289 0.505859 0.199219 0.500977 0.199219 0.496094 0.196289 0.491211 0.191406 0.491211 0.1875 0.494141 0.186523 0.494141
0 0.199219 0.492188 0.197266 0.498047 0.195312 0.50293 0.194336 0.512695 0.199219 0.515625 0.204102 0.514648 0.207031 0.509766 0.211914 0.507812 0.21582 0.503906 0.214844 0.499023 0.211914 0.494141 0.208008 0.491211
0 0.197266 0.472656 0.193359 0.481445 0.192383 0.486328 0.194336 0.491211 0.199219 0.493164 0.207031 0.493164 0.208984 0.488281 0.207031 0.483398 0.207031 0.477539 0.203125 0.474609
0 0.18457 0.466797 0.182617 0.474609 0.177734 0.476562 0.174805 0.481445 0.173828 0.486328 0.174805 0.49707 0.178711 0.500977 0.183594 0.499023 0.188477 0.496094 0.193359 0.494141 0.195312 0.489258 0.195312 0.483398 0.192383 0.474609 0.19043 0.469727
0 0.0244141 0.564453 0.0205078 0.569336 0.0185547 0.574219 0.0214844 0.578125 0.0253906 0.581055 0.0400391 0.584961 0.0419922 0.580078 0.0429688 0.575195 0.0419922 0.570312 0.0380859 0.566406 0.0332031 0.56543
0 0.078125 0.610352 0.0722656 0.609375 0.0673828 0.606445 0.0664062 0.601562 0.0693359 0.59668 0.0683594 0.591797 0.0732422 0.588867 0.0791016 0.587891 0.0830078 0.591797 0.0849609 0.59668 0.0888672 0.599609 0.0888672 0.604492 0.0839844 0.607422
0 0.100586 0.578125 0.0947266 0.580078 0.0957031 0.584961 0.0996094 0.587891 0.102539 0.591797 0.106445 0.594727 0.111328 0.592773 0.112305 0.587891 0.116211 0.583984 0.115234 0.579102 0.112305 0.575195 0.107422 0.573242
0 0.113281 0.583984 0.112305 0.589844 0.108398 0.592773 0.106445 0.597656 0.110352 0.601562 0.12207 0.610352 0.125977 0.606445 0.12793 0.601562 0.128906 0.59668 0.12793 0.585938 0.124023 0.583008 0.118164 0.583008
0 0.124023 0.572266 0.119141 0.575195 0.120117 0.580078 0.123047 0.583984 0.12793 0.585938 0.133789 0.585938 0.137695 0.582031 0.141602 0.578125 0.140625 0.573242 0.137695 0.569336 0.132812 0.566406 0.126953 0.566406
0 0.130859 0.586914 0.126953 0.59082 0.126953 0.595703 0.126953 0.600586 0.131836 0.602539 0.136719 0.602539 0.141602 0.599609 0.142578 0.594727 0.139648 0.589844
0 0.144531 0.570312 0.140625 0.576172 0.137695 0.580078 0.135742 0.584961 0.139648 0.588867 0.144531 0.589844 0.149414 0.587891 0.151367 0.583984 0.15625 0.581055 0.157227 0.576172 0.154297 0.572266 0.149414 0.570312
0 0.00585938 0.765625 0.00390625 0.771484 0.0078125 0.775391 0.0126953 0.777344 0.0166016 0.774414 0.0214844 0.765625 0.0195312 0.760742 0.0146484 0.759766 0.0107422 0.763672
0 0.0302734 0.763672 0.0253906 0.766602 0.0214844 0.769531 0.0224609 0.775391 0.0263672 0.777344 0.0322266 0.777344 0.0351562 0.773438 0.0390625 0.770508 0.0400391 0.765625 0.0400391 0.759766 0.0351562 0.758789
0 0.0449219 0.757812 0.0410156 0.760742 0.0400391 0.765625 0.0419922 0.770508 0.046875 0.772461 0.0517578 0.770508 0.0566406 0.769531 0.0585938 0.764648 0.0566406 0.759766 0.0537109 0.755859 0.046875 0.757812
0 0.0634766 0.751953 0.0566406 0.755859 0.0576172 0.760742 0.0595703 0.765625 0.0625 0.769531 0.0673828 0.768555 0.0712891 0.765625 0.0722656 0.759766 0.0712891 0.754883
0 0.0800781 0.755859 0.0751953 0.761719 0.0771484 0.766602 0.078125 0.771484 0.0830078 0.773438 0.0878906 0.773438 0.0957031 0.769531 0.0966797 0.764648 0.0976562 0.759766 0.0976562 0.753906 0.0927734 0.751953 0.0898438 0.748047 0.0810547 0.743164 0.078125 0.748047
0 0.0732422 0.866211 0.0722656 0.858398 0.0761719 0.854492 0.0810547 0.854492 0.0859375 0.857422 0.0878906 0.862305 0.0878906 0.867188 0.0849609 0.871094 0.0800781 0.87207
0 0.0644531 0.871094 0.0595703 0.870117 0.0546875 0.869141 0.0527344 0.864258 0.0566406 0.860352 0.0595703 0.856445 0.0644531 0.855469 0.0693359 0.856445 0.0732422 0.860352 0.0732422 0.865234 0.0703125 0.870117
0 0.0605469 0.930664 0.0576172 0.925781 0.0576172 0.919922 0.0615234 0.916016 0.0664062 0.916992 0.0712891 0.918945 0.0742188 0.922852 0.0722656 0.927734 0.0683594 0.930664
0 0.0615234 0.914062 0.0566406 0.911133 0.0556641 0.90625 0.0576172 0.901367 0.0625 0.900391 0.0664062 0.90332 0.0712891 0.90332 0.0722656 0.908203 0.0693359 0.913086
0 0.0585938 0.900391 0.0537109 0.900391 0.0546875 0.893555 0.0527344 0.888672 0.0566406 0.884766 0.0615234 0.885742 0.0654297 0.887695 0.0693359 0.892578 0.0673828 0.897461
0 0.0576172 0.884766 0.0527344 0.883789 0.0507812 0.879883 0.0498047 0.875 0.0556641 0.873047 0.0605469 0.873047 0.0644531 0.875977 0.0664062 0.880859
0 0 0.87793 0.00585938 0.878906 0.0107422 0.87793 0.0136719 0.874023 0.0126953 0.869141 0.00976562 0.865234 0.00488281 0.862305 0.000976562 0.859375
0 0 0.928711 0.00585938 0.929688 0.00976562 0.924805 0.0107422 0.919922 0.00976562 0.915039 0.00683594 0.910156 0.00195312 0.908203 0 0.913086
0 0 0.931641 0 0.947266 0.00585938 0.952148 0.0107422 0.950195 0.015625 0.949219 0.0166016 0.944336 0.0166016 0.939453 0.015625 0.93457 0.0107422 0.931641
0 0.00878906 0.966797 0.00195312 0.97168 0.00390625 0.976562 0.00683594 0.980469 0.0146484 0.985352 0.0195312 0.982422 0.0214844 0.977539 0.0224609 0.972656 0.0185547 0.96875 0.0146484 0.966797 0.0107422 0.96582
0 0.0078125 0.963867 0.00195312 0.957031 0.00195312 0.952148 0.00488281 0.947266 0.00976562 0.947266 0.015625 0.950195 0.0205078 0.950195 0.0234375 0.954102 0.0224609 0.959961 0.0185547 0.963867 0.0136719 0.966797
0 0.0654297 0.963867 0.0615234 0.967773 0.0615234 0.972656 0.0625 0.978516 0.0664062 0.981445 0.0722656 0.981445 0.0771484 0.983398 0.0810547 0.979492 0.0791016 0.974609 0.0751953 0.97168 0.0800781 0.96875 0.0791016 0.963867 0.0751953 0.959961 0.0683594 0.952148 0.0644531 0.955078
0 0.0722656 0.987305 0.0654297 0.987305 0.0644531 0.992188 0.0664062 0.99707 0.0703125 1 0.0820312 1 0.0830078 0.994141 0.0839844 0.989258 0.0800781 0.986328
0 0.0927734 0.96875 0.0917969 0.975586 0.0908203 0.980469 0.0947266 0.983398 0.0986328 0.987305 0.103516 0.985352 0.108398 0.984375 0.110352 0.979492 0.113281 0.975586 0.114258 0.970703 0.114258 0.96582 0.110352 0.961914 0.105469 0.959961 0.100586 0.958984 0.0966797 0.962891
0 0.104492 0.987305 0.102539 0.992188 0.100586 0.99707 0.104492 1 0.116211 1 0.119141 0.995117 0.121094 0.990234 0.119141 0.985352 0.115234 0.981445 0.110352 0.984375 0.105469 0.982422
0 0.103516 0.951172 0.101562 0.947266 0.104492 0.943359 0.113281 0.936523 0.118164 0.938477 0.121094 0.942383 0.118164 0.947266 0.114258 0.950195 0.109375 0.956055 0.105469 0.957031
0 0.120117 0.927734 0.119141 0.922852 0.115234 0.918945 0.119141 0.916016 0.12207 0.912109 0.126953 0.912109 0.136719 0.916016 0.136719 0.920898 0.135742 0.925781 0.132812 0.930664 0.12793 0.931641
0 0.132812 0.94043 0.126953 0.944336 0.126953 0.944336 0.125 0.948242 0.12793 0.952148 0.132812 0.953125 0.137695 0.954102 0.142578 0.951172 0.145508 0.947266 0.143555 0.942383 0.141602 0.9375
0 0 0.257812 0.00585938 0.256836 0.00976562 0.259766 0.0146484 0.267578 0.0126953 0.272461 0.00878906 0.276367 0.00390625 0.277344 0 0.274414
0 0 0.249023 0 0.232422 0.00195312 0.226562 0.00683594 0.223633 0.0117188 0.224609 0.0166016 0.226562 0.0224609 0.234375 0.0205078 0.239258 0.0175781 0.243164 0.00976562 0.25 0.00488281 0.251953
1 0 0.203125 0 0.12793 0.0107422 0.121094 0.0107422 0.115234 0.0136719 0.111328 0.0175781 0.108398 0.0195312 0.102539 0.0224609 0.0986328 0.0283203 0.0976562 0.0332031 0.0976562 0.0361328 0.0917969 0.0361328 0.0869141 0.0410156 0.0859375 0.0458984 0.0878906 0.0498047 0.0898438 0.0556641 0.0898438 0.0585938 0.0849609 0.0664062 0.0800781 0.0712891 0.0771484 0.0751953 0.0732422 0.0839844 0.0683594 0.0888672 0.0683594 0.09375 0.0703125 0.0986328 0.0732422 0.101562 0.078125 0.100586 0.0830078 0.0966797 0.0869141 0.09375 0.0908203 0.0927734 0.0966797 0.0908203 0.101562 0.0859375 0.103516 0.0810547 0.104492 0.0751953 0.104492 0.0722656 0.108398 0.0683594 0.112305 0.0625 0.112305 0.0585938 0.116211 0.0576172 0.121094 0.0595703 0.125977 0.0576172 0.130859 0.0527344 0.130859 0.0488281 0.133789 0.0488281 0.139648 0.0458984 0.144531 0.0400391 0.152344 0.0332031 0.152344 0.0273438 0.151367 0.0234375 0.154297 0.0205078 0.158203 0.0185547 0.163086 0.0224609 0.166992 0.0244141 0.171875 0.0214844 0.176758 0.0185547 0.180664 0.0224609 0.18457 0.0214844 0.189453 0.0185547 0.194336 0.0195312 0.199219 0.0146484 0.203125 0.00976562 0.206055 0.00488281 0.206055 0 0.208008
0 0.118164 0.114258 0.113281 0.119141 0.116211 0.123047 0.120117 0.126953 0.125977 0.126953 0.12793 0.12207 0.128906 0.117188 0.132812 0.113281 0.130859 0.108398 0.125977 0.106445 0.121094 0.108398
0 0.131836 0.147461 0.124023 0.15918 0.126953 0.163086 0.129883 0.168945 0.132812 0.172852 0.138672 0.172852 0.141602 0.167969 0.141602 0.163086 0.143555 0.158203 0.147461 0.149414 0.147461 0.143555 0.145508 0.138672 0.141602 0.135742 0.136719 0.138672 0.133789 0.143555
0 0.12207 0.157227 0.116211 0.157227 0.115234 0.162109 0.116211 0.166992 0.119141 0.170898 0.121094 0.175781 0.125977 0.177734 0.129883 0.174805 0.128906 0.169922 0.126953 0.165039 0.125977 0.160156
0 0.136719 0.178711 0.128906 0.18457 0.125977 0.189453 0.125 0.194336 0.12793 0.199219 0.124023 0.202148 0.121094 0.207031 0.125 0.211914 0.126953 0.216797 0.133789 0.224609 0.137695 0.222656 0.141602 0.21875 0.142578 0.213867 0.143555 0.208008 0.147461 0.204102 0.147461 0.198242 0.150391 0.1875 0.152344 0.182617 0.151367 0.177734 0.146484 0.174805 0.140625 0.174805
1 0.201172 0.461914 0.195312 0.454102 0.197266 0.449219 0.192383 0.448242 0.188477 0.444336 0.188477 0.438477 0.189453 0.433594 0.194336 0.430664 0.198242 0.426758 0.206055 0.421875 0.21582 0.418945 0.216797 0.413086 0.214844 0.408203 0.212891 0.397461 0.208984 0.388672 0.203125 0.380859 0.203125 0.375977 0.199219 0.373047 0.196289 0.368164 0.191406 0.365234 0.18457 0.356445 0.18457 0.351562 0.185547 0.34668 0.1875 0.336914 0.189453 0.326172 0.193359 0.322266 0.198242 0.320312 0.202148 0.316406 0.205078 0.3125 0.208984 0.30957 0.213867 0.308594 0.216797 0.303711 0.217773 0.297852 0.220703 0.293945 0.22168 0.289062 0.227539 0.28125 0.231445 0.28418 0.233398 0.289062 0.233398 0.294922 0.236328 0.304688 0.235352 0.30957 0.230469 0.3125 0.234375 0.316406 0.237305 0.324219 0.238281 0.329102 0.243164 0.337891 0.244141 0.342773 0.243164 0.348633 0.243164 0.353516 0.241211 0.359375 0.238281 0.363281 0.238281 0.368164 0.243164 0.37207 0.243164 0.376953 0.243164 0.381836 0.246094 0.386719 0.25 0.388672 0.257812 0.395508 0.259766 0.401367 0.256836 0.40625 0.251953 0.40918 0.24707 0.410156 0.245117 0.415039 0.25 0.416992 0.254883 0.416992 0.258789 0.413086 0.264648 0.413086 0.266602 0.417969 0.266602 0.423828 0.270508 0.425781 0.272461 0.431641 0.269531 0.436523 0.262695 0.443359 0.257812 0.445312 0.254883 0.449219 0.25 0.449219 0.245117 0.451172 0.241211 0.456055 0.237305 0.458984 0.227539 0.463867 0.222656 0.463867 0.217773 0.46582 0.212891 0.466797 0.208008 0.466797
0 0.185547 0.295898 0.18457 0.290039 0.181641 0.286133 0.181641 0.280273 0.185547 0.276367 0.189453 0.273438 0.194336 0.272461 0.198242 0.276367 0.204102 0.276367 0.208008 0.279297 0.207031 0.285156 0.205078 0.294922 0.208984 0.298828 0.208008 0.303711 0.204102 0.306641 0.199219 0.308594 0.194336 0.308594 0.191406 0.303711 0.191406 0.298828
0 0.206055 0.277344 0.205078 0.272461 0.208008 0.267578 0.212891 0.264648 0.216797 0.260742 0.22168 0.262695 0.223633 0.267578 0.225586 0.272461 0.225586 0.277344 0.222656 0.282227 0.214844 0.288086 0.209961 0.287109 0.207031 0.283203
0 0.185547 0.297852 0.178711 0.295898 0.178711 0.300781 0.173828 0.298828 0.168945 0.299805 0.166016 0.304688 0.161133 0.304688 0.158203 0.308594 0.15918 0.314453 0.163086 0.317383 0.166016 0.321289 0.171875 0.319336 0.177734 0.317383 0.182617 0.318359 0.186523 0.314453 0.185547 0.30957 0.189453 0.306641 0.192383 0.302734 0.191406 0.297852
0 0.181641 0.652344 0.177734 0.655273 0.177734 0.660156 0.182617 0.661133 0.1875 0.661133 0.192383 0.660156 0.195312 0.654297 0.197266 0.649414 0.197266 0.644531 0.193359 0.640625 0.1875 0.641602 0.183594 0.644531
0 0.169922 0.658203 0.163086 0.65625 0.166016 0.651367 0.174805 0.645508 0.177734 0.650391 0.174805 0.655273
0 0.207031 0.638672 0.203125 0.634766 0.203125 0.628906 0.207031 0.625977 0.211914 0.623047 0.216797 0.624023 0.22168 0.626953 0.222656 0.631836 0.219727 0.636719 0.211914 0.641602
0 0.244141 0.604492 0.238281 0.601562 0.241211 0.59668 0.244141 0.592773 0.249023 0.59082 0.253906 0.59082 0.258789 0.59375 0.257812 0.598633 0.253906 0.601562
0 0.237305 0.759766 0.231445 0.760742 0.231445 0.755859 0.230469 0.745117 0.231445 0.739258 0.229492 0.734375 0.233398 0.730469 0.238281 0.729492 0.243164 0.731445 0.245117 0.736328 0.25 0.745117 0.250977 0.75 0.25 0.754883 0.25 0.760742 0.245117 0.762695
0 0.241211 0.788086 0.240234 0.793945 0.241211 0.798828 0.246094 0.800781 0.250977 0.797852 0.25 0.792969 0.248047 0.786133 0.246094 0.787109
0 0.330078 0.816406 0.324219 0.817383 0.321289 0.813477 0.316406 0.803711 0.318359 0.798828 0.322266 0.793945 0.327148 0.795898 0.331055 0.798828 0.338867 0.805664 0.336914 0.810547
0 0.331055 0.831055 0.330078 0.84082 0.333008 0.844727 0.337891 0.845703 0.341797 0.842773 0.34375 0.837891 0.342773 0.833008 0.337891 0.830078
0 0.355469 0.799805 0.351562 0.806641 0.353516 0.811523 0.350586 0.81543 0.350586 0.820312 0.353516 0.825195 0.359375 0.825195 0.369141 0.824219 0.375 0.823242 0.375977 0.818359 0.376953 0.813477 0.375977 0.806641 0.371094 0.806641 0.361328 0.805664
0 0.393555 0.883789 0.395508 0.900391 0.396484 0.905273 0.399414 0.910156 0.400391 0.915039 0.398438 0.919922 0.400391 0.924805 0.404297 0.927734 0.40918 0.924805 0.411133 0.919922 0.415039 0.916016 0.416992 0.910156 0.416016 0.899414 0.412109 0.895508 0.40918 0.890625 0.405273 0.887695
0 0.418945 0.90332 0.416992 0.912109 0.411133 0.914062 0.405273 0.920898 0.407227 0.926758 0.412109 0.929688 0.416992 0.927734 0.419922 0.922852 0.423828 0.908203
0 0.439453 0.980469 0.43457 0.987305 0.429688 0.989258 0.430664 0.994141 0.432617 0.999023 0.4375 1 0.443359 1 0.452148 1 0.452148 0.995117 0.450195 0.989258 0.451172 0.984375 0.448242 0.980469
0 0.303711 0.710938 0.298828 0.707031 0.299805 0.702148 0.304688 0.699219 0.310547 0.699219 0.314453 0.703125 0.31543 0.708984 0.310547 0.710938
0 0.282227 0.666016 0.277344 0.664062 0.274414 0.660156 0.271484 0.655273 0.272461 0.649414 0.276367 0.646484 0.28125 0.646484 0.286133 0.647461 0.291016 0.650391 0.291992 0.655273 0.292969 0.660156 0.289062 0.664062
0 0.167969 0.230469 0.162109 0.227539 0.161133 0.22168 0.164062 0.217773 0.165039 0.211914 0.170898 0.212891 0.172852 0.217773 0.175781 0.222656 0.174805 0.228516
0 0.173828 0.244141 0.168945 0.24707 0.171875 0.250977 0.176758 0.253906 0.180664 0.25 0.182617 0.245117 0.180664 0.240234
0 0.182617 0.217773 0.176758 0.210938 0.178711 0.202148 0.182617 0.199219 0.185547 0.193359 0.189453 0.19043 0.194336 0.192383 0.197266 0.196289 0.198242 0.202148 0.201172 0.210938 0.200195 0.216797 0.196289 0.219727 0.186523 0.22168
0 0.219727 0.208008 0.210938 0.210938 0.208984 0.21582 0.208984 0.22168 0.212891 0.225586 0.217773 0.227539 0.222656 0.226562 0.225586 0.22168 0.226562 0.213867 0.225586 0.209961
0 0.220703 0.202148 0.220703 0.208008 0.223633 0.212891 0.228516 0.213867 0.232422 0.209961 0.237305 0.208008 0.239258 0.203125 0.236328 0.199219 0.233398 0.195312 0.228516 0.196289 0.223633 0.199219
0 0.24707 0.228516 0.241211 0.231445 0.239258 0.235352 0.241211 0.241211 0.24707 0.249023 0.251953 0.249023 0.256836 0.249023 0.265625 0.24707 0.266602 0.242188 0.264648 0.231445 0.261719 0.226562 0.256836 0.224609 0.251953 0.226562
0 0.192383 0.114258 0.1875 0.116211 0.186523 0.121094 0.19043 0.125 0.192383 0.129883 0.188477 0.132812 0.191406 0.136719 0.197266 0.137695 0.200195 0.132812 0.201172 0.12793 0.203125 0.123047 0.202148 0.118164 0.207031 0.115234 0.208008 0.110352 0.204102 0.106445 0.199219 0.104492 0.195312 0.108398
0 0.212891 0.107422 0.208008 0.109375 0.206055 0.114258 0.207031 0.123047 0.211914 0.123047 0.216797 0.120117 0.219727 0.115234 0.219727 0.110352
0 0.171875 0.167969 0.167969 0.164062 0.170898 0.160156 0.175781 0.15918 0.180664 0.161133 0.179688 0.166016 0.174805 0.168945
0 0.25293 0.147461 0.248047 0.145508 0.246094 0.140625 0.24707 0.135742 0.25 0.131836 0.253906 0.128906 0.258789 0.12793 0.263672 0.129883 0.267578 0.133789 0.266602 0.138672 0.262695 0.146484 0.257812 0.145508
0 0.253906 0.151367 0.25293 0.15918 0.25293 0.164062 0.257812 0.162109 0.262695 0.162109 0.267578 0.160156 0.269531 0.155273 0.269531 0.150391 0.265625 0.146484 0.260742 0.146484
0 0.254883 0.171875 0.254883 0.179688 0.257812 0.183594 0.262695 0.182617 0.266602 0.178711 0.263672 0.173828 0.259766 0.170898
0 0.220703 0.146484 0.21875 0.15332 0.222656 0.15625 0.228516 0.155273 0.231445 0.151367 0.227539 0.148438
0 0.219727 0.103516 0.21582 0.0996094 0.211914 0.0966797 0.214844 0.0917969 0.21875 0.0888672 0.223633 0.0878906 0.228516 0.0898438 0.230469 0.0947266 0.229492 0.0996094 0.226562 0.103516
0 0.213867 0.0927734 0.209961 0.0898438 0.209961 0.0839844 0.213867 0.0810547 0.217773 0.078125 0.222656 0.0771484 0.227539 0.0791016 0.226562 0.0839844 0.223633 0.0878906 0.21875 0.0898438
0 0.225586 0.0546875 0.222656 0.0507812 0.225586 0.046875 0.234375 0.0439453 0.239258 0.0458984 0.241211 0.0537109 0.236328 0.0566406 0.231445 0.0576172
0 0.179688 0.0400391 0.174805 0.0380859 0.173828 0.0332031 0.179688 0.0341797 0.182617 0.0380859
0 0.188477 0.0341797 0.18457 0.03125 0.1875 0.0263672 0.192383 0.0244141 0.196289 0.0273438 0.194336 0.0322266
0 0.286133 0.0556641 0.283203 0.0595703 0.283203 0.0644531 0.287109 0.0683594 0.291992 0.0703125 0.293945 0.0654297 0.295898 0.0556641 0.292969 0.0517578 0.288086 0.0527344 0.288086 0.0556641
0 0.263672 0.0927734 0.257812 0.0878906 0.254883 0.0927734 0.255859 0.0976562 0.259766 0.101562 0.264648 0.103516 0.269531 0.104492 0.274414 0.104492 0.277344 0.0996094 0.279297 0.0947266 0.280273 0.0898438 0.276367 0.0859375 0.271484 0.0878906
0 0.320312 0.163086 0.323242 0.172852 0.328125 0.172852 0.333984 0.174805 0.337891 0.170898 0.339844 0.166016 0.34082 0.160156 0.337891 0.15625 0.333008 0.155273 0.327148 0.15625
0 0.332031 0.133789 0.325195 0.128906 0.324219 0.123047 0.324219 0.118164 0.328125 0.115234 0.333008 0.115234 0.336914 0.111328 0.341797 0.109375 0.34668 0.109375 0.351562 0.112305 0.352539 0.118164 0.350586 0.123047 0.347656 0.132812 0.34375 0.137695 0.338867 0.139648
0 0.328125 0.108398 0.323242 0.101562 0.319336 0.0986328 0.321289 0.09375 0.325195 0.0908203 0.330078 0.0888672 0.334961 0.0869141 0.34375 0.0849609 0.348633 0.0878906 0.351562 0.09375 0.354492 0.104492 0.350586 0.107422 0.344727 0.108398 0.339844 0.109375
0 0.361328 0.110352 0.354492 0.101562 0.354492 0.0957031 0.357422 0.0908203 0.363281 0.0898438 0.368164 0.0898438 0.374023 0.0917969 0.374023 0.0966797 0.376953 0.101562 0.381836 0.103516 0.383789 0.109375 0.382812 0.114258 0.378906 0.117188 0.373047 0.118164 0.368164 0.116211
0 0.364258 0.0332031 0.360352 0.0273438 0.364258 0.0244141 0.365234 0.0185547 0.365234 0.0136719 0.369141 0.00976562 0.374023 0.0078125 0.378906 0.00585938 0.383789 0.00585938 0.388672 0.0078125 0.391602 0.0126953 0.391602 0.0185547 0.390625 0.0244141 0.385742 0.0332031 0.380859 0.0351562 0.371094 0.0371094
0 0.363281 0.0234375 0.355469 0.0214844 0.354492 0.0166016 0.353516 0.0107422 0.350586 0.00683594 0.350586 0.00195312 0.356445 0 0.361328 0 0.381836 0 0.385742 0.00488281 0.385742 0.0107422 0.383789 0.015625 0.379883 0.0185547 0.375 0.0185547 0.370117 0.0195312
0 0.375977 0.148438 0.371094 0.148438 0.367188 0.151367 0.367188 0.15625 0.369141 0.161133 0.374023 0.164062 0.378906 0.163086 0.383789 0.161133 0.384766 0.15625 0.384766 0.151367 0.382812 0.146484
0 0.354492 0.138672 0.349609 0.137695 0.347656 0.12793 0.351562 0.125 0.360352 0.123047 0.362305 0.12793 0.360352 0.132812
0 0.383789 0.175781 0.388672 0.178711 0.392578 0.174805 0.397461 0.175781 0.402344 0.172852 0.404297 0.167969 0.402344 0.163086 0.398438 0.160156 0.394531 0.164062 0.389648 0.165039 0.385742 0.167969
0 0.366211 0.216797 0.363281 0.22168 0.366211 0.225586 0.371094 0.225586 0.375977 0.227539 0.378906 0.222656 0.378906 0.216797 0.375977 0.212891 0.371094 0.213867
0 0.40918 0.213867 0.40332 0.209961 0.40332 0.204102 0.408203 0.196289 0.412109 0.193359 0.416992 0.193359 0.421875 0.196289 0.422852 0.201172 0.421875 0.207031 0.419922 0.211914 0.416016 0.21582
0 0.4375 0.216797 0.4375 0.207031 0.438477 0.202148 0.443359 0.199219 0.448242 0.199219 0.452148 0.202148 0.456055 0.206055 0.457031 0.210938 0.457031 0.216797 0.454102 0.220703 0.450195 0.224609 0.445312 0.225586 0.44043 0.223633
0 0.462891 0.210938 0.458008 0.208984 0.454102 0.205078 0.455078 0.199219 0.459961 0.197266 0.464844 0.198242 0.46875 0.202148 0.46875 0.207031
0 0.4375 0.220703 0.430664 0.227539 0.429688 0.232422 0.429688 0.237305 0.433594 0.241211 0.438477 0.243164 0.442383 0.246094 0.447266 0.245117 0.450195 0.240234 0.449219 0.234375 0.446289 0.230469
0 0.429688 0.239258 0.421875 0.245117 0.418945 0.249023 0.414062 0.25 0.410156 0.254883 0.410156 0.259766 0.411133 0.264648 0.416992 0.266602 0.421875 0.264648 0.426758 0.265625 0.431641 0.263672 0.4375 0.261719 0.44043 0.256836 0.439453 0.251953 0.436523 0.248047
0 0.411133 0.259766 0.40332 0.264648 0.398438 0.263672 0.393555 0.265625 0.388672 0.267578 0.386719 0.273438 0.390625 0.276367 0.392578 0.282227 0.397461 0.290039 0.402344 0.290039 0.413086 0.291992 0.416992 0.289062 0.415039 0.28418 0.413086 0.279297 0.412109 0.274414 0.413086 0.268555
0 0.395508 0.291992 0.389648 0.287109 0.386719 0.291992 0.383789 0.296875 0.383789 0.302734 0.385742 0.307617 0.389648 0.310547 0.394531 0.3125 0.399414 0.314453 0.405273 0.311523 0.408203 0.306641 0.414062 0.305664 0.416016 0.301758 0.416992 0.295898 0.414062 0.291992 0.410156 0.288086 0.405273 0.287109 0.401367 0.292969
0 0.443359 0.293945 0.449219 0.305664 0.455078 0.303711 0.459961 0.301758 0.467773 0.294922 0.466797 0.289062 0.462891 0.286133 0.458008 0.283203 0.452148 0.283203 0.444336 0.287109
0 0.396484 0.344727 0.387695 0.34668 0.382812 0.34375 0.379883 0.339844 0.376953 0.334961 0.379883 0.330078 0.382812 0.326172 0.386719 0.321289 0.391602 0.319336 0.396484 0.323242 0.404297 0.330078 0.40332 0.334961 0.399414 0.338867
0 0.439453 0.332031 0.435547 0.325195 0.429688 0.325195 0.424805 0.322266 0.423828 0.316406 0.424805 0.310547 0.426758 0.305664 0.430664 0.302734 0.436523 0.302734 0.441406 0.304688 0.450195 0.30957 0.451172 0.31543 0.451172 0.321289 0.450195 0.327148 0.447266 0.331055 0.444336 0.335938
0 0.408203 0.331055 0.399414 0.331055 0.397461 0.335938 0.396484 0.34082 0.397461 0.34668 0.398438 0.352539 0.40332 0.353516 0.40918 0.351562 0.412109 0.347656 0.416016 0.350586 0.420898 0.351562 0.427734 0.350586 0.432617 0.349609 0.441406 0.344727 0.443359 0.339844 0.441406 0.334961 0.439453 0.330078 0.43457 0.321289 0.429688 0.320312 0.424805 0.317383 0.419922 0.31543 0.416016 0.319336 0.413086 0.324219
0 0.389648 0.363281 0.383789 0.363281 0.379883 0.359375 0.37793 0.354492 0.378906 0.349609 0.380859 0.344727 0.385742 0.34375 0.390625 0.34375 0.396484 0.345703 0.399414 0.350586 0.399414 0.355469 0.396484 0.360352
0 0.420898 0.376953 0.40918 0.386719 0.40918 0.391602 0.411133 0.396484 0.416992 0.396484 0.421875 0.394531 0.425781 0.391602 0.426758 0.385742 0.425781 0.380859
0 0.429688 0.385742 0.422852 0.379883 0.418945 0.375977 0.421875 0.371094 0.426758 0.370117 0.431641 0.368164 0.441406 0.370117 0.44043 0.375977 0.435547 0.379883
0 0.429688 0.389648 0.421875 0.392578 0.421875 0.398438 0.423828 0.40332 0.426758 0.407227 0.432617 0.407227 0.442383 0.40332 0.444336 0.392578 0.441406 0.388672 0.4375 0.384766 0.433594 0.381836
0 0.448242 0.392578 0.443359 0.390625 0.44043 0.385742 0.443359 0.380859 0.448242 0.379883 0.453125 0.376953 0.458008 0.376953 0.462891 0.379883 0.463867 0.385742 0.460938 0.389648 0.456055 0.392578
0 0.463867 0.390625 0.451172 0.393555 0.447266 0.397461 0.449219 0.402344 0.455078 0.402344 0.459961 0.401367 0.463867 0.396484
0 0.472656 0.381836 0.476562 0.375977 0.482422 0.374023 0.488281 0.373047 0.493164 0.375 0.494141 0.379883 0.491211 0.383789 0.486328 0.386719 0.482422 0.390625 0.480469 0.395508 0.476562 0.398438 0.470703 0.399414 0.46582 0.397461 0.46582 0.392578
0 0.322266 0.425781 0.313477 0.425781 0.30957 0.421875 0.304688 0.419922 0.303711 0.415039 0.30957 0.414062 0.3125 0.40918 0.31543 0.405273 0.321289 0.404297 0.325195 0.408203 0.327148 0.413086 0.326172 0.421875 0.325195 0.422852
0 0.374023 0.415039 0.368164 0.411133 0.368164 0.40625 0.37207 0.398438 0.380859 0.394531 0.386719 0.396484 0.390625 0.400391 0.390625 0.40625 0.387695 0.410156 0.382812 0.413086
0 0.286133 0.499023 0.28418 0.493164 0.288086 0.490234 0.293945 0.490234 0.295898 0.495117 0.291992 0.498047 0.289062 0.499023
0 0.306641 0.474609 0.301758 0.472656 0.302734 0.467773 0.307617 0.464844 0.3125 0.463867 0.316406 0.467773 0.314453 0.472656 0.311523 0.476562 0.308594 0.475586
0 0.338867 0.484375 0.337891 0.478516 0.34082 0.473633 0.345703 0.474609 0.348633 0.479492 0.348633 0.484375 0.344727 0.487305
0 0.369141 0.486328 0.367188 0.480469 0.37207 0.478516 0.376953 0.476562 0.381836 0.475586 0.386719 0.476562 0.386719 0.482422 0.385742 0.487305 0.380859 0.489258 0.375977 0.488281
0 0.385742 0.524414 0.382812 0.518555 0.386719 0.514648 0.391602 0.513672 0.393555 0.518555 0.391602 0.523438
0 0.410156 0.492188 0.407227 0.485352 0.40625 0.480469 0.410156 0.476562 0.415039 0.477539 0.419922 0.479492 0.422852 0.484375 0.423828 0.489258 0.418945 0.490234
0 0.414062 0.503906 0.410156 0.506836 0.412109 0.511719 0.416992 0.510742 0.420898 0.506836
0 0.428711 0.494141 0.423828 0.501953 0.428711 0.503906 0.427734 0.508789 0.430664 0.515625 0.435547 0.514648 0.4375 0.509766 0.442383 0.506836 0.441406 0.501953 0.4375 0.498047 0.432617 0.496094
0 0.432617 0.515625 0.430664 0.521484 0.428711 0.526367 0.432617 0.529297 0.4375 0.52832 0.443359 0.522461 0.44043 0.517578
0 0.442383 0.455078 0.4375 0.449219 0.4375 0.443359 0.442383 0.436523 0.446289 0.44043 0.452148 0.443359 0.457031 0.441406 0.461914 0.444336 0.460938 0.450195 0.457031 0.454102 0.453125 0.457031 0.447266 0.457031
0 0.467773 0.463867 0.462891 0.459961 0.463867 0.455078 0.466797 0.450195 0.470703 0.446289 0.475586 0.444336 0.480469 0.445312 0.485352 0.448242 0.487305 0.453125 0.489258 0.463867 0.484375 0.466797 0.479492 0.469727 0.474609 0.467773
0 0.435547 0.550781 0.430664 0.554688 0.432617 0.55957 0.438477 0.567383 0.444336 0.56543 0.446289 0.561523 0.451172 0.558594 0.448242 0.553711 0.447266 0.548828 0.445312 0.543945 0.44043 0.545898
0 0.443359 0.564453 0.442383 0.569336 0.446289 0.573242 0.452148 0.573242 0.460938 0.569336 0.460938 0.564453 0.459961 0.558594 0.458008 0.553711 0.454102 0.550781 0.449219 0.553711 0.446289 0.558594
0 0.342773 0.599609 0.330078 0.602539 0.327148 0.59668 0.323242 0.592773 0.323242 0.587891 0.324219 0.582031 0.327148 0.577148 0.336914 0.570312 0.342773 0.573242 0.34668 0.576172 0.349609 0.582031 0.350586 0.586914 0.34668 0.59668
0 0.37207 0.670898 0.365234 0.670898 0.360352 0.669922 0.360352 0.664062 0.365234 0.662109 0.368164 0.658203 0.369141 0.65332 0.374023 0.650391 0.378906 0.651367 0.379883 0.65625 0.375977 0.660156 0.376953 0.665039
0 0.412109 0.647461 0.404297 0.645508 0.40332 0.640625 0.407227 0.637695 0.413086 0.637695 0.414062 0.642578
0 0.416016 0.670898 0.412109 0.666992 0.415039 0.663086 0.419922 0.665039
0 0.444336 0.711914 0.439453 0.711914 0.43457 0.709961 0.436523 0.705078 0.439453 0.701172 0.444336 0.699219 0.450195 0.699219 0.455078 0.702148 0.456055 0.708008 0.452148 0.710938
0 0.500977 0.652344 0.494141 0.649414 0.496094 0.644531 0.498047 0.639648 0.50293 0.636719 0.507812 0.638672 0.510742 0.642578 0.510742 0.647461 0.508789 0.652344
0 0.490234 0.639648 0.484375 0.637695 0.480469 0.634766 0.480469 0.625977 0.485352 0.624023 0.489258 0.620117 0.494141 0.621094 0.498047 0.624023 0.5 0.629883 0.498047 0.638672
0 0.514648 0.625977 0.520508 0.617188 0.525391 0.615234 0.527344 0.621094 0.527344 0.626953 0.521484 0.62793
0 0.5 0.561523 0.495117 0.556641 0.49707 0.551758 0.501953 0.549805 0.505859 0.552734 0.507812 0.557617
0 0.508789 0.546875 0.504883 0.540039 0.509766 0.535156 0.511719 0.530273 0.515625 0.527344 0.520508 0.52832 0.522461 0.533203 0.524414 0.538086 0.524414 0.543945 0.520508 0.547852 0.515625 0.548828
0 0.520508 0.53125 0.517578 0.524414 0.514648 0.520508 0.517578 0.516602 0.522461 0.516602 0.532227 0.514648 0.538086 0.514648 0.541992 0.518555 0.541016 0.524414 0.538086 0.52832 0.532227 0.537109 0.527344 0.535156
0 0.498047 0.503906 0.493164 0.5 0.496094 0.496094 0.501953 0.494141 0.505859 0.49707 0.508789 0.500977 0.507812 0.506836
0 0.511719 0.469727 0.500977 0.47168 0.499023 0.466797 0.503906 0.461914 0.508789 0.459961 0.512695 0.457031 0.518555 0.455078 0.523438 0.457031 0.523438 0.461914 0.522461 0.466797 0.517578 0.469727
0 0.53125 0.479492 0.52832 0.47168 0.533203 0.470703 0.542969 0.46875 0.547852 0.469727 0.552734 0.472656 0.553711 0.477539 0.553711 0.482422 0.551758 0.487305 0.546875 0.488281 0.541992 0.487305 0.536133 0.488281 0.53125 0.487305
0 0.571289 0.519531 0.566406 0.516602 0.564453 0.511719 0.560547 0.509766 0.558594 0.504883 0.564453 0.50293 0.569336 0.500977 0.580078 0.5 0.581055 0.505859 0.580078 0.513672 0.576172 0.518555
0 0.575195 0.537109 0.569336 0.542969 0.572266 0.547852 0.576172 0.550781 0.580078 0.547852 0.584961 0.544922 0.586914 0.540039 0.583008 0.537109
0 0.555664 0.584961 0.561523 0.59082 0.56543 0.587891 0.567383 0.583008 0.566406 0.578125 0.561523 0.576172 0.556641 0.577148
0 0.345703 0.615234 0.34082 0.620117 0.341797 0.625 0.34375 0.629883 0.34668 0.633789 0.351562 0.635742 0.355469 0.632812 0.358398 0.628906 0.356445 0.623047 0.352539 0.619141
0 0.428711 0.760742 0.424805 0.763672 0.424805 0.768555 0.429688 0.770508 0.432617 0.766602 0.435547 0.761719
0 0.43457 0.765625 0.431641 0.771484 0.436523 0.772461 0.439453 0.768555 0.438477 0.766602
0 0.442383 0.772461 0.436523 0.773438 0.438477 0.77832 0.442383 0.78125 0.447266 0.780273 0.446289 0.775391
0 0.538086 0.989258 0.53418 0.992188 0.537109 0.99707 0.541992 0.996094 0.546875 0.995117 0.546875 0.990234 0.545898 0.985352 0.541016 0.984375
0 0.543945 0.996094 0.542969 1 0.553711 1 0.550781 0.994141 0.547852 0.991211
0 0.539062 0.947266 0.537109 0.952148 0.540039 0.955078 0.544922 0.953125 0.544922 0.948242
0 0.553711 0.980469 0.557617 0.984375 0.5625 0.982422 0.563477 0.977539 0.561523 0.973633 0.554688 0.974609 0.552734 0.978516
0 0.563477 0.969727 0.5625 0.974609 0.567383 0.976562 0.569336 0.97168 0.569336 0.966797 0.564453 0.963867 0.560547 0.96582
0 0.519531 0.893555 0.514648 0.892578 0.511719 0.888672 0.510742 0.883789 0.513672 0.878906 0.517578 0.875977 0.521484 0.873047 0.526367 0.874023 0.530273 0.87793 0.53125 0.882812 0.53125 0.887695 0.530273 0.892578 0.525391 0.893555 0.520508 0.893555
0 0.498047 0.862305 0.494141 0.859375 0.492188 0.854492 0.496094 0.851562 0.501953 0.851562 0.500977 0.856445
0 0.569336 0.881836 0.560547 0.881836 0.560547 0.891602 0.56543 0.893555 0.567383 0.889648
0 0.568359 0.880859 0.568359 0.886719 0.569336 0.891602 0.575195 0.890625 0.577148 0.885742 0.581055 0.880859 0.576172 0.875977 0.572266 0.878906
0 0.583984 0.854492 0.577148 0.854492 0.576172 0.849609 0.580078 0.84668 0.582031 0.838867 0.588867 0.841797 0.59082 0.84668 0.59082 0.84668 0.587891 0.850586
0 0.608398 0.824219 0.597656 0.826172 0.59668 0.820312 0.59668 0.81543 0.598633 0.804688 0.602539 0.801758 0.607422 0.800781 0.613281 0.801758 0.618164 0.804688 0.620117 0.80957 0.619141 0.814453 0.616211 0.819336 0.615234 0.824219
0 0.586914 0.799805 0.575195 0.799805 0.574219 0.793945 0.572266 0.789062 0.568359 0.785156 0.569336 0.779297 0.573242 0.774414 0.578125 0.771484 0.581055 0.766602 0.583008 0.761719 0.585938 0.757812 0.59082 0.757812 0.595703 0.759766 0.600586 0.762695 0.601562 0.767578 0.601562 0.773438 0.603516 0.785156 0.601562 0.790039 0.600586 0.794922 0.59668 0.798828 0.591797 0.801758
0 0.550781 0.798828 0.545898 0.796875 0.542969 0.791992 0.544922 0.787109 0.550781 0.779297 0.555664 0.777344 0.560547 0.780273 0.5625 0.785156 0.5625 0.794922 0.557617 0.795898
0 0.509766 0.77832 0.504883 0.771484 0.5 0.770508 0.498047 0.765625 0.498047 0.760742 0.501953 0.756836 0.508789 0.748047 0.513672 0.746094 0.518555 0.746094 0.522461 0.75 0.521484 0.754883 0.521484 0.760742 0.523438 0.765625 0.523438 0.770508 0.519531 0.774414 0.515625 0.777344
0 0.59375 0.750977 0.59082 0.744141 0.594727 0.739258 0.59668 0.729492 0.599609 0.724609 0.604492 0.723633 0.610352 0.724609 0.617188 0.731445 0.616211 0.738281 0.611328 0.741211 0.607422 0.745117 0.607422 0.75 0.602539 0.75293
0 0.587891 0.729492 0.582031 0.726562 0.583984 0.720703 0.583984 0.71582 0.585938 0.709961 0.59082 0.708984 0.594727 0.706055 0.599609 0.708008 0.602539 0.711914 0.602539 0.717773 0.598633 0.72168 0.594727 0.725586
0 0.560547 0.685547 0.553711 0.686523 0.551758 0.681641 0.550781 0.670898 0.553711 0.666992 0.556641 0.662109 0.558594 0.657227 0.564453 0.658203 0.569336 0.661133 0.571289 0.666992 0.571289 0.671875 0.569336 0.677734 0.56543 0.680664
0 0.572266 0.698242 0.564453 0.695312 0.566406 0.69043 0.568359 0.685547 0.571289 0.681641 0.576172 0.678711 0.578125 0.673828 0.583984 0.674805 0.586914 0.678711 0.585938 0.685547 0.583008 0.69043 0.580078 0.695312
0 0.575195 0.665039 0.570312 0.664062 0.570312 0.65918 0.575195 0.651367 0.577148 0.646484 0.575195 0.642578 0.570312 0.639648 0.569336 0.634766 0.573242 0.631836 0.579102 0.630859 0.583984 0.632812 0.588867 0.635742 0.589844 0.640625 0.588867 0.646484 0.585938 0.651367 0.583984 0.65625
0 0.581055 0.666016 0.582031 0.671875 0.586914 0.669922 0.591797 0.666992 0.594727 0.663086 0.594727 0.657227 0.591797 0.65332 0.586914 0.65332 0.584961 0.65918 0.580078 0.661133 0.577148 0.665039
0 0.5625 0.65332 0.554688 0.650391 0.553711 0.644531 0.554688 0.639648 0.55957 0.637695 0.563477 0.633789 0.568359 0.632812 0.572266 0.636719 0.573242 0.641602 0.571289 0.646484 0.567383 0.649414
0 0.558594 0.625977 0.552734 0.625977 0.550781 0.621094 0.549805 0.616211 0.554688 0.613281 0.558594 0.608398 0.568359 0.610352 0.570312 0.615234 0.569336 0.620117 0.56543 0.624023
0 0.604492 0.613281 0.602539 0.607422 0.605469 0.602539 0.613281 0.599609 0.616211 0.604492 0.614258 0.609375 0.610352 0.612305
0 0.608398 0.59375 0.600586 0.589844 0.600586 0.584961 0.602539 0.580078 0.607422 0.578125 0.613281 0.577148 0.615234 0.582031 0.613281 0.586914
0 0.608398 0.575195 0.599609 0.573242 0.599609 0.567383 0.603516 0.564453 0.608398 0.564453 0.613281 0.564453 0.614258 0.569336
0 0.375 0.392578 0.367188 0.396484 0.360352 0.393555 0.356445 0.390625 0.355469 0.384766 0.358398 0.380859 0.363281 0.378906 0.367188 0.375 0.37207 0.374023 0.375977 0.376953 0.376953 0.381836 0.375977 0.387695
0 0.501953 0.390625 0.496094 0.390625 0.491211 0.388672 0.492188 0.382812 0.496094 0.378906 0.5 0.375977 0.504883 0.375 0.505859 0.380859 0.505859 0.385742
0 0.511719 0.399414 0.505859 0.397461 0.504883 0.392578 0.505859 0.387695 0.509766 0.383789 0.514648 0.382812 0.518555 0.386719 0.518555 0.391602 0.515625 0.395508
0 0.507812 0.301758 0.500977 0.300781 0.500977 0.295898 0.499023 0.291016 0.501953 0.286133 0.50293 0.28125 0.508789 0.276367 0.513672 0.279297 0.515625 0.28418 0.515625 0.289062 0.517578 0.294922 0.512695 0.296875 0.508789 0.297852
0 0.526367 0.329102 0.518555 0.327148 0.515625 0.323242 0.515625 0.318359 0.518555 0.313477 0.522461 0.310547 0.527344 0.310547 0.532227 0.3125 0.535156 0.317383 0.536133 0.322266 0.533203 0.327148
0 0.527344 0.34668 0.516602 0.34375 0.519531 0.339844 0.523438 0.335938 0.525391 0.331055 0.530273 0.332031 0.533203 0.328125 0.538086 0.328125 0.541016 0.332031 0.539062 0.336914 0.53418 0.339844
0 0.496094 0.294922 0.490234 0.300781 0.487305 0.295898 0.485352 0.291016 0.486328 0.286133 0.490234 0.282227 0.495117 0.28125 0.5 0.283203 0.5 0.288086
0 0.363281 0.204102 0.357422 0.205078 0.353516 0.202148 0.353516 0.196289 0.356445 0.192383 0.361328 0.189453 0.366211 0.188477 0.371094 0.191406 0.37207 0.196289 0.368164 0.200195
0 0.419922 0.202148 0.416992 0.197266 0.418945 0.192383 0.424805 0.185547 0.429688 0.188477 0.429688 0.193359 0.426758 0.203125
0 0.429688 0.182617 0.420898 0.185547 0.418945 0.180664 0.420898 0.175781 0.425781 0.172852 0.429688 0.168945 0.433594 0.166992 0.439453 0.166992 0.442383 0.171875 0.442383 0.176758 0.441406 0.181641 0.439453 0.186523 0.43457 0.195312 0.429688 0.197266 0.426758 0.192383 0.428711 0.1875
0 0.410156 0.124023 0.40625 0.121094 0.405273 0.116211 0.40918 0.113281 0.415039 0.112305 0.417969 0.116211 0.422852 0.117188 0.425781 0.121094 0.424805 0.125977 0.420898 0.129883 0.416016 0.129883
0 0.40918 0.0244141 0.405273 0.0224609 0.405273 0.0166016 0.40332 0.0117188 0.407227 0.0078125 0.412109 0.00585938 0.416016 0.00878906 0.419922 0.0146484 0.418945 0.0205078 0.416016 0.0244141
0 0.439453 0.0751953 0.431641 0.0751953 0.429688 0.0703125 0.429688 0.0644531 0.433594 0.0605469 0.442383 0.0585938 0.445312 0.0625 0.445312 0.0673828
0 0.432617 0.0546875 0.426758 0.0546875 0.426758 0.0498047 0.427734 0.0439453 0.431641 0.0410156 0.436523 0.0380859 0.441406 0.0371094 0.446289 0.0400391 0.447266 0.0449219 0.444336 0.0488281 0.441406 0.0527344
0 0.430664 0.0224609 0.424805 0.0175781 0.423828 0.0126953 0.423828 0.0078125 0.427734 0.00390625 0.432617 0.00292969 0.436523 0.00683594 0.439453 0.0117188 0.4375 0.0175781
0 0.454102 0.0888672 0.449219 0.0839844 0.449219 0.0771484 0.447266 0.0722656 0.450195 0.0683594 0.455078 0.0683594 0.458008 0.0732422 0.461914 0.0761719 0.466797 0.078125 0.466797 0.0839844 0.462891 0.0878906
0 0.453125 0.123047 0.448242 0.120117 0.444336 0.117188 0.443359 0.112305 0.447266 0.108398 0.452148 0.106445 0.456055 0.102539 0.460938 0.105469 0.463867 0.109375 0.463867 0.115234 0.458984 0.120117
0 0.461914 0.142578 0.457031 0.146484 0.457031 0.151367 0.460938 0.154297 0.46582 0.152344 0.470703 0.15332 0.475586 0.151367 0.477539 0.146484 0.475586 0.141602 0.467773 0.137695
0 0.476562 0.165039 0.472656 0.168945 0.473633 0.173828 0.477539 0.176758 0.482422 0.177734 0.487305 0.176758 0.492188 0.176758 0.494141 0.171875 0.493164 0.166992 0.491211 0.162109 0.487305 0.15918 0.482422 0.161133
0 0.485352 0.220703 0.487305 0.230469 0.492188 0.230469 0.49707 0.227539 0.49707 0.222656 0.492188 0.219727
0 0.488281 0.202148 0.493164 0.206055 0.49707 0.203125 0.498047 0.198242 0.495117 0.194336 0.489258 0.193359 0.484375 0.193359 0.479492 0.195312 0.481445 0.200195
0 0.580078 0.418945 0.573242 0.419922 0.568359 0.420898 0.564453 0.417969 0.56543 0.413086 0.567383 0.408203 0.571289 0.404297 0.576172 0.402344 0.581055 0.40332 0.585938 0.40332 0.59082 0.404297 0.592773 0.40918 0.588867 0.412109
0 0.580078 0.424805 0.574219 0.427734 0.574219 0.433594 0.573242 0.439453 0.579102 0.442383 0.584961 0.442383 0.589844 0.44043 0.59375 0.436523 0.599609 0.435547 0.603516 0.432617 0.603516 0.427734 0.605469 0.422852 0.604492 0.413086 0.599609 0.412109 0.594727 0.414062 0.59082 0.417969 0.586914 0.420898 0.583008 0.423828
0 0.594727 0.453125 0.586914 0.453125 0.583008 0.461914 0.583984 0.466797 0.587891 0.470703 0.592773 0.47168 0.594727 0.466797 0.599609 0.463867 0.604492 0.461914 0.608398 0.458008 0.616211 0.452148 0.621094 0.453125 0.625 0.450195 0.631836 0.441406 0.634766 0.432617 0.629883 0.429688 0.625 0.428711 0.620117 0.433594 0.620117 0.439453 0.614258 0.432617 0.609375 0.435547 0.605469 0.439453 0.600586 0.441406 0.601562 0.447266 0.600586 0.453125
0 0.601562 0.473633 0.592773 0.476562 0.59082 0.481445 0.59375 0.485352 0.59668 0.489258 0.601562 0.490234 0.605469 0.493164 0.610352 0.493164 0.613281 0.489258 0.618164 0.488281 0.621094 0.482422 0.62207 0.477539 0.621094 0.47168 0.614258 0.466797 0.609375 0.466797 0.605469 0.46875
0 0.59668 0.491211 0.587891 0.49707 0.580078 0.503906 0.580078 0.509766 0.583984 0.512695 0.586914 0.517578 0.587891 0.522461 0.591797 0.526367 0.59668 0.527344 0.599609 0.523438 0.604492 0.525391 0.609375 0.522461 0.609375 0.516602 0.614258 0.512695 0.618164 0.509766 0.618164 0.504883 0.617188 0.5 0.614258 0.495117 0.608398 0.49707 0.603516 0.494141
0 0.617188 0.516602 0.612305 0.517578 0.608398 0.520508 0.606445 0.526367 0.608398 0.53125 0.613281 0.53418 0.626953 0.538086 0.630859 0.53418 0.633789 0.530273 0.633789 0.525391 0.632812 0.519531 0.629883 0.515625 0.625977 0.511719 0.621094 0.513672
0 0.638672 0.541016 0.637695 0.533203 0.639648 0.526367 0.643555 0.522461 0.648438 0.522461 0.65332 0.523438 0.657227 0.527344 0.658203 0.532227 0.65625 0.538086 0.652344 0.541992 0.647461 0.543945
0 0.626953 0.578125 0.621094 0.572266 0.620117 0.566406 0.621094 0.555664 0.625977 0.556641 0.630859 0.555664 0.635742 0.555664 0.638672 0.560547 0.638672 0.566406 0.640625 0.571289 0.640625 0.576172 0.637695 0.581055 0.632812 0.581055
0 0.621094 0.554688 0.618164 0.548828 0.615234 0.544922 0.613281 0.535156 0.619141 0.536133 0.624023 0.538086 0.628906 0.538086 0.633789 0.541016 0.634766 0.545898 0.631836 0.549805 0.630859 0.554688
0 0.59082 0.708008 0.587891 0.704102 0.584961 0.699219 0.586914 0.694336 0.591797 0.692383 0.59668 0.691406 0.601562 0.693359 0.602539 0.698242 0.602539 0.704102 0.598633 0.707031
0 0.625 0.694336 0.618164 0.693359 0.618164 0.688477 0.619141 0.682617 0.619141 0.677734 0.621094 0.667969 0.625977 0.666992 0.630859 0.668945 0.636719 0.670898 0.638672 0.675781 0.636719 0.680664 0.635742 0.685547 0.633789 0.691406
0 0.648438 0.704102 0.638672 0.708008 0.632812 0.707031 0.630859 0.702148 0.631836 0.697266 0.636719 0.694336 0.641602 0.692383 0.646484 0.693359 0.649414 0.698242
0 0.649414 0.700195 0.647461 0.694336 0.642578 0.692383 0.637695 0.695312 0.632812 0.693359 0.633789 0.688477 0.639648 0.68457 0.644531 0.681641 0.649414 0.678711 0.654297 0.678711 0.65918 0.680664 0.65918 0.685547 0.658203 0.69043 0.660156 0.695312 0.65625 0.700195 0.649414 0.702148
0 0.608398 0.84375 0.603516 0.839844 0.603516 0.833984 0.608398 0.833008 0.613281 0.834961 0.613281 0.84082
0 0.62207 0.813477 0.617188 0.811523 0.617188 0.803711 0.620117 0.799805 0.625977 0.800781 0.629883 0.804688 0.626953 0.810547
0 0.661133 0.801758 0.65625 0.799805 0.65625 0.793945 0.65918 0.790039 0.664062 0.788086 0.672852 0.790039 0.672852 0.795898 0.669922 0.799805
0 0.660156 0.844727 0.651367 0.841797 0.649414 0.835938 0.649414 0.826172 0.654297 0.825195 0.658203 0.822266 0.660156 0.817383 0.665039 0.817383 0.668945 0.821289 0.670898 0.827148 0.671875 0.832031 0.670898 0.836914 0.668945 0.841797 0.665039 0.844727
0 0.576172 0.897461 0.572266 0.893555 0.574219 0.888672 0.578125 0.884766 0.583008 0.882812 0.586914 0.878906 0.591797 0.879883 0.592773 0.884766 0.59082 0.889648 0.586914 0.893555 0.583008 0.897461
0 0.592773 0.921875 0.589844 0.916992 0.592773 0.913086 0.59375 0.908203 0.599609 0.907227 0.603516 0.905273 0.608398 0.90918 0.607422 0.914062 0.606445 0.918945 0.599609 0.923828
0 0.612305 0.920898 0.608398 0.917969 0.607422 0.913086 0.611328 0.910156 0.620117 0.908203 0.62207 0.913086 0.620117 0.917969
0 0.636719 0.975586 0.629883 0.973633 0.629883 0.967773 0.630859 0.962891 0.635742 0.961914 0.640625 0.958984 0.645508 0.959961 0.650391 0.962891 0.652344 0.967773 0.649414 0.972656 0.644531 0.974609
0 0.649414 0.991211 0.642578 0.988281 0.643555 0.983398 0.646484 0.979492 0.650391 0.975586 0.65918 0.975586 0.661133 0.980469 0.660156 0.986328 0.65625 0.989258
0 0.678711 0.974609 0.672852 0.973633 0.671875 0.967773 0.676758 0.96582 0.680664 0.962891 0.685547 0.96582 0.68457 0.97168
0 0.664062 0.96582 0.657227 0.964844 0.658203 0.959961 0.663086 0.957031 0.667969 0.956055 0.674805 0.958008 0.673828 0.962891 0.670898 0.967773
0 0.691406 0.964844 0.686523 0.96582 0.688477 0.958008 0.692383 0.953125 0.697266 0.958008 0.694336 0.962891
0 0.693359 0.985352 0.69043 0.980469 0.688477 0.975586 0.694336 0.970703 0.699219 0.967773 0.702148 0.962891 0.708008 0.963867 0.711914 0.967773 0.713867 0.972656 0.708984 0.977539 0.707031 0.982422 0.699219 0.984375
0 0.744141 0.990234 0.736328 0.987305 0.737305 0.982422 0.743164 0.973633 0.748047 0.974609 0.75293 0.976562 0.755859 0.981445 0.754883 0.986328 0.75 0.989258
0 0.734375 0.949219 0.726562 0.949219 0.722656 0.945312 0.72168 0.94043 0.724609 0.935547 0.729492 0.93457 0.733398 0.930664 0.742188 0.926758 0.74707 0.929688 0.75 0.93457 0.749023 0.939453 0.746094 0.943359 0.744141 0.948242 0.739258 0.949219
0 0.754883 0.930664 0.749023 0.927734 0.75 0.921875 0.751953 0.916992 0.754883 0.913086 0.762695 0.912109 0.764648 0.916992 0.763672 0.921875 0.760742 0.925781
0 0.731445 0.925781 0.72168 0.922852 0.72168 0.916992 0.725586 0.913086 0.733398 0.907227 0.738281 0.90332 0.744141 0.904297 0.748047 0.915039 0.741211 0.919922 0.737305 0.922852
0 0.717773 0.908203 0.717773 0.901367 0.719727 0.896484 0.724609 0.894531 0.729492 0.892578 0.733398 0.895508 0.738281 0.896484 0.741211 0.901367 0.739258 0.90625 0.735352 0.910156 0.733398 0.915039 0.728516 0.917969 0.723633 0.916016 0.71875 0.914062
0 0.720703 0.892578 0.71582 0.892578 0.711914 0.888672 0.712891 0.883789 0.717773 0.880859 0.720703 0.876953 0.725586 0.875 0.726562 0.870117 0.731445 0.868164 0.734375 0.87207 0.735352 0.876953 0.734375 0.882812 0.725586 0.889648
0 0.738281 0.878906 0.733398 0.87793 0.732422 0.87207 0.734375 0.867188 0.739258 0.864258 0.744141 0.867188 0.744141 0.873047 0.743164 0.87793
0 0.713867 0.868164 0.707031 0.862305 0.704102 0.858398 0.704102 0.853516 0.708984 0.851562 0.713867 0.851562 0.71875 0.850586 0.722656 0.854492 0.722656 0.859375 0.720703 0.864258
0 0.742188 0.862305 0.734375 0.861328 0.733398 0.855469 0.737305 0.852539 0.741211 0.847656 0.746094 0.84668 0.750977 0.848633 0.751953 0.853516 0.749023 0.858398
0 0.717773 0.849609 0.708984 0.847656 0.706055 0.841797 0.705078 0.836914 0.708984 0.833984 0.71582 0.833984 0.713867 0.829102 0.714844 0.824219 0.719727 0.822266 0.724609 0.818359 0.729492 0.820312 0.731445 0.826172 0.730469 0.833008 0.730469 0.837891 0.728516 0.84375 0.722656 0.848633
0 0.732422 0.837891 0.729492 0.833984 0.728516 0.829102 0.730469 0.824219 0.731445 0.819336 0.735352 0.81543 0.740234 0.816406 0.742188 0.822266 0.741211 0.827148 0.738281 0.832031
0 0.739258 0.845703 0.733398 0.841797 0.734375 0.834961 0.736328 0.830078 0.741211 0.828125 0.746094 0.829102 0.749023 0.833984 0.745117 0.839844
0 0.698242 0.836914 0.693359 0.835938 0.69043 0.831055 0.688477 0.826172 0.688477 0.820312 0.693359 0.818359 0.698242 0.818359 0.702148 0.822266 0.704102 0.827148 0.702148 0.832031
0 0.694336 0.818359 0.694336 0.8125 0.698242 0.807617 0.704102 0.808594 0.706055 0.813477 0.706055 0.818359 0.702148 0.822266
0 0.696289 0.811523 0.69043 0.808594 0.689453 0.803711 0.694336 0.800781 0.699219 0.799805 0.708984 0.798828 0.710938 0.803711 0.708984 0.808594 0.705078 0.811523
0 0.68457 0.763672 0.680664 0.758789 0.682617 0.75293 0.679688 0.749023 0.677734 0.743164 0.681641 0.739258 0.686523 0.737305 0.691406 0.735352 0.701172 0.732422 0.706055 0.735352 0.707031 0.740234 0.706055 0.746094 0.702148 0.754883 0.697266 0.757812 0.694336 0.761719
0 0.710938 0.755859 0.705078 0.75293 0.707031 0.748047 0.712891 0.740234 0.717773 0.742188 0.71875 0.74707 0.717773 0.75293
0 0.707031 0.742188 0.702148 0.738281 0.700195 0.733398 0.704102 0.729492 0.708008 0.726562 0.712891 0.729492 0.713867 0.734375 0.711914 0.739258
0 0.697266 0.698242 0.697266 0.691406 0.697266 0.686523 0.702148 0.685547 0.707031 0.6875 0.708008 0.692383 0.707031 0.697266 0.703125 0.701172
0 0.671875 0.696289 0.665039 0.695312 0.663086 0.69043 0.667969 0.688477 0.671875 0.685547 0.671875 0.680664 0.674805 0.675781 0.680664 0.676758 0.68457 0.679688 0.685547 0.68457 0.68457 0.69043 0.681641 0.694336 0.677734 0.696289
0 0.666016 0.679688 0.65625 0.678711 0.654297 0.673828 0.658203 0.670898 0.655273 0.666992 0.655273 0.662109 0.658203 0.658203 0.663086 0.657227 0.667969 0.655273 0.671875 0.65918 0.674805 0.664062 0.673828 0.668945 0.670898 0.673828
0 0.680664 0.651367 0.674805 0.648438 0.672852 0.643555 0.670898 0.638672 0.673828 0.634766 0.678711 0.631836 0.681641 0.62793 0.6875 0.626953 0.691406 0.629883 0.692383 0.634766 0.69043 0.639648 0.69043 0.644531 0.689453 0.649414
0 0.723633 0.708984 0.71875 0.708008 0.714844 0.704102 0.716797 0.698242 0.72168 0.695312 0.726562 0.695312 0.730469 0.691406 0.735352 0.692383 0.737305 0.697266 0.737305 0.703125 0.732422 0.707031
0 0.723633 0.710938 0.722656 0.71582 0.725586 0.720703 0.730469 0.72168 0.734375 0.717773 0.734375 0.712891 0.730469 0.709961 0.725586 0.705078
0 0.738281 0.701172 0.734375 0.698242 0.735352 0.693359 0.739258 0.69043 0.748047 0.689453 0.75293 0.69043 0.755859 0.695312 0.751953 0.699219 0.74707 0.702148 0.742188 0.704102
0 0.74707 0.689453 0.742188 0.686523 0.741211 0.681641 0.745117 0.678711 0.749023 0.674805 0.753906 0.673828 0.757812 0.677734 0.759766 0.682617 0.758789 0.6875 0.755859 0.692383
0 0.712891 0.651367 0.708008 0.654297 0.704102 0.651367 0.703125 0.646484 0.705078 0.635742 0.708984 0.632812 0.713867 0.630859 0.719727 0.632812 0.720703 0.638672 0.720703 0.644531 0.719727 0.650391 0.719727 0.650391
0 0.734375 0.665039 0.732422 0.65918 0.737305 0.65625 0.739258 0.651367 0.738281 0.646484 0.742188 0.643555 0.74707 0.646484 0.749023 0.651367 0.748047 0.657227 0.746094 0.662109 0.742188 0.666016 0.735352 0.666992
0 0.755859 0.672852 0.75 0.672852 0.74707 0.668945 0.748047 0.664062 0.75293 0.662109 0.755859 0.657227 0.758789 0.65332 0.763672 0.65332 0.766602 0.657227 0.766602 0.663086 0.764648 0.667969 0.760742 0.671875
0 0.733398 0.645508 0.728516 0.643555 0.723633 0.641602 0.719727 0.637695 0.719727 0.632812 0.722656 0.628906 0.727539 0.624023 0.732422 0.62207 0.737305 0.624023 0.743164 0.630859 0.743164 0.636719 0.741211 0.641602 0.738281 0.645508
0 0.744141 0.643555 0.743164 0.638672 0.745117 0.633789 0.744141 0.628906 0.748047 0.625977 0.75293 0.625977 0.757812 0.628906 0.760742 0.632812 0.759766 0.637695 0.756836 0.641602 0.750977 0.645508
0 0.758789 0.631836 0.755859 0.62793 0.755859 0.623047 0.760742 0.619141 0.765625 0.620117 0.770508 0.619141 0.775391 0.620117 0.777344 0.625 0.775391 0.629883 0.774414 0.634766 0.768555 0.643555 0.763672 0.645508 0.758789 0.644531 0.755859 0.640625
0 0.730469 0.620117 0.722656 0.620117 0.717773 0.618164 0.714844 0.613281 0.717773 0.607422 0.72168 0.597656 0.724609 0.592773 0.729492 0.59082 0.734375 0.592773 0.738281 0.595703 0.741211 0.599609 0.741211 0.607422 0.740234 0.612305 0.735352 0.619141
0 0.698242 0.59668 0.693359 0.597656 0.689453 0.594727 0.6875 0.588867 0.692383 0.586914 0.696289 0.583008 0.701172 0.581055 0.706055 0.583984 0.707031 0.588867 0.705078 0.59375
0 0.740234 0.59082 0.736328 0.587891 0.732422 0.584961 0.733398 0.579102 0.738281 0.577148 0.743164 0.578125 0.74707 0.574219 0.751953 0.576172 0.751953 0.581055 0.750977 0.587891 0.745117 0.59082
0 0.714844 0.583984 0.708984 0.582031 0.710938 0.576172 0.716797 0.568359 0.72168 0.569336 0.724609 0.573242 0.724609 0.579102 0.72168 0.583008
0 0.682617 0.552734 0.677734 0.552734 0.672852 0.550781 0.673828 0.545898 0.675781 0.541016 0.680664 0.539062 0.686523 0.541016 0.6875 0.546875
0 0.704102 0.577148 0.697266 0.576172 0.696289 0.571289 0.697266 0.56543 0.702148 0.56543 0.706055 0.568359 0.706055 0.575195
0 0.707031 0.561523 0.701172 0.560547 0.700195 0.555664 0.704102 0.551758 0.711914 0.548828 0.713867 0.553711 0.712891 0.558594
0 0.708008 0.538086 0.702148 0.533203 0.699219 0.529297 0.703125 0.525391 0.706055 0.521484 0.71582 0.518555 0.719727 0.515625 0.725586 0.515625 0.727539 0.522461 0.726562 0.52832 0.720703 0.535156 0.717773 0.539062
0 0.729492 0.557617 0.726562 0.552734 0.727539 0.547852 0.730469 0.543945 0.735352 0.544922 0.737305 0.549805 0.736328 0.554688
0 0.738281 0.574219 0.731445 0.571289 0.727539 0.568359 0.726562 0.561523 0.730469 0.557617 0.732422 0.552734 0.736328 0.549805 0.741211 0.551758 0.744141 0.555664 0.746094 0.561523 0.745117 0.566406 0.743164 0.571289
0 0.734375 0.53125 0.727539 0.530273 0.723633 0.527344 0.723633 0.522461 0.727539 0.518555 0.732422 0.519531 0.737305 0.519531 0.742188 0.522461 0.742188 0.527344
0 0.737305 0.521484 0.732422 0.518555 0.732422 0.511719 0.737305 0.508789 0.742188 0.506836 0.745117 0.50293 0.75 0.50293 0.755859 0.504883 0.757812 0.509766 0.755859 0.514648 0.751953 0.518555 0.743164 0.523438
0 0.749023 0.539062 0.742188 0.540039 0.738281 0.537109 0.737305 0.53125 0.741211 0.52832 0.744141 0.523438 0.746094 0.518555 0.750977 0.518555 0.760742 0.515625 0.765625 0.517578 0.766602 0.523438 0.763672 0.527344 0.756836 0.52832 0.75293 0.53125
0 0.762695 0.545898 0.755859 0.544922 0.75293 0.541016 0.751953 0.536133 0.754883 0.529297 0.759766 0.527344 0.764648 0.53125 0.767578 0.535156 0.766602 0.541016
0 0.768555 0.558594 0.764648 0.555664 0.762695 0.550781 0.764648 0.545898 0.769531 0.548828 0.774414 0.547852 0.777344 0.551758 0.776367 0.556641
0 0.720703 0.509766 0.722656 0.500977 0.726562 0.498047 0.729492 0.494141 0.729492 0.488281 0.734375 0.488281 0.739258 0.489258 0.740234 0.496094 0.746094 0.5 0.740234 0.511719 0.736328 0.514648 0.731445 0.517578 0.726562 0.517578 0.72168 0.516602
0 0.751953 0.506836 0.74707 0.504883 0.745117 0.5 0.74707 0.495117 0.751953 0.495117 0.755859 0.491211 0.760742 0.492188 0.762695 0.499023 0.762695 0.503906 0.758789 0.510742
0 0.713867 0.518555 0.707031 0.517578 0.706055 0.512695 0.706055 0.507812 0.708008 0.50293 0.711914 0.499023 0.716797 0.499023 0.719727 0.50293 0.720703 0.507812 0.720703 0.513672
0 0.680664 0.537109 0.674805 0.53418 0.670898 0.53125 0.669922 0.526367 0.670898 0.520508 0.668945 0.515625 0.670898 0.505859 0.674805 0.501953 0.677734 0.498047 0.682617 0.496094 0.6875 0.498047 0.692383 0.5 0.695312 0.505859 0.699219 0.509766 0.699219 0.515625 0.699219 0.520508 0.696289 0.524414 0.693359 0.533203 0.686523 0.532227
0 0.676758 0.5 0.672852 0.496094 0.671875 0.489258 0.668945 0.485352 0.669922 0.479492 0.674805 0.478516 0.679688 0.479492 0.682617 0.483398 0.68457 0.488281 0.686523 0.493164 0.685547 0.498047
0 0.639648 0.474609 0.628906 0.472656 0.62793 0.467773 0.62793 0.461914 0.630859 0.458008 0.636719 0.458008 0.640625 0.460938 0.643555 0.46582 0.643555 0.470703
0 0.648438 0.448242 0.643555 0.449219 0.637695 0.449219 0.632812 0.452148 0.631836 0.457031 0.628906 0.460938 0.623047 0.459961 0.620117 0.456055 0.623047 0.451172 0.624023 0.445312 0.625977 0.44043 0.632812 0.44043 0.641602 0.436523 0.646484 0.436523 0.649414 0.44043
0 0.657227 0.448242 0.651367 0.448242 0.647461 0.444336 0.649414 0.439453 0.651367 0.43457 0.652344 0.429688 0.657227 0.428711 0.662109 0.430664 0.666992 0.430664 0.669922 0.435547 0.668945 0.442383 0.663086 0.448242
0 0.668945 0.461914 0.664062 0.458008 0.663086 0.449219 0.665039 0.444336 0.668945 0.44043 0.669922 0.433594 0.674805 0.432617 0.677734 0.4375 0.678711 0.442383 0.682617 0.445312 0.685547 0.449219 0.681641 0.457031 0.677734 0.460938
0 0.713867 0.498047 0.710938 0.494141 0.711914 0.486328 0.716797 0.482422 0.719727 0.477539 0.723633 0.474609 0.728516 0.476562 0.730469 0.481445 0.728516 0.486328 0.728516 0.491211 0.724609 0.49707 0.719727 0.498047
0 0.602539 0.413086 0.597656 0.40918 0.59375 0.405273 0.594727 0.399414 0.598633 0.395508 0.603516 0.393555 0.613281 0.393555 0.617188 0.400391 0.617188 0.407227 0.614258 0.412109 0.608398 0.412109
0 0.584961 0.358398 0.580078 0.356445 0.577148 0.352539 0.576172 0.347656 0.574219 0.342773 0.577148 0.336914 0.580078 0.332031 0.584961 0.330078 0.59082 0.331055 0.59375 0.333984 0.597656 0.339844 0.599609 0.348633 0.59668 0.352539 0.591797 0.355469
0 0.520508 0.263672 0.515625 0.259766 0.516602 0.25293 0.521484 0.249023 0.526367 0.250977 0.529297 0.255859 0.527344 0.260742
0 0.53125 0.255859 0.530273 0.25 0.53418 0.246094 0.535156 0.241211 0.540039 0.240234 0.542969 0.245117 0.541992 0.250977 0.540039 0.255859 0.535156 0.255859 0.53418 0.255859
0 0.572266 0.240234 0.56543 0.241211 0.563477 0.236328 0.561523 0.231445 0.563477 0.226562 0.568359 0.223633 0.572266 0.220703 0.578125 0.22168 0.580078 0.227539 0.577148 0.234375
0 0.589844 0.270508 0.585938 0.268555 0.584961 0.263672 0.586914 0.258789 0.591797 0.257812 0.59668 0.258789 0.59668 0.265625 0.594727 0.270508
0 0.603516 0.290039 0.600586 0.285156 0.601562 0.279297 0.606445 0.277344 0.609375 0.272461 0.614258 0.274414 0.616211 0.28125 0.615234 0.286133 0.611328 0.290039
0 0.55957 0.222656 0.554688 0.217773 0.553711 0.211914 0.554688 0.207031 0.55957 0.205078 0.566406 0.208008 0.569336 0.212891 0.570312 0.21875 0.566406 0.223633
0 0.600586 0.239258 0.594727 0.236328 0.594727 0.230469 0.600586 0.229492 0.604492 0.226562 0.608398 0.230469 0.607422 0.236328
0 0.515625 0.201172 0.509766 0.203125 0.505859 0.199219 0.505859 0.194336 0.508789 0.189453 0.513672 0.188477 0.518555 0.19043 0.519531 0.197266
0 0.477539 0.196289 0.470703 0.196289 0.46582 0.193359 0.466797 0.188477 0.473633 0.189453 0.477539 0.18457 0.482422 0.182617 0.486328 0.1875 0.484375 0.192383
0 0.530273 0.182617 0.526367 0.177734 0.52832 0.170898 0.532227 0.166992 0.53418 0.162109 0.538086 0.157227 0.542969 0.161133 0.548828 0.160156 0.555664 0.164062 0.555664 0.169922 0.551758 0.176758 0.547852 0.179688 0.542969 0.180664 0.538086 0.180664
0 0.526367 0.175781 0.521484 0.174805 0.517578 0.171875 0.515625 0.166992 0.511719 0.163086 0.511719 0.157227 0.517578 0.15625 0.521484 0.151367 0.526367 0.149414 0.532227 0.151367 0.535156 0.157227 0.536133 0.162109 0.53418 0.168945 0.530273 0.171875
0 0.548828 0.141602 0.541992 0.140625 0.538086 0.136719 0.537109 0.131836 0.535156 0.125977 0.536133 0.121094 0.541016 0.120117 0.546875 0.121094 0.547852 0.128906 0.547852 0.133789
0 0.507812 0.137695 0.499023 0.139648 0.498047 0.134766 0.498047 0.129883 0.501953 0.125977 0.507812 0.124023 0.511719 0.120117 0.516602 0.12207 0.516602 0.126953 0.511719 0.133789
0 0.504883 0.12793 0.498047 0.126953 0.493164 0.125 0.492188 0.120117 0.495117 0.115234 0.5 0.112305 0.504883 0.105469 0.509766 0.105469 0.512695 0.111328 0.511719 0.116211 0.511719 0.121094
0 0.49707 0.117188 0.492188 0.115234 0.491211 0.110352 0.493164 0.104492 0.49707 0.0996094 0.503906 0.0917969 0.506836 0.0966797 0.505859 0.103516 0.503906 0.110352
0 0.495117 0.105469 0.490234 0.106445 0.487305 0.102539 0.487305 0.0976562 0.489258 0.0917969 0.492188 0.0878906 0.49707 0.0869141 0.499023 0.0820312 0.501953 0.078125 0.506836 0.0791016 0.507812 0.0839844 0.504883 0.0908203 0.503906 0.0957031 0.500977 0.100586
0 0.491211 0.0810547 0.486328 0.0839844 0.483398 0.0888672 0.488281 0.0947266 0.493164 0.09375 0.496094 0.0888672 0.498047 0.0800781 0.5 0.0751953 0.499023 0.0703125 0.494141 0.0712891 0.492188 0.0761719
0 0.484375 0.0859375 0.477539 0.0908203 0.473633 0.0869141 0.470703 0.0820312 0.47168 0.0771484 0.475586 0.0732422 0.479492 0.0693359 0.483398 0.0673828 0.488281 0.0634766 0.493164 0.0644531 0.496094 0.0712891 0.493164 0.0771484 0.489258 0.0810547
0 0.475586 0.0625 0.467773 0.0644531 0.46582 0.0595703 0.46582 0.0546875 0.469727 0.0488281 0.474609 0.0478516 0.479492 0.0488281 0.480469 0.0537109 0.478516 0.0585938
0 0.486328 0.0644531 0.480469 0.0625 0.479492 0.0576172 0.478516 0.0527344 0.481445 0.0478516 0.486328 0.0458984 0.490234 0.0429688 0.495117 0.046875 0.492188 0.0507812 0.491211 0.0566406 0.492188 0.0615234
0 0.47168 0.0371094 0.467773 0.0332031 0.463867 0.0302734 0.461914 0.0253906 0.463867 0.0205078 0.47168 0.0175781 0.477539 0.0195312 0.478516 0.0244141 0.474609 0.0283203 0.475586 0.0332031
0 0.273438 0.0439453 0.264648 0.0439453 0.260742 0.0410156 0.257812 0.0371094 0.260742 0.0332031 0.265625 0.0322266 0.269531 0.0283203 0.274414 0.0273438 0.28125 0.0273438 0.286133 0.0292969 0.282227 0.0361328
0 0.390625 0.0585938 0.384766 0.0556641 0.381836 0.0517578 0.378906 0.0419922 0.386719 0.0400391 0.391602 0.0449219 0.392578 0.0517578
0 0.395508 0.0898438 0.389648 0.0888672 0.385742 0.0859375 0.386719 0.0810547 0.391602 0.078125 0.396484 0.078125 0.400391 0.0830078
0 0.735352 0.980469 0.727539 0.981445 0.724609 0.975586 0.726562 0.970703 0.727539 0.96582 0.734375 0.962891 0.739258 0.96582 0.742188 0.97168 0.743164 0.976562
0 0.793945 0.955078 0.790039 0.951172 0.785156 0.947266 0.78418 0.942383 0.791016 0.93457 0.798828 0.935547 0.803711 0.938477 0.807617 0.945312 0.808594 0.953125 0.807617 0.959961 0.801758 0.964844 0.791016 0.96875 0.788086 0.964844 0.791016 0.959961
0 0.831055 0.978516 0.825195 0.975586 0.821289 0.970703 0.819336 0.96582 0.819336 0.959961 0.822266 0.956055 0.831055 0.959961 0.831055 0.954102 0.827148 0.950195 0.828125 0.944336 0.836914 0.943359 0.842773 0.943359 0.847656 0.947266 0.855469 0.955078 0.854492 0.964844 0.847656 0.972656 0.839844 0.975586
0 0.799805 0.920898 0.792969 0.916016 0.790039 0.911133 0.785156 0.90918 0.783203 0.90332 0.788086 0.901367 0.798828 0.898438 0.805664 0.899414 0.810547 0.904297 0.811523 0.914062 0.806641 0.916992
0 0.864258 0.957031 0.858398 0.952148 0.858398 0.947266 0.856445 0.942383 0.865234 0.935547 0.866211 0.930664 0.870117 0.925781 0.879883 0.920898 0.885742 0.920898 0.892578 0.915039 0.899414 0.915039 0.904297 0.913086 0.90918 0.915039 0.911133 0.922852 0.908203 0.931641 0.902344 0.94043 0.892578 0.945312 0.891602 0.950195 0.882812 0.954102 0.87793 0.948242 0.87207 0.952148
0 0.90918 0.950195 0.902344 0.953125 0.899414 0.949219 0.902344 0.944336 0.911133 0.939453 0.920898 0.938477 0.921875 0.943359 0.917969 0.947266
0 0.875977 0.922852 0.870117 0.918945 0.865234 0.917969 0.863281 0.913086 0.867188 0.905273 0.870117 0.894531 0.875 0.886719 0.882812 0.886719 0.886719 0.890625 0.893555 0.893555 0.896484 0.899414 0.896484 0.905273 0.898438 0.910156 0.893555 0.916016 0.888672 0.915039 0.884766 0.917969
0 0.854492 0.914062 0.849609 0.913086 0.845703 0.90918 0.842773 0.904297 0.842773 0.894531 0.849609 0.889648 0.855469 0.887695 0.864258 0.886719 0.867188 0.895508 0.863281 0.90332 0.862305 0.910156
0 0.875 0.897461 0.869141 0.893555 0.865234 0.890625 0.864258 0.885742 0.869141 0.880859 0.873047 0.87793 0.876953 0.873047 0.881836 0.87207 0.886719 0.873047 0.890625 0.87793 0.889648 0.886719 0.888672 0.891602 0.884766 0.894531 0.879883 0.896484
0 0.859375 0.884766 0.851562 0.879883 0.84668 0.875 0.847656 0.870117 0.851562 0.859375 0.857422 0.856445 0.862305 0.856445 0.868164 0.861328 0.871094 0.869141 0.868164 0.87793 0.865234 0.881836
0 0.866211 0.854492 0.861328 0.859375 0.856445 0.858398 0.852539 0.854492 0.847656 0.845703 0.849609 0.837891 0.855469 0.837891 0.865234 0.835938 0.87207 0.836914 0.881836 0.835938 0.883789 0.84082 0.883789 0.845703 0.880859 0.850586 0.875977 0.853516
0 0.851562 0.839844 0.844727 0.838867 0.839844 0.838867 0.836914 0.834961 0.84082 0.832031 0.845703 0.831055 0.847656 0.826172 0.851562 0.823242 0.853516 0.828125 0.853516 0.834961
0 0.862305 0.84082 0.856445 0.84082 0.853516 0.835938 0.852539 0.831055 0.858398 0.825195 0.862305 0.822266 0.87207 0.820312 0.876953 0.821289 0.878906 0.826172 0.875 0.833008 0.870117 0.833984 0.866211 0.837891
0 0.84375 0.824219 0.836914 0.829102 0.832031 0.825195 0.829102 0.821289 0.827148 0.816406 0.829102 0.811523 0.833008 0.807617 0.834961 0.802734 0.839844 0.802734 0.844727 0.799805 0.847656 0.795898 0.851562 0.792969 0.856445 0.793945 0.858398 0.798828 0.858398 0.805664 0.860352 0.818359 0.857422 0.823242 0.852539 0.824219
0 0.862305 0.820312 0.857422 0.817383 0.855469 0.8125 0.856445 0.807617 0.860352 0.804688 0.870117 0.799805 0.873047 0.804688 0.873047 0.810547 0.869141 0.814453
0 0.80957 0.822266 0.813477 0.826172 0.813477 0.832031 0.80957 0.835938 0.803711 0.837891 0.798828 0.834961 0.795898 0.831055 0.797852 0.822266 0.803711 0.818359
0 0.779297 0.831055 0.771484 0.828125 0.766602 0.829102 0.762695 0.826172 0.761719 0.821289 0.758789 0.816406 0.759766 0.811523 0.763672 0.808594 0.768555 0.807617 0.772461 0.804688 0.783203 0.802734 0.788086 0.806641 0.793945 0.81543 0.791992 0.823242 0.789062 0.828125 0.78418 0.829102
0 0.835938 0.768555 0.829102 0.769531 0.824219 0.769531 0.823242 0.764648 0.827148 0.756836 0.832031 0.753906 0.836914 0.75293 0.842773 0.755859 0.844727 0.761719 0.842773 0.767578
0 0.761719 0.780273 0.759766 0.774414 0.757812 0.769531 0.758789 0.764648 0.755859 0.759766 0.755859 0.753906 0.760742 0.75293 0.767578 0.757812 0.771484 0.760742 0.775391 0.768555 0.775391 0.774414 0.77832 0.77832 0.777344 0.783203 0.773438 0.786133 0.768555 0.788086 0.763672 0.786133
0 0.832031 0.78125 0.830078 0.774414 0.835938 0.768555 0.84082 0.768555 0.84375 0.763672 0.844727 0.758789 0.847656 0.754883 0.852539 0.751953 0.857422 0.75293 0.859375 0.757812 0.859375 0.768555 0.855469 0.771484 0.849609 0.774414 0.84375 0.775391 0.84082 0.779297 0.84082 0.785156 0.838867 0.790039 0.832031 0.794922 0.829102 0.790039 0.827148 0.785156
0 0.765625 0.735352 0.757812 0.727539 0.75293 0.724609 0.751953 0.717773 0.755859 0.710938 0.766602 0.709961 0.775391 0.704102 0.777344 0.699219 0.78418 0.701172 0.789062 0.705078 0.791016 0.709961 0.792969 0.720703 0.790039 0.726562 0.78125 0.740234 0.776367 0.740234 0.770508 0.740234
0 0.790039 0.714844 0.783203 0.710938 0.77832 0.712891 0.774414 0.709961 0.777344 0.704102 0.78125 0.701172 0.782227 0.693359 0.786133 0.69043 0.791992 0.69043 0.795898 0.695312 0.795898 0.701172 0.799805 0.705078 0.800781 0.709961 0.798828 0.714844
0 0.803711 0.705078 0.794922 0.708008 0.792969 0.703125 0.793945 0.697266 0.797852 0.692383 0.803711 0.682617 0.814453 0.667969 0.819336 0.667969 0.824219 0.672852 0.822266 0.681641 0.822266 0.693359 0.816406 0.699219 0.808594 0.707031
0 0.814453 0.71875 0.80957 0.725586 0.8125 0.730469 0.816406 0.732422 0.822266 0.732422 0.827148 0.730469 0.830078 0.725586 0.829102 0.716797 0.827148 0.711914 0.822266 0.710938 0.817383 0.711914
0 0.773438 0.667969 0.766602 0.665039 0.763672 0.660156 0.764648 0.655273 0.768555 0.647461 0.772461 0.643555 0.777344 0.643555 0.788086 0.642578 0.797852 0.645508 0.797852 0.655273 0.797852 0.667969 0.791016 0.670898 0.78418 0.670898 0.77832 0.669922
0 0.714844 0.489258 0.708984 0.483398 0.708008 0.478516 0.710938 0.472656 0.71875 0.470703 0.722656 0.466797 0.728516 0.46582 0.731445 0.470703 0.729492 0.476562 0.728516 0.482422 0.725586 0.486328 0.720703 0.490234
0 0.65332 0.374023 0.644531 0.375 0.636719 0.374023 0.634766 0.368164 0.633789 0.362305 0.639648 0.356445 0.644531 0.354492 0.655273 0.354492 0.657227 0.359375 0.65918 0.369141
0 0.661133 0.365234 0.657227 0.361328 0.654297 0.356445 0.655273 0.350586 0.655273 0.345703 0.65918 0.342773 0.665039 0.34668 0.667969 0.353516 0.667969 0.360352 0.666992 0.365234
0 0.673828 0.363281 0.667969 0.362305 0.665039 0.356445 0.665039 0.350586 0.669922 0.349609 0.672852 0.344727 0.669922 0.34082 0.670898 0.334961 0.675781 0.331055 0.680664 0.329102 0.6875 0.331055 0.69043 0.338867 0.6875 0.345703 0.6875 0.351562 0.68457 0.364258
0 0.69043 0.366211 0.682617 0.365234 0.680664 0.360352 0.682617 0.353516 0.688477 0.351562 0.693359 0.347656 0.699219 0.345703 0.703125 0.348633 0.709961 0.344727 0.714844 0.345703 0.720703 0.348633 0.724609 0.353516 0.72168 0.358398 0.71582 0.361328 0.714844 0.366211 0.704102 0.371094 0.699219 0.369141 0.695312 0.364258
0 0.729492 0.393555 0.722656 0.390625 0.72168 0.385742 0.724609 0.380859 0.728516 0.376953 0.733398 0.375 0.738281 0.375977 0.743164 0.381836 0.743164 0.386719 0.741211 0.391602 0.736328 0.394531
0 0.712891 0.404297 0.708984 0.397461 0.712891 0.391602 0.716797 0.387695 0.726562 0.395508 0.726562 0.401367 0.723633 0.405273 0.71875 0.408203
0 0.74707 0.423828 0.739258 0.422852 0.738281 0.417969 0.742188 0.413086 0.74707 0.410156 0.751953 0.411133 0.756836 0.414062 0.758789 0.418945 0.758789 0.423828 0.755859 0.428711 0.75 0.428711
0 0.764648 0.421875 0.758789 0.424805 0.756836 0.430664 0.757812 0.435547 0.756836 0.441406 0.761719 0.443359 0.765625 0.438477 0.770508 0.436523 0.773438 0.432617 0.773438 0.426758 0.771484 0.421875
0 0.766602 0.421875 0.760742 0.419922 0.756836 0.416016 0.755859 0.411133 0.757812 0.40625 0.761719 0.402344 0.765625 0.400391 0.770508 0.40332 0.771484 0.410156 0.775391 0.414062 0.773438 0.418945
0 0.822266 0.625 0.81543 0.624023 0.814453 0.619141 0.811523 0.614258 0.8125 0.609375 0.816406 0.606445 0.822266 0.606445 0.825195 0.611328 0.827148 0.617188 0.826172 0.62207
0 0.967773 0.943359 0.964844 0.936523 0.966797 0.931641 0.966797 0.924805 0.96875 0.919922 0.973633 0.920898 0.978516 0.923828 0.986328 0.931641 0.985352 0.9375 0.982422 0.942383 0.976562 0.943359
0 0.988281 0.911133 0.994141 0.908203 0.999023 0.911133 1 0.916016 0.99707 0.920898 0.995117 0.925781 0.99707 0.930664 0.996094 0.935547 0.991211 0.936523 0.986328 0.933594 0.980469 0.933594 0.976562 0.930664 0.974609 0.925781 0.970703 0.921875 0.973633 0.916016 0.978516 0.915039 0.983398 0.916016
0 0.981445 0.916016 0.976562 0.917969 0.97168 0.919922 0.96875 0.915039 0.96875 0.910156 0.970703 0.905273 0.974609 0.899414 0.981445 0.899414 0.986328 0.901367 0.987305 0.911133
0 0.978516 0.900391 0.973633 0.902344 0.96875 0.902344 0.964844 0.896484 0.964844 0.891602 0.96875 0.888672 0.972656 0.884766 0.976562 0.878906 0.981445 0.879883 0.989258 0.884766 0.995117 0.886719 0.99707 0.892578 0.991211 0.902344 0.986328 0.902344
0 0.936523 0.852539 0.931641 0.848633 0.930664 0.842773 0.931641 0.837891 0.938477 0.833984 0.944336 0.835938 0.947266 0.84082 0.945312 0.84668 0.941406 0.850586
0 0.949219 0.849609 0.947266 0.84375 0.945312 0.838867 0.949219 0.833984 0.953125 0.830078 0.956055 0.825195 0.964844 0.825195 0.969727 0.827148 0.97168 0.833008 0.96875 0.837891 0.96582 0.842773 0.957031 0.847656
0 0.921875 0.832031 0.917969 0.834961 0.912109 0.834961 0.90918 0.830078 0.913086 0.825195 0.917969 0.824219
0 0.917969 0.824219 0.912109 0.824219 0.908203 0.819336 0.90918 0.814453 0.916016 0.810547 0.926758 0.8125 0.924805 0.820312
0 0.923828 0.833984 0.919922 0.831055 0.919922 0.825195 0.920898 0.820312 0.924805 0.81543 0.931641 0.813477 0.935547 0.817383 0.938477 0.823242 0.938477 0.829102 0.932617 0.835938
0 0.93457 0.817383 0.927734 0.817383 0.926758 0.810547 0.933594 0.807617 0.938477 0.806641 0.941406 0.811523
0 0.958008 0.825195 0.953125 0.817383 0.950195 0.8125 0.956055 0.808594 0.960938 0.806641 0.96582 0.804688 0.97168 0.804688 0.970703 0.811523 0.962891 0.81543 0.96582 0.819336 0.96582 0.827148
0 0.931641 0.807617 0.927734 0.803711 0.926758 0.798828 0.929688 0.794922 0.935547 0.786133 0.942383 0.785156 0.952148 0.787109 0.956055 0.78418 0.960938 0.787109 0.959961 0.793945 0.957031 0.797852 0.950195 0.804688 0.944336 0.807617 0.939453 0.804688
0 0.933594 0.785156 0.926758 0.78418 0.923828 0.77832 0.923828 0.773438 0.927734 0.769531 0.93457 0.767578 0.94043 0.769531 0.945312 0.767578 0.955078 0.769531 0.953125 0.77832 0.947266 0.782227 0.941406 0.785156
0 0.927734 0.774414 0.920898 0.774414 0.916992 0.770508 0.916016 0.765625 0.924805 0.760742 0.93457 0.761719 0.9375 0.765625 0.933594 0.770508
0 0.946289 0.769531 0.941406 0.763672 0.94043 0.757812 0.944336 0.753906 0.950195 0.75293 0.955078 0.75293 0.958008 0.758789 0.948242 0.764648
0 0.922852 0.760742 0.917969 0.760742 0.913086 0.759766 0.910156 0.754883 0.913086 0.750977 0.917969 0.744141 0.923828 0.740234 0.927734 0.745117 0.926758 0.751953 0.930664 0.754883 0.928711 0.759766
0 0.93457 0.75293 0.928711 0.755859 0.924805 0.751953 0.925781 0.745117 0.926758 0.740234 0.931641 0.735352 0.9375 0.735352 0.942383 0.739258 0.945312 0.748047 0.943359 0.753906
0 0.920898 0.725586 0.912109 0.727539 0.907227 0.722656 0.907227 0.717773 0.912109 0.711914 0.916992 0.711914 0.920898 0.71582 0.922852 0.720703
0 0.93457 0.723633 0.926758 0.725586 0.922852 0.72168 0.919922 0.716797 0.920898 0.710938 0.931641 0.708008 0.936523 0.709961 0.939453 0.714844 0.938477 0.720703
0 0.90332 0.72168 0.894531 0.71875 0.895508 0.712891 0.892578 0.708984 0.893555 0.702148 0.898438 0.698242 0.907227 0.696289 0.912109 0.699219 0.912109 0.708008 0.914062 0.712891 0.913086 0.717773
0 0.894531 0.701172 0.887695 0.698242 0.882812 0.696289 0.880859 0.691406 0.883789 0.686523 0.885742 0.677734 0.891602 0.672852 0.896484 0.674805 0.901367 0.679688 0.90625 0.681641 0.90918 0.689453 0.908203 0.694336 0.90625 0.699219 0.900391 0.700195
0 0.895508 0.618164 0.889648 0.616211 0.890625 0.610352 0.894531 0.606445 0.899414 0.608398 0.902344 0.612305 0.900391 0.617188
0 0.828125 0.574219 0.824219 0.569336 0.828125 0.561523 0.833008 0.560547 0.837891 0.5625 0.839844 0.567383 0.837891 0.572266 0.833984 0.576172
0 0.826172 0.539062 0.817383 0.539062 0.816406 0.53418 0.814453 0.524414 0.818359 0.518555 0.824219 0.517578 0.829102 0.515625 0.833984 0.518555 0.833984 0.524414 0.834961 0.529297 0.833008 0.535156
0 0.842773 0.53418 0.833984 0.53418 0.830078 0.53125 0.828125 0.526367 0.830078 0.520508 0.830078 0.515625 0.833008 0.511719 0.837891 0.509766 0.842773 0.509766 0.848633 0.508789 0.852539 0.512695 0.853516 0.518555 0.852539 0.52832 0.849609 0.532227
0 0.728516 0.359375 0.724609 0.356445 0.719727 0.354492 0.717773 0.349609 0.723633 0.349609 0.730469 0.344727 0.735352 0.341797 0.739258 0.344727 0.741211 0.349609 0.741211 0.354492 0.738281 0.358398
0 0.703125 0.341797 0.698242 0.339844 0.698242 0.333984 0.702148 0.331055 0.707031 0.330078 0.709961 0.336914 0.708984 0.341797
0 0.666992 0.335938 0.657227 0.337891 0.65332 0.333984 0.650391 0.330078 0.654297 0.327148 0.660156 0.327148 0.663086 0.323242 0.669922 0.321289 0.673828 0.325195 0.673828 0.330078 0.671875 0.334961
0 0.638672 0.319336 0.634766 0.322266 0.634766 0.328125 0.628906 0.327148 0.625 0.324219 0.625 0.318359 0.631836 0.313477 0.636719 0.313477
0 0.645508 0.323242 0.639648 0.321289 0.638672 0.31543 0.644531 0.313477 0.645508 0.308594 0.649414 0.304688 0.651367 0.311523 0.650391 0.325195
0 0.674805 0.307617 0.671875 0.302734 0.672852 0.296875 0.677734 0.293945 0.677734 0.288086 0.682617 0.287109 0.6875 0.289062 0.6875 0.294922 0.689453 0.299805 0.689453 0.304688 0.685547 0.308594 0.679688 0.30957
0 0.693359 0.306641 0.689453 0.302734 0.692383 0.294922 0.696289 0.291016 0.701172 0.288086 0.704102 0.294922 0.706055 0.304688 0.701172 0.306641
0 0.662109 0.316406 0.65625 0.319336 0.652344 0.31543 0.651367 0.310547 0.655273 0.307617 0.660156 0.306641
0 0.667969 0.314453 0.662109 0.313477 0.65918 0.30957 0.654297 0.307617 0.649414 0.306641 0.648438 0.301758 0.650391 0.296875 0.657227 0.294922 0.663086 0.294922 0.667969 0.297852 0.673828 0.305664 0.671875 0.310547
0 0.65918 0.296875 0.65332 0.296875 0.649414 0.292969 0.65332 0.290039 0.645508 0.289062 0.649414 0.283203 0.654297 0.28125 0.65625 0.276367 0.661133 0.275391 0.666016 0.27832 0.667969 0.283203 0.665039 0.289062 0.664062 0.292969
0 0.671875 0.28418 0.665039 0.285156 0.663086 0.280273 0.665039 0.275391 0.669922 0.272461 0.670898 0.267578 0.677734 0.263672 0.683594 0.260742 0.688477 0.260742 0.692383 0.263672 0.692383 0.268555 0.692383 0.273438 0.692383 0.28418 0.688477 0.287109 0.682617 0.287109 0.677734 0.289062
0 0.697266 0.283203 0.69043 0.28418 0.688477 0.279297 0.691406 0.273438 0.691406 0.267578 0.693359 0.262695 0.700195 0.261719 0.705078 0.262695 0.707031 0.267578 0.707031 0.274414 0.705078 0.289062 0.700195 0.288086
0 0.65332 0.28125 0.647461 0.285156 0.642578 0.286133 0.639648 0.28125 0.644531 0.27832 0.642578 0.273438 0.643555 0.268555 0.649414 0.269531 0.654297 0.268555 0.65918 0.269531 0.661133 0.274414 0.65918 0.279297
0 0.647461 0.267578 0.641602 0.265625 0.638672 0.260742 0.638672 0.255859 0.646484 0.25293 0.651367 0.253906 0.654297 0.258789 0.654297 0.263672
0 0.657227 0.258789 0.652344 0.256836 0.649414 0.25293 0.652344 0.248047 0.657227 0.243164 0.665039 0.240234 0.666992 0.245117 0.668945 0.254883 0.666016 0.259766
0 0.678711 0.254883 0.673828 0.253906 0.669922 0.250977 0.668945 0.245117 0.672852 0.240234 0.677734 0.236328 0.6875 0.234375 0.691406 0.238281 0.692383 0.243164 0.691406 0.249023 0.686523 0.253906
0 0.692383 0.255859 0.6875 0.255859 0.6875 0.25 0.691406 0.24707 0.693359 0.241211 0.698242 0.240234 0.703125 0.242188 0.704102 0.24707 0.701172 0.251953
0 0.668945 0.246094 0.664062 0.245117 0.662109 0.240234 0.657227 0.237305 0.661133 0.229492 0.669922 0.223633 0.674805 0.224609 0.676758 0.233398 0.676758 0.238281 0.672852 0.242188
0 0.651367 0.246094 0.646484 0.246094 0.641602 0.245117 0.637695 0.241211 0.638672 0.233398 0.643555 0.232422 0.647461 0.227539 0.655273 0.220703 0.65918 0.217773 0.662109 0.212891 0.666992 0.211914 0.669922 0.21582 0.669922 0.223633 0.667969 0.228516 0.663086 0.231445 0.657227 0.238281
0 0.645508 0.231445 0.638672 0.235352 0.633789 0.233398 0.630859 0.228516 0.628906 0.223633 0.633789 0.217773 0.642578 0.21582 0.647461 0.214844 0.652344 0.210938 0.658203 0.209961 0.661133 0.213867 0.658203 0.219727 0.654297 0.222656 0.649414 0.224609
0 0.666992 0.211914 0.660156 0.211914 0.657227 0.208008 0.661133 0.202148 0.666016 0.199219 0.670898 0.201172 0.669922 0.208008
0 0.678711 0.201172 0.672852 0.200195 0.668945 0.197266 0.671875 0.193359 0.676758 0.193359 0.682617 0.194336
0 0.705078 0.231445 0.701172 0.226562 0.700195 0.22168 0.702148 0.216797 0.705078 0.211914 0.708984 0.208984 0.712891 0.213867 0.714844 0.21875 0.71582 0.223633 0.714844 0.228516 0.712891 0.233398 0.707031 0.234375
0 0.71875 0.249023 0.710938 0.251953 0.710938 0.245117 0.712891 0.240234 0.716797 0.236328 0.72168 0.237305 0.723633 0.242188
0 0.645508 0.170898 0.641602 0.167969 0.641602 0.163086 0.646484 0.15918 0.651367 0.15918 0.65332 0.164062
0 0.639648 0.165039 0.632812 0.164062 0.628906 0.161133 0.626953 0.15625 0.629883 0.150391 0.633789 0.147461 0.642578 0.144531 0.646484 0.147461 0.647461 0.152344 0.647461 0.157227
0 0.607422 0.144531 0.600586 0.146484 0.599609 0.141602 0.602539 0.134766 0.608398 0.131836 0.611328 0.12793 0.617188 0.128906 0.616211 0.137695 0.611328 0.146484
0 0.629883 0.140625 0.623047 0.142578 0.620117 0.137695 0.621094 0.131836 0.626953 0.126953 0.62793 0.12207 0.629883 0.117188 0.633789 0.114258 0.638672 0.117188 0.641602 0.121094 0.638672 0.128906 0.635742 0.132812 0.635742 0.137695
0 0.636719 0.149414 0.632812 0.145508 0.629883 0.140625 0.633789 0.137695 0.638672 0.137695 0.641602 0.143555
0 0.589844 0.155273 0.591797 0.147461 0.594727 0.140625 0.598633 0.136719 0.603516 0.137695 0.604492 0.142578 0.609375 0.144531 0.615234 0.143555 0.619141 0.148438 0.621094 0.15332 0.620117 0.15918 0.619141 0.164062 0.619141 0.168945 0.614258 0.177734 0.603516 0.177734 0.598633 0.175781 0.592773 0.167969 0.595703 0.163086 0.598633 0.158203 0.594727 0.155273
0 0.583984 0.131836 0.573242 0.131836 0.571289 0.124023 0.571289 0.116211 0.578125 0.104492 0.586914 0.102539 0.59375 0.103516 0.59668 0.112305 0.591797 0.117188 0.595703 0.121094 0.600586 0.115234 0.604492 0.106445 0.602539 0.101562 0.606445 0.0976562 0.611328 0.0947266 0.615234 0.0986328 0.614258 0.106445 0.614258 0.114258 0.613281 0.124023 0.608398 0.12793 0.603516 0.130859 0.597656 0.130859 0.592773 0.131836 0.587891 0.133789
0 0.560547 0.0556641 0.553711 0.0527344 0.553711 0.0419922 0.555664 0.0361328 0.566406 0.0302734 0.575195 0.0302734 0.582031 0.03125 0.583008 0.0400391 0.587891 0.0380859 0.591797 0.0410156 0.592773 0.0458984 0.585938 0.0527344 0.584961 0.0585938 0.578125 0.0605469 0.574219 0.0634766 0.567383 0.0644531
0 0.550781 0.0146484 0.543945 0.0117188 0.537109 0.00585938 0.537109 0 0.541992 0 0.555664 0 0.55957 0 0.55957 0 0.572266 0 0.579102 0.00195312 0.582031 0.0107422 0.576172 0.0146484 0.568359 0.0146484 0.571289 0.0175781 0.572266 0.0234375 0.567383 0.0244141 0.563477 0.0283203 0.558594 0.0302734 0.553711 0.0302734 0.548828 0.0283203 0.546875 0.0234375 0.550781 0.0205078 0.555664 0.0195312
0 0.594727 0.0888672 0.583984 0.0898438 0.586914 0.0810547 0.589844 0.0771484 0.594727 0.0800781
0 0.613281 0.0898438 0.602539 0.0957031 0.59668 0.0898438 0.599609 0.0830078 0.607422 0.0820312 0.608398 0.0751953 0.614258 0.0732422 0.620117 0.0732422 0.62207 0.0791016 0.62207 0.0839844 0.618164 0.0878906
0 0.625977 0.0673828 0.620117 0.0576172 0.624023 0.0488281 0.621094 0.0439453 0.625977 0.0410156 0.631836 0.0390625 0.636719 0.0380859 0.641602 0.0390625 0.648438 0.0419922 0.651367 0.0488281 0.648438 0.0605469 0.648438 0.0693359 0.645508 0.0732422 0.640625 0.0751953 0.635742 0.0751953 0.630859 0.0732422
0 0.651367 0.0712891 0.649414 0.0634766 0.654297 0.0585938 0.65918 0.0576172 0.665039 0.0576172 0.667969 0.0634766 0.667969 0.0693359 0.665039 0.0751953 0.658203 0.0761719
0 0.673828 0.0175781 0.665039 0.0205078 0.661133 0.0146484 0.660156 0.00878906 0.657227 0.00390625 0.654297 0 0.677734 0 0.682617 0.00585938 0.685547 0.0107422 0.681641 0.015625
0 0.673828 0.0185547 0.668945 0.0244141 0.671875 0.03125 0.676758 0.03125 0.681641 0.0341797 0.6875 0.0332031 0.689453 0.0253906 0.695312 0.0185547 0.694336 0.0136719 0.69043 0.00585938 0.683594 0.00585938 0.679688 0.00976562 0.678711 0.0146484 0.677734 0.015625
0 0.701172 0.0527344 0.693359 0.0517578 0.692383 0.0439453 0.689453 0.0390625 0.692383 0.0332031 0.694336 0.0273438 0.699219 0.0253906 0.703125 0.0283203 0.708008 0.0302734 0.714844 0.0332031 0.71582 0.0390625 0.71582 0.0449219 0.714844 0.0507812 0.708984 0.0546875
0 0.697266 0.0253906 0.691406 0.0244141 0.689453 0.0185547 0.691406 0.0126953 0.692383 0.00488281 0.695312 0 0.701172 0 0.71875 0.00390625 0.713867 0.0146484 0.711914 0.0205078 0.706055 0.0292969 0.701172 0.0302734
0 0.714844 0.0351562 0.709961 0.0322266 0.709961 0.0253906 0.714844 0.0166016 0.722656 0.0166016 0.727539 0.0205078 0.728516 0.0273438 0.724609 0.0371094 0.719727 0.0380859
0 0.733398 0.0371094 0.724609 0.0380859 0.728516 0.0292969 0.728516 0.0234375 0.731445 0.015625 0.734375 0.0107422 0.739258 0.00976562 0.744141 0.0107422 0.745117 0.0205078 0.745117 0.0273438 0.743164 0.0341797 0.738281 0.0400391
0 0.712891 0.0644531 0.708008 0.0595703 0.706055 0.0537109 0.712891 0.0488281 0.717773 0.0488281 0.723633 0.0546875 0.724609 0.0605469 0.722656 0.0654297
0 0.692383 0.0664062 0.682617 0.0664062 0.677734 0.0683594 0.674805 0.0634766 0.681641 0.0576172 0.683594 0.0498047 0.688477 0.0429688 0.694336 0.0458984 0.698242 0.0498047 0.703125 0.0527344 0.703125 0.0576172 0.700195 0.0634766
0 0.744141 0.0654297 0.735352 0.0693359 0.731445 0.0615234 0.731445 0.0546875 0.738281 0.0478516 0.743164 0.0478516 0.748047 0.0488281 0.75 0.0566406 0.75 0.0615234
0 0.736328 0.0722656 0.728516 0.0683594 0.71875 0.0722656 0.713867 0.0751953 0.714844 0.0839844 0.719727 0.0878906 0.724609 0.0898438 0.739258 0.0927734 0.749023 0.0908203 0.751953 0.0849609 0.758789 0.0732422 0.758789 0.0673828 0.754883 0.0634766 0.749023 0.0634766 0.742188 0.0664062
0 0.705078 0.0908203 0.698242 0.0888672 0.696289 0.0820312 0.705078 0.0761719 0.709961 0.0771484 0.712891 0.0839844 0.710938 0.0888672
0 0.713867 0.12207 0.707031 0.117188 0.708984 0.105469 0.714844 0.100586 0.723633 0.0986328 0.729492 0.104492 0.735352 0.114258 0.735352 0.119141 0.728516 0.125 0.722656 0.126953 0.722656 0.132812 0.719727 0.139648 0.71875 0.144531 0.713867 0.145508 0.708984 0.136719 0.706055 0.132812
0 0.758789 0.141602 0.751953 0.141602 0.746094 0.138672 0.744141 0.130859 0.75293 0.12793 0.756836 0.123047 0.760742 0.115234 0.764648 0.110352 0.772461 0.108398 0.78125 0.111328 0.782227 0.118164 0.782227 0.126953 0.776367 0.132812 0.769531 0.137695
0 0.762695 0.111328 0.756836 0.106445 0.751953 0.102539 0.750977 0.0947266 0.751953 0.0888672 0.758789 0.0878906 0.767578 0.09375 0.774414 0.0957031 0.780273 0.101562 0.774414 0.111328 0.768555 0.112305
0 0.753906 0.130859 0.749023 0.134766 0.745117 0.130859 0.746094 0.125 0.745117 0.118164 0.742188 0.113281 0.74707 0.110352 0.753906 0.112305 0.756836 0.120117 0.758789 0.12793
0 0.767578 0.141602 0.759766 0.143555 0.758789 0.148438 0.760742 0.15332 0.767578 0.152344 0.771484 0.15625 0.775391 0.151367 0.779297 0.141602 0.779297 0.134766 0.776367 0.129883 0.769531 0.130859 0.766602 0.135742
0 0.787109 0.137695 0.78125 0.139648 0.777344 0.135742 0.776367 0.130859 0.779297 0.121094 0.782227 0.117188 0.787109 0.115234 0.791992 0.117188 0.791992 0.124023 0.794922 0.12793 0.791992 0.133789
0 0.772461 0.240234 0.765625 0.242188 0.760742 0.239258 0.758789 0.233398 0.765625 0.230469 0.769531 0.227539 0.770508 0.222656 0.775391 0.214844 0.78125 0.214844 0.785156 0.217773 0.782227 0.22168 0.782227 0.228516 0.777344 0.230469
0 0.782227 0.241211 0.775391 0.243164 0.771484 0.239258 0.771484 0.229492 0.780273 0.227539 0.78125 0.222656 0.78418 0.217773 0.789062 0.217773 0.791992 0.22168 0.793945 0.229492 0.791016 0.235352 0.788086 0.239258
0 0.762695 0.232422 0.755859 0.228516 0.759766 0.219727 0.758789 0.214844 0.765625 0.213867 0.767578 0.219727 0.769531 0.225586 0.767578 0.230469
0 0.795898 0.246094 0.789062 0.242188 0.78418 0.238281 0.787109 0.232422 0.794922 0.229492 0.795898 0.220703 0.799805 0.217773 0.808594 0.217773 0.8125 0.22168 0.813477 0.229492 0.80957 0.235352 0.800781 0.244141
0 0.8125 0.322266 0.806641 0.320312 0.802734 0.316406 0.801758 0.310547 0.806641 0.303711 0.81543 0.302734 0.821289 0.306641 0.825195 0.31543 0.821289 0.322266
0 0.808594 0.322266 0.801758 0.320312 0.794922 0.322266 0.791016 0.326172 0.789062 0.331055 0.791016 0.337891 0.794922 0.342773 0.799805 0.341797 0.804688 0.342773 0.811523 0.342773 0.818359 0.337891 0.821289 0.333008 0.821289 0.328125 0.817383 0.325195
1 0.833984 0.0654297 0.824219 0.0625 0.818359 0.0576172 0.814453 0.0488281 0.814453 0.0429688 0.821289 0.0429688 0.823242 0.0361328 0.822266 0.0253906 0.825195 0.015625 0.831055 0.00585938 0.845703 0 0.853516 0.00292969 0.858398 0.00976562 0.858398 0.0146484 0.861328 0.0185547 0.865234 0.0244141 0.861328 0.0361328 0.861328 0.0527344 0.866211 0.0556641 0.869141 0.0595703 0.870117 0.0644531 0.863281 0.0673828 0.857422 0.0673828 0.852539 0.0644531 0.847656 0.0644531 0.837891 0.0625
1 0.837891 0.0751953 0.833008 0.0800781 0.826172 0.0839844 0.825195 0.0898438 0.822266 0.0957031 0.817383 0.0996094 0.816406 0.104492 0.818359 0.110352 0.822266 0.113281 0.830078 0.120117 0.833008 0.124023 0.836914 0.12793 0.844727 0.12793 0.84668 0.118164 0.850586 0.106445 0.849609 0.0996094 0.844727 0.0976562 0.851562 0.0859375 0.848633 0.0810547 0.84375 0.0791016
0 0.849609 0.0673828 0.851562 0.0751953 0.850586 0.0820312 0.844727 0.0830078 0.839844 0.0820312 0.835938 0.078125 0.836914 0.0732422 0.837891 0.0644531 0.841797 0.0605469
0 0.858398 0.115234 0.84668 0.114258 0.84668 0.107422 0.855469 0.102539 0.856445 0.0917969 0.861328 0.0888672 0.868164 0.0927734 0.870117 0.0976562 0.87207 0.103516 0.869141 0.108398 0.863281 0.114258
0 0.865234 0.12793 0.858398 0.125977 0.856445 0.120117 0.860352 0.112305 0.870117 0.102539 0.875977 0.105469 0.87793 0.112305 0.874023 0.121094 0.869141 0.124023
0 0.851562 0.164062 0.84082 0.163086 0.839844 0.157227 0.835938 0.15332 0.835938 0.146484 0.841797 0.139648 0.84668 0.139648 0.863281 0.139648 0.865234 0.145508 0.865234 0.151367 0.862305 0.15625 0.858398 0.160156
0 0.875 0.101562 0.871094 0.0927734 0.865234 0.0908203 0.863281 0.0820312 0.866211 0.0751953 0.87207 0.0751953 0.878906 0.0771484 0.882812 0.0859375 0.882812 0.0927734 0.880859 0.100586
0 0.897461 0.105469 0.886719 0.112305 0.890625 0.121094 0.890625 0.126953 0.887695 0.130859 0.892578 0.131836 0.899414 0.126953 0.905273 0.12793 0.910156 0.12793 0.914062 0.124023 0.918945 0.120117 0.920898 0.115234 0.920898 0.104492 0.915039 0.0986328 0.908203 0.0947266 0.897461 0.0996094
0 0.950195 0.0576172 0.939453 0.0576172 0.929688 0.0527344 0.921875 0.0517578 0.916016 0.046875 0.918945 0.0410156 0.929688 0.0458984 0.93457 0.0400391 0.943359 0.0390625 0.951172 0.0429688
0 0.93457 0.0234375 0.935547 0.0175781 0.932617 0.0136719 0.936523 0.00683594 0.938477 0 0.943359 0 0.953125 0.00292969 0.953125 0.0117188 0.951172 0.0214844 0.945312 0.0263672
0 0.964844 0.015625 0.957031 0.0166016 0.954102 0.0126953 0.962891 0.00488281 0.964844 0 0.970703 0 0.985352 0 0.992188 0.00488281 0.995117 0.0146484 0.994141 0.0205078 0.992188 0.0253906 0.986328 0.0253906 0.981445 0.0283203 0.976562 0.0292969 0.972656 0.0253906 0.967773 0.0253906 0.962891 0.0224609
0 0.991211 0.0322266 0.979492 0.0332031 0.981445 0.0380859 0.987305 0.0458984 0.996094 0.0507812 1 0.046875 1 0.0292969
0 0.961914 0.0615234 0.951172 0.0615234 0.951172 0.0683594 0.948242 0.0742188 0.954102 0.0800781 0.963867 0.0888672 0.970703 0.0859375 0.974609 0.0820312 0.97168 0.078125 0.967773 0.0654297
0 0.974609 0.0888672 0.96582 0.0849609 0.961914 0.0957031 0.96875 0.0996094 0.969727 0.104492 0.977539 0.108398 0.982422 0.107422 0.987305 0.111328 0.992188 0.113281 0.994141 0.108398 0.991211 0.0996094 0.990234 0.0908203 0.984375 0.0800781 0.979492 0.0820312
0 0.905273 0.145508 0.898438 0.141602 0.893555 0.138672 0.892578 0.133789 0.898438 0.129883 0.907227 0.126953 0.915039 0.12207 0.919922 0.123047 0.921875 0.12793 0.912109 0.132812 0.90918 0.137695
0 0.973633 0.185547 0.967773 0.180664 0.975586 0.175781 0.97168 0.170898 0.975586 0.166016 0.982422 0.166016 0.988281 0.166016 0.991211 0.171875 0.991211 0.179688 0.991211 0.19043 0.990234 0.195312 0.981445 0.200195 0.97168 0.200195 0.96875 0.196289 0.969727 0.19043
0 1 0.1875 0.993164 0.188477 0.990234 0.182617 0.991211 0.177734 0.992188 0.166016 0.994141 0.160156 0.999023 0.158203
0 0.933594 0.196289 0.927734 0.193359 0.924805 0.186523 0.921875 0.173828 0.928711 0.167969 0.93457 0.167969 0.941406 0.168945 0.946289 0.174805 0.946289 0.182617 0.945312 0.1875 0.941406 0.193359
0 0.84668 0.210938 0.837891 0.211914 0.832031 0.206055 0.835938 0.197266 0.841797 0.194336 0.844727 0.1875 0.852539 0.188477 0.858398 0.1875 0.863281 0.189453 0.867188 0.193359 0.863281 0.202148 0.857422 0.205078 0.852539 0.208984
0 0.821289 0.206055 0.816406 0.203125 0.813477 0.197266 0.814453 0.188477 0.814453 0.181641 0.81543 0.171875 0.824219 0.177734 0.827148 0.186523 0.829102 0.191406 0.829102 0.201172
0 0.862305 0.21875 0.856445 0.214844 0.849609 0.219727 0.845703 0.223633 0.841797 0.227539 0.844727 0.232422 0.849609 0.233398 0.853516 0.237305 0.861328 0.230469 0.866211 0.224609
0 0.87207 0.22168 0.863281 0.227539 0.863281 0.232422 0.865234 0.246094 0.870117 0.254883 0.875977 0.253906 0.878906 0.245117 0.879883 0.240234 0.884766 0.230469 0.887695 0.223633 0.882812 0.22168
0 0.9375 0.234375 0.929688 0.232422 0.93457 0.224609 0.939453 0.22168 0.944336 0.219727 0.950195 0.222656 0.954102 0.229492 0.952148 0.237305 0.948242 0.241211 0.94043 0.243164 0.93457 0.241211 0.931641 0.237305
0 0.985352 0.240234 0.977539 0.234375 0.981445 0.225586 0.989258 0.219727 0.993164 0.222656 1 0.220703 1 0.242188 0.992188 0.241211
0 0.90625 0.291992 0.915039 0.285156 0.920898 0.285156 0.925781 0.287109 0.928711 0.291016 0.929688 0.298828 0.922852 0.302734 0.917969 0.302734 0.912109 0.299805
0 0.875 0.321289 0.880859 0.316406 0.884766 0.3125 0.888672 0.314453 0.891602 0.319336 0.891602 0.324219 0.888672 0.329102 0.881836 0.336914 0.873047 0.335938 0.871094 0.331055
0 0.858398 0.356445 0.848633 0.357422 0.844727 0.351562 0.841797 0.34375 0.847656 0.336914 0.854492 0.335938 0.865234 0.337891 0.868164 0.341797 0.871094 0.34668 0.869141 0.352539 0.865234 0.355469
0 0.84375 0.356445 0.835938 0.357422 0.833008 0.351562 0.829102 0.34668 0.828125 0.338867 0.833984 0.330078 0.837891 0.338867 0.839844 0.344727 0.842773 0.348633
0 0.845703 0.338867 0.838867 0.34375 0.835938 0.338867 0.835938 0.333008 0.84082 0.320312 0.84668 0.320312 0.852539 0.321289 0.853516 0.327148 0.852539 0.333008
0 0.863281 0.338867 0.854492 0.336914 0.849609 0.330078 0.852539 0.323242 0.861328 0.318359 0.867188 0.321289 0.87207 0.326172 0.873047 0.333008 0.876953 0.336914 0.87793 0.345703 0.874023 0.349609 0.869141 0.347656
0 0.889648 0.354492 0.879883 0.358398 0.881836 0.369141 0.888672 0.371094 0.893555 0.369141 0.895508 0.364258 0.895508 0.358398
0 0.80957 0.412109 0.803711 0.414062 0.799805 0.410156 0.801758 0.404297 0.807617 0.40332
0 0.805664 0.404297 0.798828 0.405273 0.798828 0.398438 0.803711 0.395508 0.808594 0.396484
0 0.863281 0.439453 0.870117 0.426758 0.873047 0.422852 0.875977 0.415039 0.882812 0.415039 0.887695 0.416992 0.890625 0.413086 0.893555 0.40918 0.900391 0.40918 0.902344 0.414062 0.902344 0.418945 0.895508 0.430664 0.891602 0.439453 0.886719 0.445312 0.879883 0.446289 0.875 0.443359 0.868164 0.444336
0 0.867188 0.431641 0.858398 0.433594 0.854492 0.430664 0.856445 0.423828 0.861328 0.418945 0.863281 0.413086 0.867188 0.410156 0.873047 0.411133 0.875 0.419922 0.87207 0.426758
0 0.898438 0.435547 0.894531 0.427734 0.895508 0.418945 0.899414 0.414062 0.902344 0.410156 0.90625 0.401367 0.911133 0.398438 0.915039 0.404297 0.915039 0.418945 0.916016 0.423828 0.914062 0.43457 0.90918 0.439453 0.902344 0.439453
0 0.899414 0.441406 0.885742 0.452148 0.898438 0.460938 0.901367 0.455078 0.907227 0.456055 0.911133 0.453125 0.914062 0.447266 0.911133 0.438477 0.904297 0.435547
0 0.873047 0.475586 0.865234 0.47168 0.864258 0.462891 0.867188 0.455078 0.867188 0.450195 0.87207 0.451172 0.875 0.456055 0.878906 0.459961 0.881836 0.467773 0.883789 0.480469 0.879883 0.483398 0.875977 0.479492
0 0.884766 0.466797 0.881836 0.459961 0.881836 0.454102 0.886719 0.453125 0.896484 0.457031 0.898438 0.464844 0.896484 0.469727 0.894531 0.474609 0.889648 0.476562 0.884766 0.475586 0.879883 0.47168
0 0.854492 0.459961 0.84668 0.457031 0.84668 0.446289 0.852539 0.447266 0.857422 0.448242 0.860352 0.453125
0 0.857422 0.450195 0.851562 0.445312 0.853516 0.44043 0.858398 0.435547 0.863281 0.435547 0.864258 0.442383 0.863281 0.447266
0 0.894531 0.52832 0.886719 0.523438 0.890625 0.517578 0.895508 0.515625 0.897461 0.509766 0.900391 0.504883 0.90625 0.505859 0.910156 0.509766 0.914062 0.513672 0.916016 0.521484 0.90918 0.524414 0.904297 0.524414 0.900391 0.523438
0 0.904297 0.583984 0.897461 0.588867 0.892578 0.588867 0.885742 0.585938 0.885742 0.580078 0.890625 0.572266 0.897461 0.573242 0.901367 0.569336 0.910156 0.568359 0.915039 0.580078 0.910156 0.583008
0 0.920898 0.572266 0.911133 0.574219 0.910156 0.579102 0.908203 0.59375 0.912109 0.59668 0.916992 0.597656 0.921875 0.59375 0.928711 0.59082 0.93457 0.591797 0.947266 0.591797 0.952148 0.588867 0.954102 0.582031 0.952148 0.575195 0.948242 0.569336 0.941406 0.570312 0.9375 0.572266 0.935547 0.579102 0.929688 0.583008 0.924805 0.580078
0 0.963867 0.555664 0.955078 0.558594 0.951172 0.554688 0.949219 0.548828 0.953125 0.542969 0.957031 0.540039 0.966797 0.541992 0.97168 0.541992 0.977539 0.546875 0.972656 0.554688
0 0.966797 0.567383 0.957031 0.567383 0.954102 0.572266 0.951172 0.577148 0.957031 0.583984 0.961914 0.586914 0.967773 0.586914 0.972656 0.587891 0.977539 0.584961 0.976562 0.578125 0.97168 0.567383
0 0.992188 0.558594 0.987305 0.567383 0.980469 0.570312 0.979492 0.578125 0.980469 0.583008 0.983398 0.587891 0.987305 0.59082 0.993164 0.59082 1 0.588867 1 0.571289 1 0.545898 0.989258 0.545898 0.986328 0.548828 0.984375 0.555664 0.984375 0.555664
0 0.972656 0.605469 0.964844 0.607422 0.960938 0.602539 0.957031 0.597656 0.962891 0.591797 0.974609 0.585938 0.978516 0.588867 0.980469 0.59375 0.978516 0.599609
0 0.998047 0.59082 0.991211 0.585938 0.986328 0.59082 0.981445 0.59375 0.977539 0.59668 0.978516 0.601562 0.983398 0.602539 0.992188 0.605469 0.998047 0.605469 1 0.603516
0 0.958984 0.650391 0.954102 0.645508 0.950195 0.640625 0.956055 0.630859 0.96582 0.62793 0.969727 0.635742 0.973633 0.639648 0.973633 0.644531 0.969727 0.648438 0.964844 0.647461
0 0.994141 0.719727 0.984375 0.724609 0.979492 0.71875 0.976562 0.713867 0.976562 0.703125 0.985352 0.705078 0.990234 0.704102 0.995117 0.699219 1 0.700195 0.999023 0.728516
0 0.992188 0.722656 0.987305 0.726562 0.987305 0.731445 0.984375 0.736328 0.977539 0.739258 0.979492 0.744141 0.987305 0.741211 0.990234 0.746094 0.994141 0.749023 0.999023 0.750977 1 0.728516 1 0.728516
0 0.999023 0.987305 0.995117 0.980469 0.99707 0.973633 1 0.972656
